0 0.44930555555555557 0.9209876543209876 0.0625 0.16296296296296298
0 0.4597222222222222 0.691358024691358 0.058333333333333334 0.21728395061728395
1 0.11458333333333333 0.9111111111111111 0.12361111111111112 0.1728395061728395
1 0.4395833333333333 0.2037037037037037 0.08194444444444444 0.12098765432098765
1 0.3625 0.7851851851851852 0.10277777777777777 0.2074074074074074
1 0.15763888888888888 0.23333333333333334 0.059722222222222225 0.08641975308641975
1 0.32430555555555557 0.40617283950617283 0.05416666666666667 0.08148148148148149
1 0.22291666666666668 0.4777777777777778 0.06805555555555555 0.1111111111111111
1 0.2263888888888889 0.9469135802469136 0.06388888888888888 0.10123456790123457
3 0.9305555555555556 0.1814814814814815 0.10555555555555556 0.12098765432098765
3 0.22569444444444445 0.6753086419753086 0.07083333333333333 0.1308641975308642
3 0.13680555555555557 0.43580246913580245 0.0763888888888889 0.10617283950617284
0 0.5597222222222222 0.9358024691358025 0.10555555555555556 0.13333333333333333