0 0.6729166666666667 0.5876543209876544 0.12916666666666668 0.11851851851851852
0 0.3701388888888889 0.7469135802469136 0.14027777777777778 0.1111111111111111
1 0.20347222222222222 0.07407407407407407 0.10972222222222222 0.14320987654320988
1 0.7208333333333333 0.08271604938271605 0.1388888888888889 0.16049382716049382
1 0.8805555555555555 0.24320987654320989 0.07777777777777778 0.1308641975308642
1 0.1388888888888889 0.19012345679012346 0.10277777777777777 0.16790123456790124
1 0.8041666666666667 0.18024691358024691 0.11944444444444445 0.2074074074074074
1 0.04583333333333333 0.5395061728395062 0.08888888888888889 0.2938271604938272
1 0.03611111111111111 0.25925925925925924 0.06944444444444445 0.24691358024691357
1 0.16458333333333333 0.41975308641975306 0.06527777777777778 0.14320987654320988
0 0.4097222222222222 0.8740740740740741 0.18333333333333332 0.18765432098765433
0 0.5541666666666667 0.9024691358024691 0.14722222222222223 0.1111111111111111