0 0.12421875 0.5861111111111111 0.11197916666666667 0.12222222222222222
1 0.17890625 0.8185185185185185 0.050520833333333334 0.08333333333333333
1 0.62578125 0.9263888888888889 0.049479166666666664 0.08425925925925926
1 0.10885416666666667 0.8671296296296296 0.05 0.08796296296296297
1 0.0421875 0.20462962962962963 0.046875 0.06481481481481481
1 0.39947916666666666 0.39537037037037037 0.03958333333333333 0.07962962962962963
1 0.76796875 0.825925925925926 0.04010416666666667 0.05925925925925926
1 0.8658854166666666 0.937037037037037 0.03697916666666667 0.05925925925925926
1 0.6859375 0.9337962962962963 0.040625 0.06944444444444445
1 0.22473958333333333 0.3861111111111111 0.0328125 0.053703703703703705
3 0.384375 0.8564814814814815 0.053125 0.07407407407407407
3 0.428125 0.7981481481481482 0.04895833333333333 0.07222222222222222
3 0.3463541666666667 0.5208333333333334 0.06875 0.08796296296296297