0 0.6489583333333333 0.2037037037037037 0.06770833333333333 0.08888888888888889
1 0.6825520833333333 0.4930555555555556 0.10885416666666667 0.16944444444444445
3 0.05546875 0.36944444444444446 0.1109375 0.19444444444444445
3 0.7684895833333333 0.2986111111111111 0.09635416666666667 0.1175925925925926
3 0.11041666666666666 0.15231481481481482 0.11458333333333333 0.15648148148148147
3 0.7700520833333333 0.5722222222222222 0.0828125 0.1259259259259259
3 0.7578125 0.44027777777777777 0.08541666666666667 0.10462962962962963
3 0.7606770833333333 0.17592592592592593 0.0546875 0.07222222222222222
3 0.8138020833333334 0.1310185185185185 0.0609375 0.08981481481481482
3 0.5716145833333334 0.05648148148148148 0.05260416666666667 0.08518518518518518
3 0.6104166666666667 0.11712962962962963 0.06354166666666666 0.10092592592592593
3 0.9127604166666666 0.22037037037037038 0.09427083333333333 0.1037037037037037
3 0.4166666666666667 0.05092592592592592 0.052083333333333336 0.08703703703703704
3 0.35598958333333336 0.8078703703703703 0.0609375 0.10648148148148148
3 0.6213541666666667 0.24583333333333332 0.05 0.06388888888888888
3 0.8513020833333333 0.35324074074074074 0.15260416666666668 0.1712962962962963
3 0.31588541666666664 0.586574074074074 0.06302083333333333 0.11388888888888889
3 0.465625 0.19537037037037036 0.057291666666666664 0.10740740740740741
3 0.032552083333333336 0.06527777777777778 0.06510416666666667 0.11388888888888889