0 0.65703125 0.3798611111111111 0.0734375 0.2300925925925926
0 0.8375 0.15208333333333332 0.05364583333333333 0.09953703703703703
1 0.7485677083333333 0.4710648148148148 0.07369791666666667 0.12268518518518519
1 0.05572916666666667 0.9046296296296297 0.0609375 0.10740740740740741
1 0.24309895833333334 0.4648148148148148 0.06067708333333333 0.09444444444444444
1 0.35598958333333336 0.7692129629629629 0.06822916666666666 0.12546296296296297
1 0.3483072916666667 0.6608796296296297 0.06692708333333333 0.0912037037037037
1 0.5393229166666667 0.09467592592592593 0.052083333333333336 0.09953703703703703
1 0.47408854166666664 0.5650462962962963 0.06588541666666667 0.12175925925925926
1 0.41067708333333336 0.6587962962962963 0.058333333333333334 0.1
3 0.6341145833333334 0.0587962962962963 0.036458333333333336 0.05740740740740741