1 0.6955729166666667 0.6148148148148148 0.06510416666666667 0.09444444444444444
1 0.5466145833333333 0.29444444444444445 0.044270833333333336 0.07962962962962963
1 0.9658854166666667 0.7583333333333333 0.0671875 0.13333333333333333
1 0.7333333333333333 0.42592592592592593 0.05 0.07777777777777778
1 0.9739583333333334 0.29768518518518516 0.05 0.10833333333333334
1 0.7627604166666667 0.28055555555555556 0.03802083333333333 0.06296296296296296
1 0.38255208333333335 0.44583333333333336 0.033854166666666664 0.058333333333333334
1 0.43515625 0.9175925925925926 0.044270833333333336 0.08333333333333333
1 0.42239583333333336 0.42962962962962964 0.035416666666666666 0.06296296296296296
1 0.9752604166666666 0.1865740740740741 0.04635416666666667 0.06759259259259259
1 0.04348958333333333 0.774074074074074 0.0390625 0.07962962962962963
1 0.10677083333333333 0.6699074074074074 0.035416666666666666 0.058333333333333334
1 0.15338541666666666 0.9032407407407408 0.05260416666666667 0.0824074074074074
3 0.3763020833333333 0.9453703703703704 0.0890625 0.10740740740740741
3 0.6377604166666667 0.899537037037037 0.07864583333333333 0.12129629629629629