0 0.9277777777777778 0.43950617283950616 0.14166666666666666 0.09876543209876543
0 0.5472222222222223 0.519753086419753 0.14444444444444443 0.1308641975308642
0 0.40069444444444446 0.9234567901234568 0.07361111111111111 0.11851851851851852
1 0.925 0.7222222222222222 0.08888888888888889 0.11604938271604938
1 0.7576388888888889 0.3160493827160494 0.07083333333333333 0.09876543209876543
1 0.09722222222222222 0.5938271604938271 0.04722222222222222 0.07160493827160494
1 0.9118055555555555 0.6049382716049383 0.07916666666666666 0.09876543209876543
1 0.7902777777777777 0.24814814814814815 0.044444444444444446 0.07654320987654321
1 0.20694444444444443 0.3765432098765432 0.03888888888888889 0.06172839506172839
1 0.42291666666666666 0.42592592592592593 0.043055555555555555 0.06172839506172839
1 0.20069444444444445 0.30246913580246915 0.0375 0.056790123456790124
1 0.3541666666666667 0.41358024691358025 0.03611111111111111 0.06172839506172839
2 0.80625 0.837037037037037 0.08472222222222223 0.13333333333333333
2 0.7736111111111111 0.654320987654321 0.05277777777777778 0.0691358024691358
2 0.9180555555555555 0.9222222222222223 0.11944444444444445 0.1506172839506173
2 0.15347222222222223 0.9419753086419753 0.04861111111111111 0.07654320987654321
3 0.5527777777777778 0.8012345679012346 0.09444444444444444 0.1506172839506173
3 0.8715277777777778 0.29012345679012347 0.07361111111111111 0.08641975308641975