1 0.7338541666666667 0.5268518518518519 0.052083333333333336 0.08148148148148149
1 0.4197916666666667 0.5388888888888889 0.052083333333333336 0.08148148148148149
1 0.8015625 0.575925925925926 0.059375 0.09074074074074075
1 0.17447916666666666 0.5518518518518518 0.04479166666666667 0.07407407407407407
1 0.07005208333333333 0.4097222222222222 0.0578125 0.08796296296296297
1 0.5270833333333333 0.4773148148148148 0.05 0.10092592592592593
1 0.7411458333333333 0.4361111111111111 0.040625 0.06111111111111111
3 0.7671875 0.6393518518518518 0.08854166666666667 0.10277777777777777
3 0.2526041666666667 0.6916666666666667 0.08958333333333333 0.09444444444444444
1 0.6229166666666667 0.38425925925925924 0.040625 0.06111111111111111
1 0.7114583333333333 0.3453703703703704 0.040625 0.06111111111111111