0 0.048046875 0.9298611111111111 0.09401041666666667 0.11898148148148148
1 0.81640625 0.20462962962962963 0.029166666666666667 0.046296296296296294
1 0.116796875 0.3662037037037037 0.04244791666666667 0.06018518518518518
1 0.05859375 0.17152777777777778 0.040625 0.05324074074074074
1 0.5115885416666667 0.2831018518518518 0.026302083333333334 0.04398148148148148
1 0.9606770833333333 0.36342592592592593 0.035416666666666666 0.053703703703703705
1 0.8169270833333333 0.26967592592592593 0.028645833333333332 0.04675925925925926
1 0.300390625 0.33194444444444443 0.04140625 0.058333333333333334
1 0.695703125 0.2474537037037037 0.027864583333333335 0.04675925925925926
1 0.24466145833333333 0.1474537037037037 0.032552083333333336 0.04027777777777778
1 0.5498697916666667 0.1699074074074074 0.028385416666666666 0.04351851851851852
1 0.6278645833333333 0.24699074074074073 0.026041666666666668 0.04398148148148148
1 0.9411458333333333 0.4273148148148148 0.034375 0.05277777777777778
1 0.034505208333333336 0.6993055555555555 0.05234375 0.07453703703703704
1 0.3751302083333333 0.11851851851851852 0.026822916666666665 0.040740740740740744
1 0.7268229166666667 0.29467592592592595 0.029166666666666667 0.052314814814814814
1 0.2755208333333333 0.4048611111111111 0.033854166666666664 0.05138888888888889
1 0.6282552083333334 0.1738425925925926 0.023177083333333334 0.04027777777777778
1 0.8276041666666667 0.4928240740740741 0.0328125 0.05138888888888889
1 0.7795572916666667 0.09050925925925926 0.03046875 0.04583333333333333
1 0.28515625 0.11944444444444445 0.024479166666666666 0.03888888888888889
1 0.45026041666666666 0.11967592592592592 0.021354166666666667 0.03935185185185185
1 0.801171875 0.13518518518518519 0.022135416666666668 0.037037037037037035
3 0.34609375 0.39699074074074076 0.040625 0.05416666666666667
3 0.7936197916666666 0.4275462962962963 0.03046875 0.08194444444444444
1 0.615234375 0.04722222222222222 0.028385416666666666 0.04351851851851852
1 0.5751302083333333 0.07407407407407407 0.028385416666666666 0.04351851851851852
1 0.7342447916666667 0.13796296296296295 0.028385416666666666 0.04351851851851852