1 0.9580729166666667 0.9416666666666667 0.08177083333333333 0.10925925925925926
1 0.7395833333333334 0.7865740740740741 0.057291666666666664 0.09166666666666666
1 0.17838541666666666 0.2439814814814815 0.0390625 0.06759259259259259
1 0.89765625 0.22453703703703703 0.0609375 0.08055555555555556
1 0.909375 0.10833333333333334 0.05520833333333333 0.08888888888888889
1 0.1578125 0.6018518518518519 0.04895833333333333 0.08703703703703704
1 0.6822916666666666 0.8069444444444445 0.065625 0.11388888888888889
1 0.08619791666666667 0.3106481481481482 0.0484375 0.0712962962962963
1 0.1453125 0.2986111111111111 0.036458333333333336 0.06574074074074074
3 0.7510416666666667 0.8629629629629629 0.08125 0.1037037037037037
3 0.7302083333333333 0.35462962962962963 0.08541666666666667 0.13703703703703704
1 0.14401041666666667 0.22175925925925927 0.0390625 0.06759259259259259
1 0.49140625 0.06342592592592593 0.0390625 0.06759259259259259
1 0.5200520833333333 0.05694444444444444 0.0390625 0.06759259259259259
0 0.428125 0.44212962962962965 0.08541666666666667 0.1398148148148148