1 0.4791666666666667 0.2419753086419753 0.058333333333333334 0.08888888888888889
1 0.29444444444444445 0.1345679012345679 0.05555555555555555 0.0962962962962963
1 0.6944444444444444 0.2851851851851852 0.041666666666666664 0.07160493827160494
1 0.8819444444444444 0.6654320987654321 0.08333333333333333 0.13580246913580246
1 0.7652777777777777 0.3308641975308642 0.03611111111111111 0.06419753086419754
1 0.8263888888888888 0.5679012345679012 0.06111111111111111 0.09876543209876543
1 0.7527777777777778 0.7246913580246913 0.07222222222222222 0.11604938271604938
3 0.5708333333333333 0.30864197530864196 0.058333333333333334 0.0691358024691358
3 0.5583333333333333 0.24938271604938272 0.06111111111111111 0.09382716049382717
3 0.10694444444444444 0.45185185185185184 0.08055555555555556 0.1037037037037037
3 0.5979166666666667 0.6 0.06527777777777778 0.12345679012345678
3 0.6347222222222222 0.7790123456790123 0.06666666666666667 0.10617283950617284