1 0.4510416666666667 0.5273148148148148 0.04010416666666667 0.05648148148148148
1 0.14765625 0.5511574074074074 0.04739583333333333 0.06898148148148148
1 0.082421875 0.743287037037037 0.04921875 0.0699074074074074
1 0.067578125 0.15601851851851853 0.04453125 0.06574074074074074
1 0.458203125 0.24074074074074073 0.030989583333333334 0.05185185185185185
1 0.63515625 0.4532407407407407 0.03229166666666667 0.05462962962962963
1 0.37018229166666666 0.3090277777777778 0.03567708333333333 0.0587962962962963
1 0.4532552083333333 0.16597222222222222 0.031510416666666666 0.05416666666666667
1 0.15690104166666666 0.15902777777777777 0.03567708333333333 0.056018518518518516
1 0.51015625 0.5974537037037037 0.033854166666666664 0.05324074074074074
1 0.5424479166666667 0.28379629629629627 0.025520833333333333 0.04351851851851852
1 0.5842447916666667 0.42268518518518516 0.029947916666666668 0.05185185185185185
1 0.34010416666666665 0.5372685185185185 0.029166666666666667 0.05416666666666667
1 0.5850260416666667 0.3548611111111111 0.025260416666666667 0.04398148148148148
1 0.6079427083333333 0.2902777777777778 0.02578125 0.046296296296296294
1 0.648828125 0.3398148148148148 0.03046875 0.05092592592592592
1 0.386328125 0.1175925925925926 0.03359375 0.05555555555555555
1 0.5291666666666667 0.425462962962963 0.030208333333333334 0.04722222222222222
1 0.071484375 0.36412037037037037 0.03671875 0.052314814814814814
1 0.5661458333333333 0.18310185185185185 0.028125 0.04861111111111111
1 0.16028645833333333 0.3525462962962963 0.03619791666666667 0.059722222222222225
1 0.190234375 0.9708333333333333 0.04869791666666667 0.05740740740740741
1 0.7701822916666666 0.525 0.029427083333333333 0.049074074074074076
1 0.7919270833333333 0.4048611111111111 0.028645833333333332 0.050462962962962966
1 0.5255208333333333 0.22592592592592592 0.025520833333333333 0.044444444444444446
1 0.832421875 0.4928240740740741 0.023697916666666666 0.03935185185185185
1 0.644140625 0.5879629629629629 0.03463541666666667 0.05648148148148148
1 0.456640625 0.06921296296296296 0.03671875 0.06157407407407407
1 0.59765625 0.2247685185185185 0.021354166666666667 0.04027777777777778
1 0.65390625 0.2523148148148148 0.025520833333333333 0.05
3 0.04140625 0.2604166666666667 0.06666666666666667 0.07361111111111111
1 0.365625 0.5594907407407408 0.029166666666666667 0.05416666666666667
1 0.5498697916666667 0.32430555555555557 0.020572916666666666 0.03009259259259259
1 0.686328125 0.17199074074074075 0.019010416666666665 0.027314814814814816
1 0.7694010416666667 0.24837962962962962 0.019010416666666665 0.027314814814814816
1 0.731640625 0.29375 0.019010416666666665 0.027314814814814816
1 0.8352864583333334 0.4516203703703704 0.019010416666666665 0.027314814814814816
1 0.887109375 0.418287037037037 0.019010416666666665 0.027314814814814816
1 0.8876302083333333 0.4951388888888889 0.019010416666666665 0.027314814814814816
1 0.858984375 0.39791666666666664 0.019010416666666665 0.027314814814814816
1 0.912890625 0.5090277777777777 0.019010416666666665 0.027314814814814816
1 0.7467447916666666 0.17939814814814814 0.019010416666666665 0.027314814814814816
1 0.734765625 0.5506944444444445 0.023697916666666666 0.03935185185185185
1 0.37473958333333335 0.061342592592592594 0.0265625 0.0412037037037037