1 0.35833333333333334 0.5888888888888889 0.06111111111111111 0.08148148148148149
1 0.4111111111111111 0.4604938271604938 0.06111111111111111 0.10617283950617284
1 0.6375 0.2 0.07222222222222222 0.11851851851851852
1 0.5020833333333333 0.23209876543209876 0.06527777777777778 0.10864197530864197
1 0.4236111111111111 0.028395061728395062 0.05277777777777778 0.056790123456790124
1 0.45416666666666666 0.3271604938271605 0.058333333333333334 0.0962962962962963
1 0.6118055555555556 0.3160493827160494 0.06805555555555555 0.11358024691358025
3 0.9125 0.25308641975308643 0.09166666666666666 0.145679012345679
3 0.4875 0.9530864197530864 0.06944444444444445 0.09382716049382717
3 0.8423611111111111 0.5666666666666667 0.07083333333333333 0.10123456790123457
3 0.88125 0.6246913580246913 0.0625 0.08888888888888889