0 0.34375 0.7962962962962963 0.07916666666666666 0.2839506172839506
0 0.5798611111111112 0.2037037037037037 0.08472222222222223 0.07654320987654321
0 0.7243055555555555 0.6567901234567901 0.09027777777777778 0.15308641975308643
0 0.5604166666666667 0.43703703703703706 0.09861111111111111 0.12345679012345678
1 0.4576388888888889 0.9049382716049382 0.11527777777777778 0.18518518518518517
1 0.44722222222222224 0.44320987654320987 0.08888888888888889 0.1506172839506173
1 0.45069444444444445 0.7111111111111111 0.10416666666666667 0.16296296296296298
1 0.6354166666666666 0.6518518518518519 0.08194444444444444 0.1580246913580247
1 0.6465277777777778 0.9506172839506173 0.09861111111111111 0.09382716049382717
1 0.5784722222222223 0.7851851851851852 0.11527777777777778 0.19753086419753085
1 0.42083333333333334 0.28888888888888886 0.06944444444444445 0.11851851851851852
1 0.5284722222222222 0.5370370370370371 0.07083333333333333 0.1111111111111111
3 0.7743055555555556 0.582716049382716 0.10138888888888889 0.15308641975308643
3 0.2 0.42345679012345677 0.06666666666666667 0.09135802469135802
3 0.51875 0.1925925925925926 0.06805555555555555 0.09382716049382717
3 0.6347222222222222 0.21851851851851853 0.06388888888888888 0.09135802469135802
3 0.6708333333333333 0.5567901234567901 0.07777777777777778 0.10617283950617284
3 0.47291666666666665 0.5370370370370371 0.05694444444444444 0.09135802469135802
3 0.1798611111111111 0.6061728395061728 0.059722222222222225 0.08641975308641975