3 0.284765625 0.9472222222222222 0.03046875 0.05
0 0.28671875 0.8407407407407408 0.04479166666666667 0.08425925925925926
0 0.3234375 0.7615740740740741 0.046875 0.05740740740740741
3 0.325390625 0.5902777777777778 0.03984375 0.04722222222222222
3 0.24010416666666667 0.6861111111111111 0.053125 0.06481481481481481
3 0.5022135416666667 0.6983796296296296 0.03411458333333333 0.0625
3 0.6319010416666667 0.46087962962962964 0.032552083333333336 0.050462962962962966
0 0.50859375 0.25300925925925927 0.020833333333333332 0.020833333333333332
1 0.5744791666666667 0.2590277777777778 0.022916666666666665 0.0412037037037037
3 0.5725260416666667 0.04652777777777778 0.03463541666666667 0.06435185185185185
1 0.432421875 0.043055555555555555 0.03567708333333333 0.06018518518518518