1 0.407421875 0.6333333333333333 0.032552083333333336 0.049074074074074076
1 0.16028645833333333 0.7363425925925926 0.03828125 0.056018518518518516
1 0.10885416666666667 0.5247685185185185 0.0265625 0.0412037037037037
1 0.1796875 0.5868055555555556 0.027604166666666666 0.04398148148148148
1 0.15520833333333334 0.5293981481481481 0.025520833333333333 0.03935185185185185
1 0.021484375 0.6789351851851851 0.03984375 0.0763888888888889
1 0.37864583333333335 0.5324074074074074 0.025 0.037037037037037035
1 0.5484375 0.5303240740740741 0.01875 0.03194444444444444
1 0.397265625 0.5018518518518519 0.01953125 0.03148148148148148
1 0.55234375 0.4752314814814815 0.021354166666666667 0.03287037037037037
3 0.097265625 0.8861111111111111 0.07213541666666666 0.0787037037037037
1 0.5712239583333333 0.5263888888888889 0.018489583333333334 0.025
1 0.5631510416666666 0.5069444444444444 0.018489583333333334 0.025
1 0.6053385416666667 0.5324074074074074 0.018489583333333334 0.025
1 0.6759114583333333 0.5569444444444445 0.018489583333333334 0.025
1 0.6240885416666667 0.4449074074074074 0.018489583333333334 0.025
1 0.6563802083333333 0.43495370370370373 0.014322916666666666 0.01990740740740741
1 0.6696614583333333 0.44884259259259257 0.014322916666666666 0.01990740740740741
1 0.6826822916666667 0.40902777777777777 0.014322916666666666 0.01990740740740741
1 0.6319010416666667 0.39189814814814816 0.014322916666666666 0.01990740740740741
1 0.246484375 0.01597222222222222 0.01953125 0.031018518518518518
1 0.295703125 0.01597222222222222 0.01953125 0.031018518518518518
1 0.486328125 0.0875 0.01953125 0.03148148148148148
1 0.491796875 0.48935185185185187 0.01953125 0.03148148148148148