3 0.161328125 0.1050925925925926 0.025260416666666667 0.06296296296296296
3 0.15833333333333333 0.18287037037037038 0.04010416666666667 0.05925925925925926
0 0.17916666666666667 0.2212962962962963 0.028125 0.07314814814814814
3 0.24036458333333333 0.40694444444444444 0.04739583333333333 0.08148148148148149
3 0.3997395833333333 0.021527777777777778 0.050520833333333334 0.04212962962962963
0 0.434375 0.12013888888888889 0.0390625 0.08101851851851852
0 0.47239583333333335 0.0875 0.040625 0.07407407407407407
1 0.46705729166666665 0.29375 0.06484375 0.10972222222222222
3 0.6592447916666667 0.6240740740740741 0.03046875 0.07407407407407407
3 0.6821614583333333 0.8923611111111112 0.05911458333333333 0.09398148148148149
3 0.6584635416666667 0.03009259259259259 0.04453125 0.05648148148148148