0 0.6950520833333333 0.9013888888888889 0.15885416666666666 0.16203703703703703
1 0.2986979166666667 0.3162037037037037 0.05364583333333333 0.08611111111111111
1 0.5966145833333333 0.6425925925925926 0.04114583333333333 0.07037037037037037
1 0.20130208333333333 0.7435185185185185 0.058854166666666666 0.08703703703703704
1 0.3497395833333333 0.14629629629629629 0.0390625 0.06481481481481481
1 0.4515625 0.29259259259259257 0.035416666666666666 0.05740740740740741
1 0.7010416666666667 0.3962962962962963 0.03125 0.05
1 0.6916666666666667 0.3472222222222222 0.028125 0.044444444444444446
1 0.7192708333333333 0.3087962962962963 0.028125 0.041666666666666664
1 0.01953125 0.04212962962962963 0.0390625 0.075
1 0.6794270833333333 0.5222222222222223 0.030729166666666665 0.05
1 0.05416666666666667 0.020833333333333332 0.04895833333333333 0.041666666666666664
1 0.7614583333333333 0.40879629629629627 0.03125 0.04537037037037037
1 0.41302083333333334 0.07222222222222222 0.03229166666666667 0.053703703703703705
3 0.21692708333333333 0.3175925925925926 0.09635416666666667 0.13333333333333333
3 0.5567708333333333 0.7481481481481481 0.058333333333333334 0.09074074074074075