1 0.266015625 0.4787037037037037 0.03828125 0.05648148148148148
1 0.21158854166666666 0.7800925925925926 0.032552083333333336 0.053703703703703705
1 0.5072916666666667 0.5581018518518519 0.034895833333333334 0.056018518518518516
1 0.446875 0.42777777777777776 0.03229166666666667 0.04814814814814815
1 0.15768229166666667 0.7909722222222222 0.03671875 0.059722222222222225
1 0.3477864583333333 0.31296296296296294 0.03307291666666667 0.049074074074074076
1 0.373046875 0.42916666666666664 0.032552083333333336 0.04722222222222222
1 0.6884114583333333 0.4837962962962963 0.03046875 0.04351851851851852
1 0.492578125 0.25972222222222224 0.03307291666666667 0.05555555555555555
1 0.31692708333333336 0.2150462962962963 0.030729166666666665 0.05138888888888889
1 0.27200520833333336 0.3053240740740741 0.03203125 0.055092592592592596
1 0.35390625 0.21550925925925926 0.030208333333333334 0.050462962962962966
3 0.11171875 0.8319444444444445 0.04739583333333333 0.062037037037037036
1 0.780859375 0.549074074074074 0.03046875 0.04351851851851852
1 0.8233072916666667 0.4949074074074074 0.03046875 0.04351851851851852
1 0.793359375 0.48171296296296295 0.021614583333333333 0.027314814814814816
1 0.8688802083333333 0.4335648148148148 0.021614583333333333 0.027314814814814816
1 0.916796875 0.42291666666666666 0.021614583333333333 0.027314814814814816
1 0.9430989583333333 0.49930555555555556 0.021614583333333333 0.027314814814814816
1 0.982421875 0.5298611111111111 0.021614583333333333 0.027314814814814816
1 0.9696614583333333 0.4201388888888889 0.021614583333333333 0.027314814814814816
1 0.7563802083333333 0.4270833333333333 0.021614583333333333 0.027314814814814816
1 0.6283854166666667 0.1361111111111111 0.015625 0.022222222222222223
1 0.7279947916666667 0.20300925925925925 0.021614583333333333 0.027314814814814816
1 0.6654947916666667 0.14884259259259258 0.021614583333333333 0.027314814814814816
1 0.6190104166666667 0.15462962962962962 0.015625 0.022222222222222223
1 0.60859375 0.14583333333333334 0.015625 0.022222222222222223
1 0.5703125 0.24768518518518517 0.015625 0.022222222222222223
1 0.6622395833333333 0.2569444444444444 0.015625 0.022222222222222223
1 0.40390625 0.24675925925925926 0.015625 0.022222222222222223
1 0.5302083333333333 0.12824074074074074 0.015625 0.022222222222222223
1 0.50859375 0.1398148148148148 0.015625 0.022222222222222223
1 0.3625 0.06226851851851852 0.030208333333333334 0.050462962962962966