1 0.15625 0.4914351851851852 0.023958333333333335 0.034722222222222224
1 0.3365885416666667 0.5680555555555555 0.03463541666666667 0.05925925925925926
1 0.35013020833333336 0.4935185185185185 0.026302083333333334 0.04351851851851852
1 0.24947916666666667 0.5048611111111111 0.03802083333333333 0.060648148148148145
1 0.194921875 0.656712962962963 0.01953125 0.034722222222222224
1 0.20911458333333333 0.4724537037037037 0.0296875 0.04583333333333333
1 0.47044270833333335 0.5018518518518519 0.029947916666666668 0.04814814814814815
1 0.38763020833333334 0.4928240740740741 0.020572916666666666 0.03287037037037037
1 0.5354166666666667 0.46064814814814814 0.019791666666666666 0.02962962962962963
1 0.5140625 0.4305555555555556 0.019791666666666666 0.02962962962962963
1 0.521875 0.4041666666666667 0.019791666666666666 0.02962962962962963
1 0.58203125 0.4324074074074074 0.019791666666666666 0.02962962962962963
1 0.5588541666666667 0.32037037037037036 0.019791666666666666 0.02962962962962963
1 0.5486979166666667 0.2777777777777778 0.019791666666666666 0.02962962962962963
1 0.5626302083333333 0.1900462962962963 0.01484375 0.024537037037037038
1 0.5516927083333333 0.2099537037037037 0.01484375 0.024537037037037038
1 0.637890625 0.20023148148148148 0.01484375 0.024537037037037038
1 0.6305989583333333 0.21643518518518517 0.01484375 0.024537037037037038
1 0.4954427083333333 0.2789351851851852 0.01484375 0.024537037037037038
1 0.43502604166666664 0.22847222222222222 0.01484375 0.024537037037037038
1 0.35638020833333334 0.19282407407407406 0.01484375 0.024537037037037038
1 0.33372395833333335 0.21319444444444444 0.01484375 0.024537037037037038
1 0.329296875 0.09652777777777778 0.01484375 0.024537037037037038
1 0.303515625 0.30995370370370373 0.01484375 0.024537037037037038
1 0.3165364583333333 0.34699074074074077 0.01484375 0.024537037037037038
1 0.27252604166666666 0.32569444444444445 0.01484375 0.024537037037037038
1 0.17252604166666666 0.16875 0.01484375 0.024537037037037038
1 0.14622395833333332 0.3210648148148148 0.01484375 0.024537037037037038
1 0.145703125 0.32013888888888886 0.01484375 0.024537037037037038
1 0.28763020833333336 0.09884259259259259 0.01484375 0.024537037037037038
1 0.37356770833333336 0.07013888888888889 0.01484375 0.024537037037037038
1 0.3873697916666667 0.05810185185185185 0.01484375 0.024537037037037038
1 0.5868489583333333 0.13032407407407406 0.01484375 0.024537037037037038
1 0.5506510416666667 0.09143518518518519 0.01484375 0.024537037037037038
1 0.16848958333333333 0.5122685185185185 0.023958333333333335 0.034722222222222224