1 0.29453125 0.6148148148148148 0.0296875 0.04351851851851852
1 0.36744791666666665 0.5395833333333333 0.030729166666666665 0.04675925925925926
1 0.21145833333333333 0.788425925925926 0.0328125 0.04722222222222222
1 0.350390625 0.6206018518518519 0.02578125 0.03935185185185185
1 0.22643229166666667 0.7391203703703704 0.028385416666666666 0.04027777777777778
1 0.3834635416666667 0.6166666666666667 0.024739583333333332 0.02962962962962963
1 0.4973958333333333 0.6168981481481481 0.03229166666666667 0.04490740740740741
1 0.29596354166666666 0.5706018518518519 0.018489583333333334 0.029166666666666667
1 0.033463541666666666 0.5958333333333333 0.03723958333333333 0.05185185185185185
1 0.478125 0.5569444444444445 0.028125 0.04259259259259259
1 0.5828125 0.26273148148148145 0.017708333333333333 0.03009259259259259
3 0.023828125 0.9578703703703704 0.04609375 0.0787037037037037
1 0.426953125 0.5342592592592592 0.01640625 0.021296296296296296
1 0.5885416666666666 0.42777777777777776 0.018229166666666668 0.027777777777777776
1 0.5794270833333334 0.32060185185185186 0.018229166666666668 0.02638888888888889
1 0.6506510416666667 0.39166666666666666 0.018489583333333334 0.028703703703703703
1 0.68125 0.3925925925925926 0.014583333333333334 0.025
1 0.7501302083333333 0.42592592592592593 0.015885416666666666 0.027777777777777776
1 0.7901041666666667 0.42569444444444443 0.018229166666666668 0.024537037037037038
1 0.6174479166666667 0.3127314814814815 0.013541666666666667 0.022685185185185187