0 0.17152777777777778 0.9024691358024691 0.07916666666666666 0.19012345679012346
1 0.42916666666666664 0.15185185185185185 0.041666666666666664 0.09135802469135802
1 0.23333333333333334 0.17530864197530865 0.05277777777777778 0.09876543209876543
1 0.5777777777777777 0.5654320987654321 0.05555555555555555 0.10864197530864197
1 0.33402777777777776 0.34444444444444444 0.07083333333333333 0.13580246913580246
1 0.6006944444444444 0.4148148148148148 0.04027777777777778 0.0691358024691358
1 0.4875 0.34444444444444444 0.044444444444444446 0.08148148148148149
1 0.4513888888888889 0.4271604938271605 0.05 0.08888888888888889
1 0.42916666666666664 0.9197530864197531 0.06944444444444445 0.1259259259259259
1 0.125 0.754320987654321 0.08333333333333333 0.13580246913580246
1 0.46875 0.6728395061728395 0.0625 0.145679012345679
1 0.3875 0.4740740740740741 0.04722222222222222 0.10864197530864197
1 0.47708333333333336 0.4604938271604938 0.04861111111111111 0.09135802469135802
1 0.29305555555555557 0.5469135802469136 0.08055555555555556 0.1308641975308642
3 0.8361111111111111 0.6580246913580247 0.05555555555555555 0.08148148148148149
3 0.6138888888888889 0.6407407407407407 0.06111111111111111 0.08641975308641975
3 0.9298611111111111 0.7061728395061728 0.06527777777777778 0.08395061728395062
3 0.027083333333333334 0.4765432098765432 0.05416666666666667 0.14814814814814814
3 0.9090277777777778 0.7604938271604939 0.05694444444444444 0.07407407407407407
3 0.6895833333333333 0.7296296296296296 0.04583333333333333 0.08148148148148149