0 0.49027777777777776 0.7938271604938272 0.12222222222222222 0.1111111111111111
0 0.46805555555555556 0.5814814814814815 0.08888888888888889 0.08641975308641975
0 0.11944444444444445 0.10617283950617284 0.10555555555555556 0.08395061728395062
1 0.34444444444444444 0.25679012345679014 0.05555555555555555 0.09382716049382717
1 0.3125 0.14320987654320988 0.05555555555555555 0.08888888888888889
1 0.6729166666666667 0.6679012345679012 0.04861111111111111 0.09135802469135802
1 0.27361111111111114 0.29506172839506173 0.06111111111111111 0.10123456790123457
1 0.7631944444444444 0.4777777777777778 0.04027777777777778 0.08641975308641975
1 0.6 0.6012345679012345 0.06944444444444445 0.11604938271604938
1 0.8090277777777778 0.2382716049382716 0.04027777777777778 0.06666666666666667
1 0.9201388888888888 0.16666666666666666 0.043055555555555555 0.09135802469135802
3 0.6583333333333333 0.8703703703703703 0.07222222222222222 0.1259259259259259
3 0.7333333333333333 0.8827160493827161 0.07222222222222222 0.1259259259259259
3 0.6930555555555555 0.3 0.04722222222222222 0.09135802469135802
3 0.06875 0.48518518518518516 0.07083333333333333 0.06666666666666667
3 0.6305555555555555 0.1814814814814815 0.05 0.08148148148148149
3 0.6736111111111112 0.7617283950617284 0.05555555555555555 0.09135802469135802
3 0.7208333333333333 0.7160493827160493 0.06944444444444445 0.11358024691358025