0 0.8075520833333333 0.5057870370370371 0.05260416666666667 0.09490740740740741
1 0.378515625 0.5430555555555555 0.15963541666666667 0.24722222222222223
1 0.51640625 0.5342592592592592 0.08697916666666666 0.15092592592592594
1 0.6764322916666666 0.3108796296296296 0.05182291666666667 0.08472222222222223
1 0.7161458333333334 0.13287037037037036 0.03229166666666667 0.05
1 0.6432291666666666 0.5365740740740741 0.06197916666666667 0.11944444444444445
3 0.3919270833333333 0.35208333333333336 0.071875 0.059722222222222225
3 0.8203125 0.3314814814814815 0.042708333333333334 0.04537037037037037
3 0.159375 0.05023148148148148 0.036458333333333336 0.03657407407407407
3 0.53203125 0.1412037037037037 0.03177083333333333 0.040740740740740744
3 0.6657552083333333 0.4900462962962963 0.04088541666666667 0.05787037037037037
1 0.7125 0.09722222222222222 0.03229166666666667 0.05
1 0.653125 0.06388888888888888 0.03229166666666667 0.05
1 0.7705729166666667 0.12685185185185185 0.03229166666666667 0.05
1 0.80078125 0.03287037037037037 0.03229166666666667 0.05