0 0.33671875 0.8398148148148148 0.15572916666666667 0.22962962962962963
0 0.91796875 0.9226851851851852 0.14427083333333332 0.14907407407407408
0 0.8299479166666667 0.4925925925925926 0.0921875 0.09444444444444444
0 0.6997395833333333 0.4634259259259259 0.08177083333333333 0.09537037037037037
1 0.7026041666666667 0.711574074074074 0.058333333333333334 0.075
1 0.44114583333333335 0.7643518518518518 0.04895833333333333 0.06759259259259259
1 0.4825520833333333 0.39166666666666666 0.0453125 0.08148148148148149
1 0.17447916666666666 0.19305555555555556 0.03958333333333333 0.06759259259259259
1 0.9776041666666667 0.8333333333333334 0.04479166666666667 0.09074074074074075
1 0.24869791666666666 0.3050925925925926 0.0453125 0.06759259259259259
1 0.8138020833333334 0.6708333333333333 0.03802083333333333 0.06018518518518518
1 0.24869791666666666 0.22546296296296298 0.043229166666666666 0.0712962962962963
1 0.75390625 0.6773148148148148 0.034895833333333334 0.058333333333333334
1 0.12265625 0.19814814814814816 0.03802083333333333 0.05925925925925926
1 0.8734375 0.7287037037037037 0.058333333333333334 0.07222222222222222
1 0.7458333333333333 0.6194444444444445 0.034375 0.05185185185185185
1 0.037760416666666664 0.5310185185185186 0.0453125 0.07314814814814814
1 0.19322916666666667 0.26944444444444443 0.0375 0.05925925925925926
1 0.8614583333333333 0.4361111111111111 0.030208333333333334 0.04814814814814815
1 0.28046875 0.15787037037037038 0.028645833333333332 0.04351851851851852
1 0.23463541666666668 0.3662037037037037 0.043229166666666666 0.06388888888888888
1 0.10260416666666666 0.25787037037037036 0.029166666666666667 0.04537037037037037
1 0.9278645833333333 0.41944444444444445 0.034895833333333334 0.05925925925925926
1 0.0125 0.7560185185185185 0.023958333333333335 0.08981481481481482
3 0.8221354166666667 0.9356481481481481 0.07447916666666667 0.10277777777777777
1 0.8109375 0.3175925925925926 0.030208333333333334 0.04814814814814815
1 0.8880208333333334 0.33240740740740743 0.030208333333333334 0.04814814814814815
1 0.9411458333333333 0.3453703703703704 0.030208333333333334 0.04814814814814815