1 0.7169270833333333 0.5125 0.03697916666666667 0.058333333333333334
1 0.8372395833333334 0.4976851851851852 0.03802083333333333 0.06574074074074074
1 0.98359375 0.8125 0.0328125 0.06574074074074074
1 0.02734375 0.5569444444444445 0.03802083333333333 0.058333333333333334
1 0.30416666666666664 0.899074074074074 0.041666666666666664 0.07222222222222222
1 0.48489583333333336 0.5962962962962963 0.03229166666666667 0.05740740740740741
1 0.6822916666666666 0.45092592592592595 0.030208333333333334 0.053703703703703705
1 0.26640625 0.4666666666666667 0.0328125 0.05185185185185185
1 0.5184895833333333 0.6199074074074075 0.03177083333333333 0.05648148148148148
1 0.8036458333333333 0.42777777777777776 0.029166666666666667 0.04814814814814815
3 0.4080729166666667 0.8648148148148148 0.059895833333333336 0.10185185185185185
3 0.23828125 0.8699074074074075 0.0484375 0.08055555555555556
1 0.27265625 0.36203703703703705 0.0328125 0.05185185185185185
1 0.10651041666666666 0.4638888888888889 0.0328125 0.05185185185185185
1 0.22942708333333334 0.7555555555555555 0.0328125 0.05185185185185185