0 0.6083333333333333 0.8049382716049382 0.16111111111111112 0.15308641975308643
0 0.7701388888888889 0.5765432098765432 0.09027777777777778 0.1506172839506173
0 0.6305555555555555 0.9419753086419753 0.1 0.11604938271604938
0 0.7229166666666667 0.519753086419753 0.16805555555555557 0.23950617283950618
0 0.3451388888888889 0.2234567901234568 0.08472222222222223 0.07160493827160494
1 0.5138888888888888 0.2345679012345679 0.07222222222222222 0.11851851851851852
1 0.04583333333333333 0.0962962962962963 0.08055555555555556 0.12345679012345678
1 0.6972222222222222 0.28641975308641976 0.05 0.08888888888888889
1 0.7423611111111111 0.38641975308641974 0.06527777777777778 0.1111111111111111
1 0.5493055555555556 0.03950617283950617 0.04861111111111111 0.07407407407407407
1 0.4875 0.02962962962962963 0.05277777777777778 0.05432098765432099
1 0.4201388888888889 0.04691358024691358 0.04583333333333333 0.0691358024691358
1 0.4097222222222222 0.6876543209876543 0.125 0.2345679012345679