1 0.102734375 0.39560185185185187 0.04401041666666667 0.0587962962962963
1 0.826953125 0.24953703703703703 0.029947916666666668 0.04722222222222222
1 0.04635416666666667 0.18449074074074073 0.0421875 0.05324074074074074
1 0.82734375 0.319212962962963 0.029166666666666667 0.04675925925925926
1 0.5139322916666667 0.31504629629629627 0.026822916666666665 0.04398148148148148
1 0.7016927083333333 0.28425925925925927 0.029427083333333333 0.04814814814814815
1 0.5546875 0.19490740740740742 0.028645833333333332 0.04259259259259259
1 0.733984375 0.3372685185185185 0.030989583333333334 0.05416666666666667
1 0.9552083333333333 0.49375 0.0375 0.056018518518518516
1 0.29401041666666666 0.36412037037037037 0.041666666666666664 0.0587962962962963
1 0.9739583333333334 0.42777777777777776 0.0375 0.05648148148148148
1 0.6317708333333333 0.28032407407407406 0.026041666666666668 0.043055555555555555
1 0.3763020833333333 0.13055555555555556 0.029166666666666667 0.04351851851851852
1 0.23984375 0.1625 0.03333333333333333 0.040740740740740744
1 0.8654947916666667 0.19212962962962962 0.032552083333333336 0.04537037037037037
1 0.2669270833333333 0.4428240740740741 0.034375 0.052314814814814814
1 0.016796875 0.7560185185185185 0.03307291666666667 0.08055555555555556
1 0.28489583333333335 0.12777777777777777 0.026041666666666668 0.040740740740740744
1 0.6341145833333334 0.20208333333333334 0.024479166666666666 0.04027777777777778
1 0.7884114583333334 0.12314814814814815 0.03203125 0.046296296296296294
1 0.45338541666666665 0.1361111111111111 0.021875 0.03888888888888889
1 0.8118489583333334 0.17222222222222222 0.021614583333333333 0.03611111111111111
3 0.3397135416666667 0.4356481481481482 0.040364583333333336 0.05925925925925926
1 0.7494791666666667 0.17199074074074075 0.024479166666666666 0.04027777777777778
1 0.62265625 0.07106481481481482 0.024479166666666666 0.04027777777777778
1 0.5822916666666667 0.08958333333333333 0.024479166666666666 0.04027777777777778