1 0.4251302083333333 0.5238425925925926 0.05963541666666667 0.09953703703703703
1 0.5895833333333333 0.8907407407407407 0.06875 0.1259259259259259
1 0.31484375 0.5851851851851851 0.051041666666666666 0.09351851851851851
1 0.031640625 0.66875 0.06171875 0.11712962962962963
1 0.03268229166666667 0.5358796296296297 0.05078125 0.10046296296296296
3 0.6248697916666667 0.5159722222222223 0.055989583333333336 0.05324074074074074
3 0.28541666666666665 0.5523148148148148 0.04895833333333333 0.05277777777777778
3 0.7625 0.7287037037037037 0.04791666666666667 0.0824074074074074
3 0.6352864583333333 0.5747685185185185 0.06744791666666666 0.0837962962962963
3 0.6751302083333334 0.5423611111111111 0.03411458333333333 0.060648148148148145
3 0.45286458333333335 0.4962962962962963 0.03697916666666667 0.053703703703703705
3 0.366796875 0.44212962962962965 0.04505208333333333 0.03981481481481482
3 0.5083333333333333 0.44675925925925924 0.043229166666666666 0.03518518518518519