0 0.9111111111111111 0.4012345679012346 0.12777777777777777 0.10123456790123457
0 0.5965277777777778 0.4123456790123457 0.05138888888888889 0.18271604938271604
0 0.4652777777777778 0.13333333333333333 0.06944444444444445 0.19753086419753085
1 0.7895833333333333 0.6259259259259259 0.12083333333333333 0.18024691358024691
1 0.5354166666666667 0.5 0.08194444444444444 0.145679012345679
1 0.8055555555555556 0.05432098765432099 0.05555555555555555 0.09876543209876543
1 0.6291666666666667 0.21604938271604937 0.058333333333333334 0.0962962962962963
1 0.5791666666666667 0.08271604938271605 0.058333333333333334 0.1308641975308642
3 0.5423611111111111 0.7444444444444445 0.08472222222222223 0.14074074074074075
3 0.8680555555555556 0.7654320987654321 0.12777777777777777 0.16296296296296298
3 0.6138888888888889 0.9567901234567902 0.075 0.08148148148148149
3 0.4875 0.9641975308641976 0.06111111111111111 0.06172839506172839
0 0.63125 0.5395061728395062 0.12916666666666668 0.1111111111111111
0 0.6854166666666667 0.4382716049382716 0.12916666666666668 0.1111111111111111