1 0.18020833333333333 0.8824074074074074 0.1 0.15185185185185185
1 0.31276041666666665 0.5064814814814815 0.04739583333333333 0.07407407407407407
1 0.9002604166666667 0.5935185185185186 0.05364583333333333 0.06851851851851852
1 0.30026041666666664 0.6930555555555555 0.06927083333333334 0.11018518518518519
1 0.709375 0.6268518518518519 0.042708333333333334 0.06111111111111111
1 0.22083333333333333 0.44814814814814813 0.04375 0.06481481481481481
1 0.9372395833333333 0.5 0.043229166666666666 0.05925925925925926
1 0.45598958333333334 0.7763888888888889 0.06614583333333333 0.10833333333333334
1 0.7174479166666666 0.5532407407407407 0.050520833333333334 0.07314814814814814
1 0.7005208333333334 0.39305555555555555 0.041666666666666664 0.0712962962962963
1 0.33671875 0.1175925925925926 0.0359375 0.05740740740740741
1 0.028645833333333332 0.3055555555555556 0.05625 0.0962962962962963
1 0.04479166666666667 0.9634259259259259 0.08645833333333333 0.06018518518518518
1 0.778125 0.4152777777777778 0.041666666666666664 0.0712962962962963
1 0.375 0.10324074074074074 0.041666666666666664 0.0712962962962963