0 0.6381944444444444 0.06172839506172839 0.1125 0.11851851851851852
1 0.5138888888888888 0.8716049382716049 0.10555555555555556 0.16296296296296298
1 0.48194444444444445 0.7320987654320987 0.09444444444444444 0.1308641975308642
1 0.54375 0.2851851851851852 0.0763888888888889 0.145679012345679
1 0.33194444444444443 0.782716049382716 0.075 0.12839506172839507
1 0.4201388888888889 0.8098765432098766 0.08472222222222223 0.13333333333333333
1 0.34652777777777777 0.4876543209876543 0.059722222222222225 0.0962962962962963
1 0.19791666666666666 0.8308641975308642 0.10416666666666667 0.14074074074074075
1 0.33819444444444446 0.40987654320987654 0.04583333333333333 0.05925925925925926
1 0.10972222222222222 0.7580246913580246 0.09166666666666666 0.11358024691358025
1 0.5798611111111112 0.9604938271604938 0.11805555555555555 0.07901234567901234
1 0.23194444444444445 0.7209876543209877 0.06666666666666667 0.07901234567901234
1 0.5090277777777777 0.46296296296296297 0.0625 0.12098765432098765
1 0.021527777777777778 0.8098765432098766 0.04027777777777778 0.12345679012345678
1 0.6701388888888888 0.8790123456790123 0.13472222222222222 0.23209876543209876
1 0.13125 0.4308641975308642 0.09583333333333334 0.1506172839506173
2 0.7902777777777777 0.16296296296296298 0.08611111111111111 0.12839506172839507
2 0.5423611111111111 0.42962962962962964 0.05694444444444444 0.13333333333333333
2 0.49236111111111114 0.0345679012345679 0.0625 0.06419753086419754
3 0.6722222222222223 0.6185185185185185 0.1 0.18024691358024691
3 0.9145833333333333 0.737037037037037 0.1625 0.24444444444444444
3 0.41041666666666665 0.5432098765432098 0.06805555555555555 0.13333333333333333
1 0.36736111111111114 0.38271604938271603 0.04583333333333333 0.05925925925925926
1 0.34375 0.3506172839506173 0.04583333333333333 0.05925925925925926
1 0.3104166666666667 0.35802469135802467 0.04583333333333333 0.05925925925925926