0 0.6354166666666666 0.8888888888888888 0.19027777777777777 0.2123456790123457
0 0.08402777777777778 0.4740740740740741 0.07916666666666666 0.2074074074074074
0 0.39861111111111114 0.8987654320987655 0.06944444444444445 0.10864197530864197
1 0.27152777777777776 0.3333333333333333 0.09861111111111111 0.16296296296296298
1 0.4027777777777778 0.19753086419753085 0.08055555555555556 0.14320987654320988
1 0.6111111111111112 0.4123456790123457 0.06666666666666667 0.10864197530864197
1 0.4986111111111111 0.4 0.06666666666666667 0.09876543209876543
1 0.7118055555555556 0.31851851851851853 0.05138888888888889 0.13333333333333333
1 0.4423611111111111 0.8061728395061728 0.09305555555555556 0.11604938271604938
3 0.30972222222222223 0.06666666666666667 0.09166666666666666 0.12839506172839507
3 0.44583333333333336 0.937037037037037 0.1111111111111111 0.12098765432098765
3 0.5354166666666667 0.05432098765432099 0.07916666666666666 0.1037037037037037
3 0.7069444444444445 0.6888888888888889 0.07777777777777778 0.14814814814814814