1 0.21666666666666667 0.7938271604938272 0.05 0.08641975308641975
1 0.4131944444444444 0.6567901234567901 0.04861111111111111 0.07901234567901234
1 0.9381944444444444 0.44074074074074077 0.04583333333333333 0.07160493827160494
1 0.8076388888888889 0.8197530864197531 0.04861111111111111 0.05925925925925926
1 0.9451388888888889 0.5814814814814815 0.05138888888888889 0.08641975308641975
1 0.3034722222222222 0.6345679012345679 0.0375 0.06419753086419754
1 0.6611111111111111 0.7864197530864198 0.06111111111111111 0.07160493827160494
1 0.25416666666666665 0.7691358024691358 0.04722222222222222 0.07654320987654321
1 0.7548611111111111 0.8098765432098766 0.04583333333333333 0.05432098765432099
1 0.24791666666666667 0.8296296296296296 0.04583333333333333 0.07901234567901234
1 0.9416666666666667 0.20123456790123456 0.04722222222222222 0.07160493827160494
1 0.2520833333333333 0.6703703703703704 0.04583333333333333 0.09135802469135802
3 0.1326388888888889 0.7012345679012346 0.0625 0.07901234567901234
3 0.03819444444444445 0.8432098765432099 0.0625 0.07160493827160494