1 0.36080729166666664 0.675 0.04453125 0.08148148148148149
1 0.5596354166666667 0.09189814814814815 0.040625 0.0837962962962963
1 0.532421875 0.7703703703703704 0.05130208333333333 0.09814814814814815
1 0.7388020833333333 0.7710648148148148 0.053125 0.08194444444444444
1 0.609375 0.1814814814814815 0.06145833333333333 0.1037037037037037
1 0.3684895833333333 0.09953703703703703 0.0453125 0.06481481481481481
1 0.11692708333333333 0.7099537037037037 0.05 0.06527777777777778
1 0.013020833333333334 0.6907407407407408 0.026041666666666668 0.07592592592592592
3 0.12669270833333332 0.9625 0.046614583333333334 0.06759259259259259
3 0.294921875 0.3587962962962963 0.040364583333333336 0.06388888888888888
3 0.63984375 0.11898148148148148 0.030729166666666665 0.05555555555555555