1 0.20377604166666666 0.04097222222222222 0.05078125 0.07268518518518519
1 0.6248697916666667 0.07893518518518519 0.037760416666666664 0.06527777777777778
1 0.7532552083333334 0.1712962962962963 0.04453125 0.06851851851851852
1 0.9845052083333333 0.1886574074074074 0.030989583333333334 0.06527777777777778
1 0.7385416666666667 0.07106481481481482 0.025520833333333333 0.03935185185185185
3 0.45924479166666665 0.21041666666666667 0.04505208333333333 0.052314814814814814
3 0.8932291666666666 0.1884259259259259 0.0625 0.053703703703703705
3 0.09934895833333333 0.05717592592592593 0.038802083333333334 0.05694444444444444
3 0.8940104166666667 0.1449074074074074 0.0421875 0.037037037037037035
3 0.35690104166666664 0.14953703703703702 0.03463541666666667 0.03981481481481482
3 0.32591145833333335 0.0775462962962963 0.03515625 0.04027777777777778