0 0.50625 0.9148148148148149 0.07361111111111111 0.17037037037037037
0 0.3958333333333333 0.23333333333333334 0.09722222222222222 0.07654320987654321
0 0.93125 0.5135802469135803 0.0625 0.13333333333333333
1 0.3902777777777778 0.1037037037037037 0.05 0.08395061728395062
1 0.9597222222222223 0.19012345679012346 0.07777777777777778 0.13333333333333333
1 0.6777777777777778 0.19753086419753085 0.058333333333333334 0.07407407407407407
1 0.2965277777777778 0.10987654320987654 0.04861111111111111 0.07160493827160494
1 0.7361111111111112 0.8629629629629629 0.12777777777777777 0.2691358024691358
1 0.3263888888888889 0.5246913580246914 0.07777777777777778 0.1654320987654321
1 0.7541666666666667 0.044444444444444446 0.05555555555555555 0.07407407407407407
1 0.64375 0.4728395061728395 0.06527777777777778 0.1111111111111111
1 0.3840277777777778 0.928395061728395 0.07083333333333333 0.14320987654320988
3 0.5840277777777778 0.6518518518518519 0.08472222222222223 0.12839506172839507
3 0.4361111111111111 0.8876543209876543 0.09722222222222222 0.17530864197530865
3 0.575 0.34444444444444444 0.058333333333333334 0.07654320987654321
3 0.6423611111111112 0.5666666666666667 0.05694444444444444 0.07654320987654321
3 0.35694444444444445 0.07037037037037037 0.05277777777777778 0.07160493827160494
3 0.8215277777777777 0.37160493827160496 0.08472222222222223 0.08641975308641975
3 0.64375 0.3506172839506173 0.05138888888888889 0.07901234567901234