1 0.5993489583333333 0.24375 0.03828125 0.05694444444444444
1 0.2833333333333333 0.10532407407407407 0.05416666666666667 0.07083333333333333
1 0.468359375 0.5884259259259259 0.053385416666666664 0.09166666666666666
1 0.40065104166666665 0.06319444444444444 0.03984375 0.056018518518518516
1 0.4421875 0.39189814814814816 0.052083333333333336 0.09583333333333334
1 0.42890625 0.21921296296296297 0.046875 0.0837962962962963
1 0.386328125 0.5659722222222222 0.04296875 0.07824074074074074
1 0.443359375 0.5060185185185185 0.04348958333333333 0.06666666666666667
1 0.05169270833333333 0.6594907407407408 0.09973958333333334 0.1587962962962963
1 0.12669270833333332 0.892824074074074 0.05911458333333333 0.09861111111111111
1 0.7962239583333334 0.3449074074074074 0.025260416666666667 0.04351851851851852
1 0.06171875 0.0525462962962963 0.07291666666666667 0.09212962962962963
1 0.4451822916666667 0.2877314814814815 0.03984375 0.055092592592592596
1 0.3514322916666667 0.04953703703703704 0.03619791666666667 0.05925925925925926
1 0.693359375 0.17175925925925925 0.029947916666666668 0.05
1 0.7915364583333333 0.2636574074074074 0.028385416666666666 0.04675925925925926
1 0.5509114583333333 0.45625 0.045572916666666664 0.0699074074074074
1 0.7157552083333333 0.44814814814814813 0.03619791666666667 0.05462962962962963
1 0.09583333333333334 0.41689814814814813 0.0515625 0.08657407407407407
1 0.7484375 0.19907407407407407 0.028645833333333332 0.05462962962962963
1 0.91484375 0.32708333333333334 0.03125 0.05694444444444444
1 0.9509114583333333 0.513425925925926 0.04088541666666667 0.05185185185185185
1 0.6223958333333334 0.44305555555555554 0.04010416666666667 0.07222222222222222
3 0.6782552083333333 0.5372685185185185 0.03619791666666667 0.05138888888888889
3 0.6606770833333333 0.3613425925925926 0.0515625 0.04490740740740741
1 0.6233072916666667 0.23726851851851852 0.03828125 0.05694444444444444
1 0.658984375 0.125 0.03046875 0.041666666666666664
1 0.6217447916666666 0.06157407407407407 0.03046875 0.041666666666666664
1 0.5766927083333333 0.04537037037037037 0.03046875 0.041666666666666664
1 0.7087239583333333 0.1 0.03046875 0.041666666666666664
1 0.8032552083333333 0.20324074074074075 0.03046875 0.041666666666666664
1 0.8186197916666667 0.24722222222222223 0.03046875 0.041666666666666664
1 0.833203125 0.23194444444444445 0.03046875 0.041666666666666664
1 0.8569010416666667 0.2877314814814815 0.023697916666666666 0.03935185185185185
1 0.8819010416666667 0.2761574074074074 0.023697916666666666 0.03935185185185185
1 0.9337239583333333 0.3988425925925926 0.023697916666666666 0.03935185185185185
1 0.9483072916666667 0.3849537037037037 0.023697916666666666 0.03935185185185185
1 0.8845052083333333 0.32199074074074074 0.023697916666666666 0.03935185185185185
0 0.51171875 0.1150462962962963 0.0359375 0.04212962962962963
1 0.9842447916666667 0.3974537037037037 0.023697916666666666 0.03935185185185185