0 0.15625 0.5234567901234568 0.059722222222222225 0.18765432098765433
0 0.6041666666666666 0.7345679012345679 0.1361111111111111 0.18518518518518517
1 0.03680555555555556 0.43209876543209874 0.07083333333333333 0.1728395061728395
1 0.050694444444444445 0.5851851851851851 0.09861111111111111 0.15308641975308643
1 0.03958333333333333 0.854320987654321 0.0763888888888889 0.14320987654320988
1 0.2708333333333333 0.03580246913580247 0.12777777777777777 0.06666666666666667
1 0.03958333333333333 0.2419753086419753 0.0763888888888889 0.2716049382716049
3 0.6006944444444444 0.8753086419753087 0.10694444444444444 0.18024691358024691
3 0.28888888888888886 0.2777777777777778 0.08333333333333333 0.1308641975308642
3 0.13402777777777777 0.3925925925925926 0.09305555555555556 0.15308641975308643
3 0.13333333333333333 0.6987654320987654 0.11388888888888889 0.20246913580246914
3 0.28680555555555554 0.10493827160493827 0.07361111111111111 0.10617283950617284