0 0.5048611111111111 0.9123456790123456 0.1597222222222222 0.1259259259259259
0 0.81875 0.2419753086419753 0.07916666666666666 0.1037037037037037
0 0.7375 0.35802469135802467 0.09444444444444444 0.08395061728395062
0 0.8395833333333333 0.8530864197530864 0.08194444444444444 0.17037037037037037
0 0.5854166666666667 0.40617283950617283 0.04583333333333333 0.17037037037037037
1 0.3854166666666667 0.337037037037037 0.07361111111111111 0.1308641975308642
1 0.36180555555555555 0.14320987654320988 0.08194444444444444 0.11851851851851852
1 0.9395833333333333 0.13703703703703704 0.07361111111111111 0.11604938271604938
1 0.60625 0.07407407407407407 0.09027777777777778 0.12345679012345678
3 0.9006944444444445 0.4246913580246914 0.08194444444444444 0.11358024691358025
3 0.6923611111111111 0.5259259259259259 0.0763888888888889 0.08395061728395062
3 0.7465277777777778 0.4777777777777778 0.07916666666666666 0.08641975308641975
3 0.15347222222222223 0.044444444444444446 0.05138888888888889 0.06419753086419754
3 0.8576388888888888 0.3271604938271605 0.05416666666666667 0.06666666666666667
3 0.6138888888888889 0.20987654320987653 0.05555555555555555 0.07407407407407407
3 0.4479166666666667 0.15679012345679014 0.05694444444444444 0.08148148148148149
3 0.49722222222222223 0.2419753086419753 0.04722222222222222 0.1037037037037037