1 0.828125 0.9430555555555555 0.05 0.075
1 0.7286458333333333 0.912962962962963 0.03854166666666667 0.06481481481481481
1 0.6908854166666667 0.9578703703703704 0.033854166666666664 0.058333333333333334
1 0.6817708333333333 0.8467592592592592 0.035416666666666666 0.04722222222222222
1 0.8341145833333333 0.7490740740740741 0.0265625 0.046296296296296294
1 0.8697916666666666 0.7328703703703704 0.042708333333333334 0.05277777777777778
1 0.7234375 0.7777777777777778 0.027083333333333334 0.04814814814814815
1 0.9502604166666667 0.674537037037037 0.034895833333333334 0.04722222222222222
1 0.6596354166666667 0.8162037037037037 0.022395833333333334 0.03981481481481482
1 0.6174479166666667 0.9074074074074074 0.027604166666666666 0.05740740740740741
1 0.75078125 0.775 0.025520833333333333 0.037037037037037035
1 0.6309895833333333 0.875462962962963 0.030729166666666665 0.05462962962962963
1 0.7479166666666667 0.8046296296296296 0.026041666666666668 0.037037037037037035
1 0.7234375 0.8240740740740741 0.026041666666666668 0.037037037037037035
1 0.6057291666666667 0.836574074074074 0.03125 0.05462962962962963
1 0.5854166666666667 0.9689814814814814 0.03125 0.05462962962962963
1 0.5979166666666667 0.9421296296296297 0.03125 0.05462962962962963