1 0.5340277777777778 0.7024691358024692 0.04861111111111111 0.08641975308641975
1 0.24930555555555556 0.6518518518518519 0.06527777777777778 0.1037037037037037
1 0.4354166666666667 0.6283950617283951 0.04027777777777778 0.06666666666666667
1 0.07916666666666666 0.6666666666666666 0.03888888888888889 0.05925925925925926
1 0.6020833333333333 0.25925925925925924 0.03194444444444444 0.05432098765432099
3 0.2777777777777778 0.8666666666666667 0.06944444444444445 0.1037037037037037
3 0.5645833333333333 0.7246913580246913 0.05416666666666667 0.06666666666666667
1 0.39166666666666666 0.4012345679012346 0.027777777777777776 0.04197530864197531
1 0.41805555555555557 0.44814814814814813 0.027777777777777776 0.04691358024691358
1 0.47430555555555554 0.4024691358024691 0.029166666666666667 0.04938271604938271
1 0.6701388888888888 0.24938271604938272 0.02638888888888889 0.04938271604938271
1 0.64375 0.3308641975308642 0.03194444444444444 0.05432098765432099
1 0.7534722222222222 0.06049382716049383 0.03194444444444444 0.05185185185185185