1 0.6791666666666667 0.24691358024691357 0.07777777777777778 0.14320987654320988
1 0.49444444444444446 0.27901234567901234 0.05277777777777778 0.09382716049382717
1 0.6013888888888889 0.3358024691358025 0.07222222222222222 0.11851851851851852
1 0.5847222222222223 0.21728395061728395 0.06944444444444445 0.11851851851851852
1 0.38472222222222224 0.25925925925925924 0.06111111111111111 0.11358024691358025
1 0.8534722222222222 0.4049382716049383 0.07361111111111111 0.11358024691358025
1 0.3770833333333333 0.528395061728395 0.059722222222222225 0.11851851851851852
1 0.27152777777777776 0.17407407407407408 0.043055555555555555 0.07654320987654321
1 0.7340277777777777 0.04691358024691358 0.059722222222222225 0.08395061728395062
3 0.8694444444444445 0.2851851851851852 0.075 0.10123456790123457
3 0.7902777777777777 0.4901234567901235 0.08055555555555556 0.08641975308641975
3 0.7256944444444444 0.8753086419753087 0.05416666666666667 0.12098765432098765
3 0.5493055555555556 0.19876543209876543 0.0375 0.0962962962962963
3 0.02638888888888889 0.6135802469135803 0.05277777777777778 0.0962962962962963