1 0.5493055555555556 0.7160493827160493 0.04861111111111111 0.09876543209876543
1 0.6020833333333333 0.7876543209876543 0.04861111111111111 0.09876543209876543
1 0.7513888888888889 0.19135802469135801 0.05555555555555555 0.0962962962962963
1 0.7729166666666667 0.3234567901234568 0.0625 0.10864197530864197
1 0.9048611111111111 0.05308641975308642 0.07083333333333333 0.10123456790123457
1 0.1 0.7790123456790123 0.06666666666666667 0.1111111111111111
3 0.75625 0.8827160493827161 0.08472222222222223 0.16049382716049382
3 0.875 0.582716049382716 0.075 0.12345679012345678
3 0.6763888888888889 0.7679012345679013 0.06388888888888888 0.12839506172839507
3 0.6680555555555555 0.4111111111111111 0.05277777777777778 0.10123456790123457
3 0.7916666666666666 0.5901234567901235 0.06111111111111111 0.10864197530864197
3 0.23055555555555557 0.9654320987654321 0.05555555555555555 0.06419753086419754
3 0.9270833333333334 0.09753086419753086 0.07361111111111111 0.08148148148148149
3 0.6041666666666666 0.5345679012345679 0.03333333333333333 0.07160493827160494