1 0.2296875 0.8212962962962963 0.05416666666666667 0.08796296296296297
1 0.19856770833333334 0.5986111111111111 0.03359375 0.046296296296296294
1 0.26809895833333336 0.6201388888888889 0.04244791666666667 0.0587962962962963
1 0.25833333333333336 0.5523148148148148 0.030729166666666665 0.04351851851851852
1 0.46783854166666666 0.5208333333333334 0.03046875 0.049074074074074076
1 0.5920572916666667 0.5613425925925926 0.031510416666666666 0.03564814814814815
1 0.49075520833333336 0.6430555555555556 0.047135416666666666 0.05462962962962963
1 0.5119791666666667 0.5456018518518518 0.030208333333333334 0.043055555555555555
1 0.4046875 0.475462962962963 0.021875 0.032407407407407406
1 0.23424479166666667 0.4914351851851852 0.02421875 0.03657407407407407
1 0.40260416666666665 0.5002314814814814 0.026041666666666668 0.055092592592592596
1 0.3203125 0.5344907407407408 0.021875 0.03194444444444444
1 0.10338541666666666 0.5504629629629629 0.030729166666666665 0.03981481481481482
1 0.32981770833333335 0.47476851851851853 0.023697916666666666 0.038425925925925926
1 0.13411458333333334 0.5509259259259259 0.030729166666666665 0.04351851851851852
1 0.27447916666666666 0.5006944444444444 0.0265625 0.03935185185185185
1 0.30494791666666665 0.4997685185185185 0.0265625 0.03935185185185185
1 0.29713541666666665 0.5155092592592593 0.0265625 0.03935185185185185
1 0.2565104166666667 0.4775462962962963 0.0265625 0.03935185185185185
1 0.5703125 0.42060185185185184 0.0265625 0.03935185185185185
1 0.5739583333333333 0.2636574074074074 0.0265625 0.03935185185185185
1 0.5661458333333333 0.31180555555555556 0.0265625 0.03935185185185185
1 0.5140625 0.3141203703703704 0.0265625 0.03935185185185185
1 0.60625 0.3085648148148148 0.0265625 0.03935185185185185
1 0.6255208333333333 0.2553240740740741 0.0265625 0.03935185185185185
1 0.63984375 0.3835648148148148 0.0265625 0.03935185185185185
1 0.5983072916666666 0.5358796296296297 0.031510416666666666 0.03564814814814815
1 0.621484375 0.5548611111111111 0.031510416666666666 0.03564814814814815