1 0.5079427083333333 0.6365740740740741 0.04921875 0.08425925925925926
1 0.6006510416666667 0.3423611111111111 0.04244791666666667 0.07175925925925926
1 0.5083333333333333 0.4284722222222222 0.04479166666666667 0.08472222222222223
1 0.5819010416666667 0.47800925925925924 0.053385416666666664 0.09953703703703703
1 0.36158854166666665 0.39444444444444443 0.04401041666666667 0.07962962962962963
1 0.42135416666666664 0.35509259259259257 0.044270833333333336 0.0787037037037037
1 0.30625 0.3993055555555556 0.04114583333333333 0.07453703703703704
1 0.13802083333333334 0.6351851851851852 0.03177083333333333 0.058333333333333334
1 0.5063802083333333 0.09467592592592593 0.04348958333333333 0.08472222222222223
1 0.209375 0.5296296296296297 0.030729166666666665 0.05925925925925926
1 0.42578125 0.96875 0.04739583333333333 0.0625
1 0.32122395833333334 0.10555555555555556 0.05182291666666667 0.08055555555555556
1 0.4024739583333333 0.4127314814814815 0.04140625 0.0763888888888889
1 0.24401041666666667 0.024305555555555556 0.049479166666666664 0.04675925925925926
3 0.659765625 0.9756944444444444 0.027864583333333335 0.04953703703703704
3 0.4459635416666667 0.7027777777777777 0.01484375 0.025