1 0.8432291666666667 0.9659722222222222 0.04479166666666667 0.06898148148148148
1 0.8029947916666667 0.9731481481481481 0.03723958333333333 0.05462962962962963
1 0.73984375 0.8407407407407408 0.029166666666666667 0.06111111111111111
1 0.733984375 0.7104166666666667 0.025260416666666667 0.06712962962962964
1 0.7013020833333333 0.6604166666666667 0.030729166666666665 0.0412037037037037
3 0.5529947916666667 0.5951388888888889 0.03723958333333333 0.04490740740740741
1 0.6153645833333333 0.6759259259259259 0.041666666666666664 0.07222222222222222
1 0.482421875 0.6800925925925926 0.03515625 0.06111111111111111
1 0.35377604166666665 0.9486111111111111 0.05026041666666667 0.06759259259259259
1 0.41067708333333336 0.6175925925925926 0.04739583333333333 0.07407407407407407
3 0.23528645833333334 0.43287037037037035 0.02890625 0.041666666666666664
1 0.875 0.8775462962962963 0.04479166666666667 0.06898148148148148