0 0.6923611111111111 0.29259259259259257 0.1597222222222222 0.11604938271604938
0 0.6270833333333333 0.13209876543209875 0.10694444444444444 0.18024691358024691
1 0.4173611111111111 0.04938271604938271 0.0763888888888889 0.09382716049382717
1 0.5381944444444444 0.5962962962962963 0.1125 0.18518518518518517
1 0.33958333333333335 0.9395061728395062 0.15138888888888888 0.11604938271604938
1 0.5319444444444444 0.7938271604938272 0.11944444444444445 0.22962962962962963
1 0.5479166666666667 0.03580246913580247 0.07916666666666666 0.06666666666666667
1 0.625 0.9 0.11666666666666667 0.19506172839506172
1 0.6625 0.9259259259259259 0.14722222222222223 0.14320987654320988
3 0.3 0.2506172839506173 0.10555555555555556 0.145679012345679
3 0.42916666666666664 0.19506172839506172 0.11944444444444445 0.17777777777777778
3 0.5229166666666667 0.0962962962962963 0.10972222222222222 0.15308641975308643
3 0.6388888888888888 0.40987654320987654 0.1 0.14814814814814814
3 0.7597222222222222 0.6320987654320988 0.13333333333333333 0.23209876543209876