1 0.11180555555555556 0.7234567901234568 0.09305555555555556 0.1382716049382716
1 0.1840277777777778 0.6037037037037037 0.06527777777777778 0.0962962962962963
1 0.5305555555555556 0.18271604938271604 0.044444444444444446 0.09382716049382717
1 0.74375 0.8604938271604938 0.09027777777777778 0.1308641975308642
1 0.7965277777777777 0.6691358024691358 0.09027777777777778 0.14320987654320988
1 0.22777777777777777 0.1925925925925926 0.06388888888888888 0.11851851851851852
1 0.6006944444444444 0.4469135802469136 0.07916666666666666 0.11851851851851852
1 0.8972222222222223 0.9320987654320988 0.09722222222222222 0.1308641975308642
1 0.5736111111111111 0.028395061728395062 0.03611111111111111 0.05185185185185185
1 0.95625 0.3432098765432099 0.0875 0.1580246913580247
1 0.5395833333333333 0.08765432098765433 0.03194444444444444 0.056790123456790124