0 0.2388888888888889 0.8975308641975308 0.14166666666666666 0.19506172839506172
0 0.7659722222222223 0.3567901234567901 0.13194444444444445 0.10617283950617284
0 0.5118055555555555 0.5148148148148148 0.09027777777777778 0.07654320987654321
1 0.34097222222222223 0.5740740740740741 0.09861111111111111 0.13580246913580246
1 0.19583333333333333 0.4283950617283951 0.075 0.11604938271604938
1 0.6916666666666667 0.8901234567901235 0.13055555555555556 0.2
1 0.3854166666666667 0.9333333333333333 0.11527777777777778 0.12839506172839507
1 0.12777777777777777 0.3358024691358025 0.09166666666666666 0.1382716049382716
1 0.25625 0.40370370370370373 0.06805555555555555 0.1259259259259259
1 0.1798611111111111 0.21358024691358024 0.0625 0.09135802469135802
1 0.5083333333333333 0.9592592592592593 0.10555555555555556 0.08148148148148149
1 0.18263888888888888 0.31851851851851853 0.07083333333333333 0.10864197530864197
3 0.5840277777777778 0.6197530864197531 0.12361111111111112 0.2123456790123457
3 0.4548611111111111 0.6358024691358025 0.12083333333333333 0.22469135802469137
3 0.5715277777777777 0.15555555555555556 0.0763888888888889 0.11851851851851852
3 0.7118055555555556 0.717283950617284 0.11805555555555555 0.15555555555555556
3 0.8361111111111111 0.8975308641975308 0.1638888888888889 0.2
3 0.37569444444444444 0.4567901234567901 0.05138888888888889 0.08395061728395062