1 0.33125 0.16049382716049382 0.09305555555555556 0.17777777777777778
1 0.23055555555555557 0.45925925925925926 0.10277777777777777 0.17777777777777778
1 0.3 0.9296296296296296 0.10833333333333334 0.13580246913580246
1 0.35347222222222224 0.5580246913580247 0.11805555555555555 0.19753086419753085
1 0.1125 0.45185185185185184 0.09166666666666666 0.14814814814814814
1 0.33541666666666664 0.3493827160493827 0.10416666666666667 0.18518518518518517
1 0.7076388888888889 0.8962962962962963 0.10416666666666667 0.19753086419753085
1 0.5340277777777778 0.591358024691358 0.07916666666666666 0.1654320987654321
1 0.6111111111111112 0.454320987654321 0.075 0.13333333333333333
1 0.18888888888888888 0.26296296296296295 0.1111111111111111 0.21975308641975308
1 0.45 0.30493827160493825 0.08333333333333333 0.16049382716049382
1 0.20277777777777778 0.737037037037037 0.14722222222222223 0.25925925925925924
1 0.6701388888888888 0.37777777777777777 0.05138888888888889 0.11358024691358025
1 0.5458333333333333 0.32098765432098764 0.07777777777777778 0.15308641975308643
1 0.5222222222222223 0.4222222222222222 0.06944444444444445 0.12345679012345678
1 0.5006944444444444 0.8160493827160494 0.12083333333333333 0.23950617283950618
1 0.6388888888888888 0.25308641975308643 0.06388888888888888 0.11604938271604938
1 0.6263888888888889 0.14320987654320988 0.06111111111111111 0.11851851851851852