1 0.5256510416666667 0.39444444444444443 0.039322916666666666 0.062037037037037036
1 0.3985677083333333 0.5648148148148148 0.054947916666666666 0.09074074074074075
1 0.5252604166666667 0.46782407407407406 0.03177083333333333 0.04861111111111111
1 0.43268229166666666 0.22060185185185185 0.03515625 0.055092592592592596
1 0.4490885416666667 0.3414351851851852 0.032552083333333336 0.04953703703703704
1 0.5854166666666667 0.35185185185185186 0.026041666666666668 0.04537037037037037
1 0.12643229166666667 0.856712962962963 0.09348958333333333 0.1486111111111111
1 0.030078125 0.24953703703703703 0.05859375 0.1037037037037037
1 0.9151041666666667 0.4664351851851852 0.030208333333333334 0.04861111111111111
1 0.42135416666666664 0.1439814814814815 0.025 0.03518518518518519
1 0.5670572916666666 0.21319444444444444 0.030989583333333334 0.050462962962962966
1 0.508984375 0.1087962962962963 0.023697916666666666 0.03518518518518519
1 0.369140625 0.11458333333333333 0.029427083333333333 0.0412037037037037
1 0.980859375 0.5398148148148149 0.032552083333333336 0.05462962962962963
1 0.31028645833333335 0.11805555555555555 0.025260416666666667 0.03333333333333333
1 0.66484375 0.2673611111111111 0.020833333333333332 0.03287037037037037
3 0.27877604166666664 0.23726851851851852 0.061197916666666664 0.06805555555555555
3 0.5791666666666667 0.6011574074074074 0.05677083333333333 0.060648148148148145
1 0.93984375 0.4618055555555556 0.030208333333333334 0.04861111111111111
1 0.7205729166666667 0.5604166666666667 0.030208333333333334 0.04861111111111111
1 0.7807291666666667 0.20902777777777778 0.020833333333333332 0.03287037037037037
1 0.7723958333333333 0.26782407407407405 0.020833333333333332 0.03287037037037037
1 0.66328125 0.23541666666666666 0.020833333333333332 0.03287037037037037
1 0.343359375 0.11273148148148149 0.029427083333333333 0.0412037037037037