0 0.6479166666666667 0.828395061728395 0.10416666666666667 0.10617283950617284
0 0.8 0.654320987654321 0.07222222222222222 0.08395061728395062
1 0.5576388888888889 0.2975308641975309 0.04583333333333333 0.08148148148148149
1 0.6291666666666667 0.3469135802469136 0.05277777777777778 0.08641975308641975
1 0.5979166666666667 0.3654320987654321 0.04583333333333333 0.07901234567901234
1 0.7229166666666667 0.6851851851851852 0.06805555555555555 0.10617283950617284
1 0.33125 0.03580246913580247 0.10138888888888889 0.06666666666666667
1 0.33958333333333335 0.362962962962963 0.08194444444444444 0.1382716049382716
1 0.74375 0.45308641975308644 0.04861111111111111 0.07654320987654321
1 0.46597222222222223 0.18518518518518517 0.05416666666666667 0.07901234567901234
1 0.5881944444444445 0.21975308641975308 0.06805555555555555 0.10864197530864197
3 0.8222222222222222 0.9666666666666667 0.04722222222222222 0.06666666666666667