0 0.6659722222222222 0.5024691358024691 0.1597222222222222 0.18518518518518517
1 0.5138888888888888 0.6234567901234568 0.09722222222222222 0.17037037037037037
1 0.4125 0.44814814814814813 0.09444444444444444 0.15555555555555556
1 0.11180555555555556 0.4604938271604938 0.11527777777777778 0.1654320987654321
1 0.2847222222222222 0.5962962962962963 0.09444444444444444 0.17530864197530865
1 0.37222222222222223 0.11234567901234568 0.058333333333333334 0.10617283950617284
1 0.05347222222222222 0.9074074074074074 0.10416666666666667 0.18024691358024691
1 0.2875 0.8666666666666667 0.11944444444444445 0.20246913580246914
1 0.02847222222222222 0.5320987654320988 0.05416666666666667 0.2
1 0.2881944444444444 0.34814814814814815 0.07083333333333333 0.11358024691358025
1 0.28958333333333336 0.15679012345679014 0.07361111111111111 0.12098765432098765
1 0.03263888888888889 0.32592592592592595 0.0625 0.1728395061728395
1 0.38958333333333334 0.9419753086419753 0.1125 0.1111111111111111
1 0.13680555555555557 0.6172839506172839 0.14027777777777778 0.19753086419753085
1 0.3013888888888889 0.05802469135802469 0.06111111111111111 0.0962962962962963
1 0.23333333333333334 0.4666666666666667 0.06944444444444445 0.1037037037037037
1 0.49375 0.030864197530864196 0.059722222222222225 0.056790123456790124
1 0.38125 0.03333333333333333 0.05694444444444444 0.06172839506172839
2 0.7930555555555555 0.9469135802469136 0.06944444444444445 0.1111111111111111
3 0.32569444444444445 0.4679012345679012 0.0763888888888889 0.12098765432098765
3 0.08194444444444444 0.737037037037037 0.1111111111111111 0.17037037037037037