1 0.546875 0.5078703703703704 0.04479166666666667 0.07685185185185185
1 0.5252604166666667 0.36018518518518516 0.0578125 0.08703703703703704
1 0.5145833333333333 0.20416666666666666 0.04479166666666667 0.07685185185185185
1 0.7791666666666667 0.6712962962962963 0.04479166666666667 0.07222222222222222
1 0.5984375 0.5513888888888889 0.052083333333333336 0.08611111111111111
1 0.5471354166666667 0.28703703703703703 0.03802083333333333 0.06666666666666667
1 0.5752604166666667 0.24074074074074073 0.0359375 0.06296296296296296
1 0.8341145833333333 0.5504629629629629 0.04010416666666667 0.06388888888888888
1 0.9166666666666666 0.5833333333333334 0.0375 0.05740740740740741
1 0.8609375 0.6175925925925926 0.04583333333333333 0.08333333333333333
1 0.6731770833333334 0.20601851851851852 0.0359375 0.05277777777777778
1 0.7234375 0.9768518518518519 0.046875 0.04814814814814815
1 0.7403645833333333 0.3101851851851852 0.0328125 0.05
3 0.49140625 0.8708333333333333 0.10364583333333334 0.18425925925925926
3 0.28880208333333335 0.08796296296296297 0.0515625 0.05925925925925926
3 0.33645833333333336 0.058333333333333334 0.052083333333333336 0.05740740740740741
3 0.9505208333333334 0.687962962962963 0.1 0.2962962962962963