1 0.3828125 0.5469907407407407 0.034895833333333334 0.050462962962962966
1 0.09934895833333333 0.6395833333333333 0.04244791666666667 0.05787037037037037
1 0.11067708333333333 0.4409722222222222 0.027604166666666666 0.04027777777777778
1 0.13580729166666666 0.4988425925925926 0.030989583333333334 0.04675925925925926
1 0.058984375 0.4340277777777778 0.029427083333333333 0.043055555555555555
1 0.3555989583333333 0.4534722222222222 0.026822916666666665 0.038425925925925926
1 0.6356770833333333 0.5694444444444444 0.026041666666666668 0.04351851851851852
1 0.5385416666666667 0.4673611111111111 0.027604166666666666 0.03194444444444444
1 0.477734375 0.41064814814814815 0.01796875 0.03148148148148148
1 0.3763020833333333 0.42986111111111114 0.01875 0.02824074074074074
1 0.40846354166666665 0.40694444444444444 0.01953125 0.03148148148148148
1 0.6731770833333334 0.5094907407407407 0.019791666666666666 0.033796296296296297
1 0.541796875 0.41689814814814813 0.020052083333333335 0.03287037037037037
3 0.029947916666666668 0.7895833333333333 0.0578125 0.07916666666666666
3 0.171484375 0.8912037037037037 0.04869791666666667 0.05925925925925926
1 0.5630208333333333 0.4634259259259259 0.01875 0.025925925925925925
1 0.5546875 0.4412037037037037 0.01875 0.025925925925925925
1 0.5997395833333333 0.47685185185185186 0.01875 0.025925925925925925
1 0.6151041666666667 0.3902777777777778 0.01875 0.025925925925925925
1 0.6489583333333333 0.3851851851851852 0.01875 0.025925925925925925
1 0.6651041666666667 0.3976851851851852 0.01875 0.025925925925925925
1 0.675 0.36435185185185187 0.01875 0.025925925925925925