1 0.17447916666666666 0.875462962962963 0.0390625 0.06296296296296296
1 0.22057291666666667 0.8289351851851852 0.026041666666666668 0.04583333333333333
1 0.090234375 0.8317129629629629 0.03463541666666667 0.05694444444444444
1 0.300390625 0.6196759259259259 0.024739583333333332 0.04212962962962963
1 0.19921875 0.4789351851851852 0.025 0.04027777777777778
1 0.3575520833333333 0.49166666666666664 0.024479166666666666 0.040740740740740744
1 0.16901041666666666 0.6511574074074075 0.025 0.04027777777777778
1 0.4630208333333333 0.4863425925925926 0.025 0.04027777777777778
1 0.46588541666666666 0.4479166666666667 0.025 0.04027777777777778
1 0.3770833333333333 0.45949074074074076 0.025 0.04027777777777778
1 0.32395833333333335 0.6108796296296296 0.025 0.04027777777777778
1 0.3416666666666667 0.6252314814814814 0.025 0.04027777777777778
1 0.23984375 0.32060185185185186 0.025 0.04027777777777778
1 0.19140625 0.35162037037037036 0.025 0.04027777777777778
1 0.5076822916666667 0.3648148148148148 0.023697916666666666 0.03611111111111111
1 0.41158854166666664 0.3074074074074074 0.023697916666666666 0.03611111111111111
1 0.398046875 0.32037037037037036 0.023697916666666666 0.03611111111111111
1 0.37278645833333335 0.33055555555555555 0.023697916666666666 0.03611111111111111
1 0.351953125 0.3537037037037037 0.023697916666666666 0.03611111111111111
1 0.284765625 0.34120370370370373 0.023697916666666666 0.03611111111111111
1 0.3123697916666667 0.3194444444444444 0.023697916666666666 0.03611111111111111
1 0.374609375 0.2777777777777778 0.023697916666666666 0.03611111111111111
1 0.423046875 0.25416666666666665 0.023697916666666666 0.03611111111111111
1 0.454296875 0.36064814814814816 0.023697916666666666 0.03611111111111111
1 0.462109375 0.30925925925925923 0.023697916666666666 0.03611111111111111
1 0.46705729166666665 0.28888888888888886 0.023697916666666666 0.03611111111111111
1 0.270703125 0.4828703703703704 0.023697916666666666 0.03611111111111111
1 0.31028645833333335 0.38055555555555554 0.023697916666666666 0.03611111111111111
1 0.539453125 0.49675925925925923 0.023697916666666666 0.03611111111111111
1 0.5220052083333333 0.5152777777777777 0.023697916666666666 0.03611111111111111
1 0.5805989583333333 0.5069444444444444 0.023697916666666666 0.03611111111111111
1 0.5837239583333333 0.4388888888888889 0.023697916666666666 0.03611111111111111
1 0.5923177083333333 0.41574074074074074 0.023697916666666666 0.03611111111111111
1 0.612109375 0.4476851851851852 0.023697916666666666 0.03611111111111111
1 0.554296875 0.4638888888888889 0.023697916666666666 0.03611111111111111
1 0.6212239583333333 0.34675925925925927 0.023697916666666666 0.03611111111111111
1 0.601953125 0.30787037037037035 0.023697916666666666 0.03611111111111111
1 0.5837239583333333 0.3023148148148148 0.023697916666666666 0.03611111111111111
1 0.546484375 0.31805555555555554 0.023697916666666666 0.03611111111111111
1 0.532421875 0.33055555555555555 0.023697916666666666 0.03611111111111111
1 0.555859375 0.2601851851851852 0.023697916666666666 0.03611111111111111
1 0.5321614583333333 0.2324074074074074 0.023697916666666666 0.03611111111111111
1 0.598828125 0.2449074074074074 0.023697916666666666 0.03611111111111111
1 0.6016927083333333 0.2152777777777778 0.023697916666666666 0.03611111111111111
1 0.493359375 0.23935185185185184 0.023697916666666666 0.03611111111111111
1 0.4610677083333333 0.2074074074074074 0.023697916666666666 0.03611111111111111
1 0.707421875 0.5592592592592592 0.023697916666666666 0.03611111111111111
1 0.716015625 0.4925925925925926 0.023697916666666666 0.03611111111111111
1 0.7477864583333333 0.48333333333333334 0.023697916666666666 0.03611111111111111
1 0.7561197916666667 0.4546296296296296 0.023697916666666666 0.03611111111111111
1 0.743359375 0.43657407407407406 0.023697916666666666 0.03611111111111111
1 0.7165364583333333 0.42268518518518516 0.023697916666666666 0.03611111111111111
1 0.691796875 0.4152777777777778 0.023697916666666666 0.03611111111111111
1 0.6733072916666667 0.4046296296296296 0.023697916666666666 0.03611111111111111
1 0.670703125 0.4222222222222222 0.023697916666666666 0.03611111111111111
1 0.6662760416666667 0.4759259259259259 0.023697916666666666 0.03611111111111111
1 0.7592447916666667 0.3773148148148148 0.023697916666666666 0.03611111111111111
1 0.811328125 0.3726851851851852 0.023697916666666666 0.03611111111111111
1 0.8055989583333333 0.399537037037037 0.023697916666666666 0.03611111111111111
1 0.7915364583333333 0.44351851851851853 0.023697916666666666 0.03611111111111111