1 0.14791666666666667 0.41358024691358025 0.05694444444444444 0.0962962962962963
1 0.2777777777777778 0.6654320987654321 0.04722222222222222 0.08641975308641975
1 0.2048611111111111 0.20246913580246914 0.04861111111111111 0.0691358024691358
1 0.4 0.10493827160493827 0.03611111111111111 0.056790123456790124
1 0.4326388888888889 0.37530864197530867 0.043055555555555555 0.07901234567901234
3 0.06458333333333334 0.25555555555555554 0.12083333333333333 0.1111111111111111
1 0.7111111111111111 0.7333333333333333 0.03888888888888889 0.06419753086419754
1 0.71875 0.40370370370370373 0.04027777777777778 0.06666666666666667
1 0.7465277777777778 0.36419753086419754 0.04027777777777778 0.06666666666666667
1 0.7868055555555555 0.3296296296296296 0.04027777777777778 0.06666666666666667
1 0.5868055555555556 0.30493827160493825 0.04027777777777778 0.06666666666666667
1 0.6118055555555556 0.22098765432098766 0.04027777777777778 0.06666666666666667