0 0.8680555555555556 0.5864197530864198 0.10277777777777777 0.145679012345679
0 0.7027777777777777 0.9160493827160494 0.16111111111111112 0.15308641975308643
1 0.3680555555555556 0.24320987654320989 0.06944444444444445 0.14074074074074075
1 0.9097222222222222 0.16296296296296298 0.07222222222222222 0.12345679012345678
1 0.2361111111111111 0.08641975308641975 0.08055555555555556 0.1382716049382716
1 0.7111111111111111 0.3851851851851852 0.05555555555555555 0.08888888888888889
2 0.15347222222222223 0.8975308641975308 0.08194444444444444 0.08641975308641975
2 0.29930555555555555 0.9185185185185185 0.09861111111111111 0.16296296296296298
2 0.36319444444444443 0.8148148148148148 0.07916666666666666 0.12839506172839507
3 0.16944444444444445 0.9555555555555556 0.10833333333333334 0.08888888888888889
3 0.7090277777777778 0.4580246913580247 0.07361111111111111 0.0962962962962963