1 0.7541666666666667 0.0691358024691358 0.08888888888888889 0.13333333333333333
1 0.5069444444444444 0.6580246913580247 0.058333333333333334 0.10617283950617284
1 0.3388888888888889 0.8666666666666667 0.06944444444444445 0.09876543209876543
1 0.7465277777777778 0.7654320987654321 0.0763888888888889 0.11358024691358025
1 0.5965277777777778 0.3851851851851852 0.0625 0.11358024691358025
1 0.42777777777777776 0.7654320987654321 0.06111111111111111 0.11358024691358025
1 0.6055555555555555 0.671604938271605 0.06666666666666667 0.10864197530864197
1 0.6784722222222223 0.8320987654320988 0.06805555555555555 0.11358024691358025
1 0.4673611111111111 0.3271604938271605 0.043055555555555555 0.07654320987654321
1 0.0798611111111111 0.34814814814814815 0.059722222222222225 0.08395061728395062
1 0.6763888888888889 0.3567901234567901 0.03888888888888889 0.07160493827160494
1 0.15902777777777777 0.4271604938271605 0.0375 0.07901234567901234
3 0.55 0.28641975308641976 0.04722222222222222 0.08395061728395062
3 0.6131944444444445 0.0691358024691358 0.05416666666666667 0.10864197530864197
3 0.49930555555555556 0.30987654320987656 0.04027777777777778 0.09135802469135802
3 0.44513888888888886 0.39382716049382716 0.04861111111111111 0.08148148148148149