1 0.6126302083333334 0.687037037037037 0.03463541666666667 0.05925925925925926
1 0.89765625 0.6747685185185185 0.04739583333333333 0.07175925925925926
1 0.401171875 0.8289351851851852 0.032552083333333336 0.043055555555555555
1 0.331640625 0.8805555555555555 0.022135416666666668 0.04537037037037037
1 0.5475260416666666 0.5701388888888889 0.02421875 0.03564814814814815
1 0.3053385416666667 0.725925925925926 0.022135416666666668 0.04537037037037037
1 0.323828125 0.6680555555555555 0.022135416666666668 0.04537037037037037
1 0.37799479166666666 0.575462962962963 0.022135416666666668 0.04537037037037037
1 0.401171875 0.5773148148148148 0.022135416666666668 0.04537037037037037
1 0.40377604166666664 0.5555555555555556 0.022135416666666668 0.04537037037037037
1 0.4337239583333333 0.5449074074074074 0.022135416666666668 0.04537037037037037
1 0.447265625 0.5115740740740741 0.022135416666666668 0.04537037037037037
1 0.46315104166666665 0.4986111111111111 0.022135416666666668 0.04537037037037037
1 0.5131510416666667 0.49398148148148147 0.022135416666666668 0.04537037037037037
1 0.5626302083333333 0.5430555555555555 0.022135416666666668 0.04537037037037037
1 0.5694010416666667 0.350462962962963 0.022135416666666668 0.04537037037037037
1 0.5907552083333333 0.32407407407407407 0.022135416666666668 0.04537037037037037
1 0.6592447916666667 0.21851851851851853 0.022135416666666668 0.04537037037037037
1 0.683203125 0.2037037037037037 0.022135416666666668 0.04537037037037037
1 0.8229166666666666 0.9645833333333333 0.04739583333333333 0.07175925925925926