1 0.6493055555555556 0.754320987654321 0.04583333333333333 0.08148148148148149
1 0.6423611111111112 0.6407407407407407 0.04583333333333333 0.07654320987654321
1 0.875 0.7975308641975308 0.058333333333333334 0.07901234567901234
1 0.9298611111111111 0.8888888888888888 0.10694444444444444 0.13333333333333333
1 0.4131944444444444 0.6851851851851852 0.04861111111111111 0.0962962962962963
1 0.38680555555555557 0.5481481481481482 0.04027777777777778 0.06419753086419754
1 0.9791666666666666 0.6765432098765433 0.041666666666666664 0.09382716049382717
1 0.4798611111111111 0.6296296296296297 0.04583333333333333 0.08395061728395062
1 0.09583333333333334 0.3987654320987654 0.075 0.0962962962962963
1 0.4284722222222222 0.5271604938271605 0.0375 0.056790123456790124
1 0.575 0.5753086419753086 0.044444444444444446 0.07901234567901234
1 0.7333333333333333 0.5481481481481482 0.041666666666666664 0.06419753086419754
1 0.5715277777777777 0.7913580246913581 0.04027777777777778 0.08148148148148149
1 0.6833333333333333 0.3135802469135803 0.041666666666666664 0.07407407407407407
1 0.6013888888888889 0.25555555555555554 0.03611111111111111 0.06666666666666667
3 0.46458333333333335 0.9234567901234568 0.059722222222222225 0.08888888888888889
3 0.7763888888888889 0.6987654320987654 0.05 0.0691358024691358
3 0.5868055555555556 0.8765432098765432 0.04583333333333333 0.07901234567901234
3 0.14583333333333334 0.4962962962962963 0.05555555555555555 0.05925925925925926
3 0.5208333333333334 0.9753086419753086 0.05555555555555555 0.04938271604938271
3 0.7444444444444445 0.6518518518518519 0.04722222222222222 0.05925925925925926