1 0.5423611111111111 0.9209876543209876 0.09583333333333334 0.1580246913580247
1 0.45416666666666666 0.42592592592592593 0.09166666666666666 0.13580246913580246
1 0.7861111111111111 0.6222222222222222 0.13055555555555556 0.14320987654320988
1 0.21875 0.3654320987654321 0.08194444444444444 0.1037037037037037
1 0.4840277777777778 0.6222222222222222 0.05138888888888889 0.0691358024691358
1 0.20347222222222222 0.18395061728395062 0.14305555555555555 0.17037037037037037
1 0.59375 0.6975308641975309 0.09861111111111111 0.16049382716049382
1 0.07222222222222222 0.5469135802469136 0.14166666666666666 0.16049382716049382
1 0.6923611111111111 0.8641975308641975 0.08194444444444444 0.09876543209876543
1 0.5576388888888889 0.6148148148148148 0.07083333333333333 0.08395061728395062
1 0.1076388888888889 0.5938271604938271 0.07916666666666666 0.10123456790123457
3 0.9326388888888889 0.12222222222222222 0.13194444444444445 0.16049382716049382
3 0.8881944444444444 0.25555555555555554 0.1486111111111111 0.1259259259259259
3 0.7166666666666667 0.2765432098765432 0.07777777777777778 0.09876543209876543
3 0.7388888888888889 0.12469135802469136 0.06666666666666667 0.10617283950617284