0 0.40069444444444446 0.7246913580246913 0.10694444444444444 0.10617283950617284
0 0.6263888888888889 0.3493827160493827 0.06944444444444445 0.10617283950617284
1 0.9444444444444444 0.5382716049382716 0.10555555555555556 0.17777777777777778
1 0.9590277777777778 0.3160493827160494 0.08194444444444444 0.16790123456790124
1 0.8006944444444445 0.5641975308641975 0.10694444444444444 0.1654320987654321
1 0.8881944444444444 0.2345679012345679 0.0875 0.13333333333333333
1 0.81875 0.37407407407407406 0.09027777777777778 0.145679012345679
1 0.3729166666666667 0.4839506172839506 0.0763888888888889 0.13333333333333333
1 0.7888888888888889 0.9382716049382716 0.11666666666666667 0.11851851851851852
1 0.3736111111111111 0.6358024691358025 0.06666666666666667 0.1308641975308642
1 0.475 0.6407407407407407 0.08055555555555556 0.14074074074074075
1 0.5291666666666667 0.937037037037037 0.075 0.11604938271604938
1 0.6680555555555555 0.04197530864197531 0.06388888888888888 0.07901234567901234
1 0.48541666666666666 0.5037037037037037 0.08472222222222223 0.13333333333333333
1 0.6375 0.22469135802469137 0.06388888888888888 0.12839506172839507
1 0.4756944444444444 0.37037037037037035 0.08194444444444444 0.1382716049382716
1 0.39444444444444443 0.21851851851851853 0.06666666666666667 0.11604938271604938
1 0.2 0.5555555555555556 0.08888888888888889 0.10864197530864197
1 0.022916666666666665 0.9308641975308642 0.043055555555555555 0.1382716049382716
1 0.022222222222222223 0.6123456790123457 0.041666666666666664 0.1037037037037037
3 0.36319444444444443 0.8530864197530864 0.0875 0.1506172839506173
3 0.5388888888888889 0.8209876543209876 0.058333333333333334 0.0962962962962963
3 0.8840277777777777 0.7913580246913581 0.09027777777777778 0.1259259259259259
3 0.7291666666666666 0.6703703703703704 0.08333333333333333 0.1506172839506173
3 0.38055555555555554 0.35185185185185186 0.08333333333333333 0.1506172839506173