1 0.38333333333333336 0.2777777777777778 0.07777777777777778 0.1654320987654321
1 0.5618055555555556 0.8604938271604938 0.10694444444444444 0.16049382716049382
1 0.4708333333333333 0.3419753086419753 0.09722222222222222 0.2
1 0.32013888888888886 0.2679012345679012 0.05694444444444444 0.10617283950617284
1 0.4041666666666667 0.6234567901234568 0.05 0.08148148148148149
1 0.30833333333333335 0.4123456790123457 0.05555555555555555 0.1037037037037037
1 0.10208333333333333 0.3962962962962963 0.04583333333333333 0.08148148148148149
1 0.36666666666666664 0.0691358024691358 0.03888888888888889 0.0691358024691358
1 0.27708333333333335 0.0962962962962963 0.04583333333333333 0.09382716049382717
1 0.11458333333333333 0.17407407407407408 0.04583333333333333 0.08148148148148149
1 0.3625 0.12345679012345678 0.03888888888888889 0.0691358024691358
1 0.3388888888888889 0.13580246913580246 0.03888888888888889 0.0691358024691358
1 0.28958333333333336 0.6358024691358025 0.04583333333333333 0.08148148148148149