1 0.8604166666666667 0.794212962962963 0.08333333333333333 0.15787037037037038
1 0.51640625 0.2414351851851852 0.13541666666666666 0.33101851851851855
1 0.625 0.49675925925925923 0.052083333333333336 0.1175925925925926
1 0.7065104166666667 0.7747685185185185 0.06458333333333334 0.11064814814814815
1 0.9216145833333333 0.5476851851851852 0.08489583333333334 0.11666666666666667
1 0.6662760416666667 0.9018518518518519 0.06380208333333333 0.08148148148148149
1 0.679296875 0.5337962962962963 0.07005208333333333 0.13240740740740742
1 0.944140625 0.49930555555555556 0.06744791666666666 0.08009259259259259
2 0.2755208333333333 0.11319444444444444 0.0609375 0.08935185185185185
3 0.8592447916666667 0.15092592592592594 0.07109375 0.08518518518518518
3 0.5484375 0.637962962962963 0.040625 0.07685185185185185