0 0.5236111111111111 0.6370370370370371 0.08333333333333333 0.08888888888888889
0 0.2534722222222222 0.8345679012345679 0.10138888888888889 0.11358024691358025
0 0.34652777777777777 0.6790123456790124 0.059722222222222225 0.09382716049382717
1 0.1951388888888889 0.2617283950617284 0.05694444444444444 0.09876543209876543
1 0.36319444444444443 0.3469135802469136 0.04861111111111111 0.08641975308641975
1 0.95 0.6975308641975309 0.06666666666666667 0.0962962962962963
1 0.7236111111111111 0.36666666666666664 0.04722222222222222 0.06666666666666667
1 0.12777777777777777 0.06419753086419754 0.06111111111111111 0.09382716049382717
1 0.8270833333333333 0.30246913580246915 0.0625 0.0962962962962963
1 0.14930555555555555 0.16296296296296298 0.07916666666666666 0.11358024691358025
3 0.71875 0.8049382716049382 0.09583333333333334 0.1580246913580247
3 0.6375 0.9012345679012346 0.09166666666666666 0.1580246913580247
3 0.8715277777777778 0.7728395061728395 0.07916666666666666 0.1382716049382716
3 0.7277777777777777 0.445679012345679 0.058333333333333334 0.09135802469135802
3 0.47291666666666665 0.9012345679012346 0.08194444444444444 0.18271604938271604
3 0.9194444444444444 0.9567901234567902 0.15 0.08148148148148149
3 0.16180555555555556 0.408641975308642 0.0625 0.10123456790123457
3 0.9298611111111111 0.7728395061728395 0.059722222222222225 0.08888888888888889
3 0.725 0.9654320987654321 0.06666666666666667 0.06419753086419754