1 0.7305555555555555 0.8654320987654321 0.11388888888888889 0.18024691358024691
1 0.6006944444444444 0.47901234567901235 0.07916666666666666 0.14320987654320988
1 0.5395833333333333 0.3234567901234568 0.0875 0.14814814814814814
1 0.7916666666666666 0.41975308641975306 0.08055555555555556 0.13333333333333333
1 0.24722222222222223 0.5185185185185185 0.11388888888888889 0.17777777777777778
1 0.39305555555555555 0.1345679012345679 0.08055555555555556 0.1308641975308642
1 0.20902777777777778 0.13950617283950617 0.0875 0.1308641975308642
1 0.41875 0.044444444444444446 0.08194444444444444 0.08395061728395062
1 0.3138888888888889 0.030864197530864196 0.08611111111111111 0.056790123456790124
3 0.19236111111111112 0.8135802469135802 0.17083333333333334 0.254320987654321
3 0.5111111111111111 0.562962962962963 0.10833333333333334 0.1728395061728395
3 0.08680555555555555 0.45555555555555555 0.12916666666666668 0.1506172839506173
3 0.14166666666666666 0.3148148148148148 0.11944444444444445 0.1111111111111111
3 0.6277777777777778 0.3802469135802469 0.08611111111111111 0.11358024691358025
3 0.30833333333333335 0.6246913580246913 0.08611111111111111 0.10864197530864197
3 0.6951388888888889 0.7246913580246913 0.0763888888888889 0.10617283950617284
3 0.6701388888888888 0.9333333333333333 0.08472222222222223 0.13333333333333333