1 0.6890625 0.899074074074074 0.07083333333333333 0.1259259259259259
1 0.48125 0.7810185185185186 0.035416666666666666 0.058333333333333334
1 0.5783854166666667 0.6939814814814815 0.043229166666666666 0.0712962962962963
1 0.67734375 0.22685185185185186 0.034895833333333334 0.05185185185185185
1 0.9817708333333334 0.25555555555555554 0.036458333333333336 0.10185185185185185
1 0.5604166666666667 0.5421296296296296 0.0375 0.06574074074074074
1 0.7677083333333333 0.17824074074074073 0.03854166666666667 0.062037037037037036
1 0.5856770833333333 0.4912037037037037 0.03802083333333333 0.06574074074074074
1 0.71328125 0.1865740740740741 0.03697916666666667 0.06018518518518518
3 0.7588541666666667 0.7106481481481481 0.05520833333333333 0.08055555555555556
1 0.6677083333333333 0.20462962962962963 0.035416666666666666 0.05185185185185185
1 0.8572916666666667 0.09166666666666666 0.035416666666666666 0.05185185185185185