0 0.6597222222222222 0.4641975308641975 0.09444444444444444 0.10864197530864197
0 0.28194444444444444 0.6851851851851852 0.06388888888888888 0.13580246913580246
0 0.8944444444444445 0.34444444444444444 0.07222222222222222 0.11604938271604938
1 0.17430555555555555 0.5666666666666667 0.10138888888888889 0.16049382716049382
1 0.09722222222222222 0.362962962962963 0.10833333333333334 0.16790123456790124
1 0.45208333333333334 0.11358024691358025 0.05138888888888889 0.09876543209876543
1 0.15763888888888888 0.26049382716049385 0.0625 0.10123456790123457
1 0.18541666666666667 0.030864197530864196 0.05416666666666667 0.06172839506172839
1 0.06805555555555555 0.7185185185185186 0.12777777777777777 0.19753086419753085
1 0.27152777777777776 0.554320987654321 0.07361111111111111 0.1308641975308642
1 0.5013888888888889 0.15925925925925927 0.03888888888888889 0.07160493827160494
1 0.40069444444444446 0.04567901234567901 0.059722222222222225 0.08641975308641975
1 0.020833333333333332 0.11975308641975309 0.041666666666666664 0.1111111111111111
1 0.9784722222222222 0.24691358024691357 0.043055555555555555 0.1382716049382716
1 0.03888888888888889 0.03333333333333333 0.07777777777777778 0.06666666666666667
1 0.39791666666666664 0.3765432098765432 0.0625 0.1259259259259259
1 0.88125 0.08148148148148149 0.07083333333333333 0.10864197530864197
1 0.8090277777777778 0.043209876543209874 0.05694444444444444 0.08641975308641975