1 0.08216145833333334 0.5247685185185185 0.06640625 0.09305555555555556
1 0.33763020833333335 0.1599537037037037 0.04453125 0.06898148148148148
1 0.5533854166666666 0.5418981481481482 0.04583333333333333 0.08101851851851852
1 0.0609375 0.44004629629629627 0.051041666666666666 0.07175925925925926
1 0.3880208333333333 0.15671296296296297 0.0328125 0.056018518518518516
1 0.10065104166666666 0.1414351851851852 0.05755208333333333 0.0875
1 0.15247395833333333 0.7219907407407408 0.06328125 0.09212962962962963
1 0.69609375 0.45810185185185187 0.0328125 0.05694444444444444
1 0.43411458333333336 0.36666666666666664 0.03958333333333333 0.06018518518518518
1 0.083984375 0.20833333333333334 0.05234375 0.06018518518518518
1 0.5256510416666667 0.09305555555555556 0.03307291666666667 0.05277777777777778
1 0.60390625 0.26087962962962963 0.0296875 0.047685185185185185
1 0.748046875 0.42314814814814816 0.03359375 0.049074074074074076
1 0.6255208333333333 0.1814814814814815 0.030208333333333334 0.04722222222222222
1 0.8236979166666667 0.3162037037037037 0.03177083333333333 0.05277777777777778
1 0.20911458333333333 0.38263888888888886 0.04791666666666667 0.0699074074074074
1 0.4161458333333333 0.6430555555555556 0.04739583333333333 0.07314814814814814
1 0.054427083333333334 0.3175925925925926 0.06770833333333333 0.09907407407407408
1 0.58984375 0.11967592592592592 0.03125 0.055092592592592596
1 0.803125 0.46458333333333335 0.027083333333333334 0.050462962962962966
1 0.30716145833333336 0.36875 0.039322916666666666 0.06712962962962964
1 0.7009114583333333 0.20046296296296295 0.023697916666666666 0.03981481481481482
1 0.951953125 0.49953703703703706 0.03671875 0.05740740740740741
3 0.37916666666666665 0.2773148148148148 0.05260416666666667 0.04537037037037037
3 0.3796875 0.4599537037037037 0.03854166666666667 0.05138888888888889
3 0.4934895833333333 0.34328703703703706 0.030208333333333334 0.04490740740740741
1 0.885546875 0.5305555555555556 0.03671875 0.05740740740740741
1 0.850390625 0.49537037037037035 0.03671875 0.05740740740740741
1 0.9044270833333333 0.3835648148148148 0.021875 0.0412037037037037
1 0.90625 0.35439814814814813 0.021875 0.0412037037037037
1 0.9247395833333333 0.3173611111111111 0.021875 0.0412037037037037
1 0.91171875 0.2914351851851852 0.021875 0.0412037037037037
1 0.8653645833333333 0.256712962962963 0.021875 0.0412037037037037
1 0.7532552083333334 0.3173611111111111 0.02421875 0.03657407407407407
1 0.791015625 0.3159722222222222 0.02421875 0.03657407407407407
1 0.7813802083333333 0.30115740740740743 0.02421875 0.03657407407407407
1 0.752734375 0.2534722222222222 0.02421875 0.03657407407407407
1 0.7701822916666666 0.23032407407407407 0.02421875 0.03657407407407407
1 0.7337239583333334 0.20162037037037037 0.02421875 0.03657407407407407
1 0.7360677083333333 0.18217592592592594 0.02421875 0.03657407407407407
1 0.7342447916666667 0.1613425925925926 0.02421875 0.03657407407407407
1 0.696484375 0.1525462962962963 0.02421875 0.03657407407407407
1 0.6657552083333333 0.16319444444444445 0.02421875 0.03657407407407407
1 0.662890625 0.12152777777777778 0.02421875 0.03657407407407407
1 0.691796875 0.11550925925925926 0.02421875 0.03657407407407407
1 0.7201822916666667 0.47152777777777777 0.02421875 0.03657407407407407
1 0.549609375 0.025231481481481483 0.02421875 0.03657407407407407
1 0.556640625 0.05023148148148148 0.02421875 0.03657407407407407
1 0.554296875 0.08912037037037036 0.01484375 0.03194444444444444