0 0.4409722222222222 0.7444444444444445 0.10416666666666667 0.09135802469135802
0 0.7819444444444444 0.7901234567901234 0.09166666666666666 0.14814814814814814
1 0.2423611111111111 0.4 0.05138888888888889 0.08395061728395062
1 0.1840277777777778 0.5111111111111111 0.0625 0.09382716049382717
1 0.1125 0.6407407407407407 0.09444444444444444 0.12098765432098765
1 0.5159722222222223 0.8592592592592593 0.0875 0.1382716049382716
1 0.8277777777777777 0.571604938271605 0.08888888888888889 0.1506172839506173
1 0.6604166666666667 0.16296296296296298 0.04027777777777778 0.0691358024691358
1 0.8798611111111111 0.454320987654321 0.06805555555555555 0.1037037037037037
1 0.28125 0.7037037037037037 0.05694444444444444 0.07407407407407407
1 0.35833333333333334 0.07901234567901234 0.044444444444444446 0.07407407407407407
1 0.4597222222222222 0.8234567901234567 0.05555555555555555 0.07160493827160494
1 0.9736111111111111 0.20246913580246914 0.041666666666666664 0.07901234567901234
1 0.4423611111111111 0.18765432098765433 0.04583333333333333 0.06419753086419754
1 0.8458333333333333 0.028395061728395062 0.05555555555555555 0.05185185185185185
1 0.38125 0.47160493827160493 0.04027777777777778 0.07407407407407407
3 0.29444444444444445 0.7666666666666667 0.1 0.12098765432098765
3 0.16597222222222222 0.36790123456790125 0.0625 0.08888888888888889
3 0.3861111111111111 0.6802469135802469 0.06111111111111111 0.09135802469135802
3 0.8923611111111112 0.5432098765432098 0.07361111111111111 0.10864197530864197
3 0.5423611111111111 0.20617283950617285 0.07083333333333333 0.10617283950617284
3 0.6256944444444444 0.4222222222222222 0.05416666666666667 0.08888888888888889
3 0.9805555555555555 0.3728395061728395 0.03888888888888889 0.08395061728395062
3 0.29097222222222224 0.27901234567901234 0.05694444444444444 0.08888888888888889