1 0.2423611111111111 0.9395061728395062 0.07916666666666666 0.12098765432098765
1 0.14166666666666666 0.2814814814814815 0.05555555555555555 0.08888888888888889
1 0.5229166666666667 0.8987654320987655 0.05138888888888889 0.08395061728395062
1 0.05763888888888889 0.20617283950617285 0.05694444444444444 0.08148148148148149
1 0.775 0.9160493827160494 0.044444444444444446 0.09382716049382717
1 0.7680555555555556 0.8185185185185185 0.05277777777777778 0.08641975308641975
1 0.3326388888888889 0.8753086419753087 0.05694444444444444 0.13580246913580246
1 0.775 0.4666666666666667 0.044444444444444446 0.07901234567901234
1 0.16041666666666668 0.3395061728395062 0.04583333333333333 0.07160493827160494
1 0.675 0.7061728395061728 0.044444444444444446 0.07901234567901234
1 0.38819444444444445 0.29506172839506173 0.034722222222222224 0.06172839506172839
1 0.46041666666666664 0.23580246913580247 0.034722222222222224 0.06172839506172839
1 0.3819444444444444 0.3962962962962963 0.03611111111111111 0.07160493827160494
3 0.08333333333333333 0.7864197530864198 0.10277777777777777 0.12098765432098765
3 0.9458333333333333 0.5037037037037037 0.06666666666666667 0.06419753086419754
1 0.6673611111111111 0.36049382716049383 0.034722222222222224 0.05432098765432099
1 0.675 0.28271604938271605 0.03611111111111111 0.056790123456790124
1 0.5555555555555556 0.27901234567901234 0.027777777777777776 0.044444444444444446
1 0.48055555555555557 0.5580246913580247 0.027777777777777776 0.044444444444444446
1 0.1736111111111111 0.18641975308641975 0.03611111111111111 0.05185185185185185