1 0.04674479166666667 0.812962962962963 0.03671875 0.06574074074074074
1 0.4640625 0.5634259259259259 0.01875 0.03611111111111111
1 0.42356770833333335 0.45902777777777776 0.020052083333333335 0.0375
1 0.044921875 0.6018518518518519 0.02421875 0.03888888888888889
1 0.109765625 0.7898148148148149 0.023697916666666666 0.03981481481481482
1 0.08736979166666667 0.5863425925925926 0.021614583333333333 0.03657407407407407
1 0.39114583333333336 0.5958333333333333 0.023958333333333335 0.041666666666666664
1 0.014192708333333333 0.893287037037037 0.02421875 0.04398148148148148
1 0.24296875 0.5590277777777778 0.019791666666666666 0.0412037037037037
1 0.20494791666666667 0.5555555555555556 0.03177083333333333 0.05740740740740741
1 0.5154947916666667 0.5115740740740741 0.022135416666666668 0.040740740740740744
1 0.31796875 0.5458333333333333 0.01875 0.03518518518518519
1 0.39348958333333334 0.4516203703703704 0.016666666666666666 0.03287037037037037
1 0.4015625 0.5375 0.019791666666666666 0.03611111111111111
1 0.30859375 0.5206018518518518 0.0171875 0.02546296296296296
1 0.38502604166666665 0.525 0.018489583333333334 0.041666666666666664
1 0.5509114583333333 0.49560185185185185 0.018489583333333334 0.03009259259259259
1 0.33255208333333336 0.36041666666666666 0.016666666666666666 0.03657407407407407
1 0.6638020833333333 0.5057870370370371 0.018229166666666668 0.029166666666666667
3 0.1484375 0.8587962962962963 0.022395833333333334 0.03148148148148148
3 0.4140625 0.6037037037037037 0.0125 0.020370370370370372
3 0.448046875 0.6349537037037037 0.021614583333333333 0.03935185185185185
1 0.6596354166666667 0.5358796296296297 0.018229166666666668 0.029166666666666667
1 0.64609375 0.5891203703703703 0.018229166666666668 0.029166666666666667
1 0.5723958333333333 0.5979166666666667 0.018229166666666668 0.029166666666666667
1 0.6315104166666666 0.5006944444444444 0.018229166666666668 0.029166666666666667
1 0.6390625 0.47939814814814813 0.018229166666666668 0.029166666666666667
1 0.696875 0.4039351851851852 0.018229166666666668 0.029166666666666667
1 0.7057291666666666 0.5113425925925926 0.018229166666666668 0.029166666666666667
1 0.5645833333333333 0.46041666666666664 0.018229166666666668 0.029166666666666667
1 0.46432291666666664 0.493287037037037 0.018229166666666668 0.029166666666666667
1 0.5979166666666667 0.41087962962962965 0.018229166666666668 0.029166666666666667
1 0.603125 0.39375 0.018229166666666668 0.029166666666666667
1 0.57890625 0.3798611111111111 0.018229166666666668 0.029166666666666667
1 0.5333333333333333 0.3136574074074074 0.018229166666666668 0.029166666666666667
1 0.6666666666666666 0.4009259259259259 0.014583333333333334 0.024074074074074074
1 0.7010416666666667 0.36157407407407405 0.014583333333333334 0.024074074074074074
1 0.7013020833333333 0.3425925925925926 0.014583333333333334 0.024074074074074074
1 0.8627604166666667 0.41759259259259257 0.014583333333333334 0.024074074074074074
1 0.8721354166666667 0.3736111111111111 0.014583333333333334 0.024074074074074074
1 0.8875 0.36157407407407405 0.014583333333333334 0.024074074074074074
1 0.8611979166666667 0.3435185185185185 0.014583333333333334 0.024074074074074074
1 0.88046875 0.34074074074074073 0.014583333333333334 0.024074074074074074
1 0.8494791666666667 0.3560185185185185 0.014583333333333334 0.024074074074074074
1 0.8453125 0.3958333333333333 0.014583333333333334 0.024074074074074074
1 0.7125 0.5402777777777777 0.014583333333333334 0.024074074074074074
1 0.4640625 0.31203703703703706 0.014583333333333334 0.024074074074074074
1 0.45286458333333335 0.3402777777777778 0.014583333333333334 0.024074074074074074
1 0.44036458333333334 0.3435185185185185 0.014583333333333334 0.024074074074074074
1 0.42864583333333334 0.3148148148148148 0.014583333333333334 0.024074074074074074
1 0.575 0.3050925925925926 0.014583333333333334 0.024074074074074074
3 0.4171875 0.6324074074074074 0.0125 0.020370370370370372
3 0.4471354166666667 0.6087962962962963 0.0125 0.020370370370370372
3 0.5557291666666667 0.6194444444444445 0.0125 0.020370370370370372
3 0.721875 0.5715277777777777 0.017708333333333333 0.02638888888888889
1 0.4283854166666667 0.6680555555555555 0.013541666666666667 0.023148148148148147
1 0.41302083333333334 0.6601851851851852 0.013541666666666667 0.023148148148148147
1 0.40390625 0.6638888888888889 0.013541666666666667 0.023148148148148147
1 0.3868489583333333 0.687962962962963 0.022135416666666668 0.026851851851851852
1 0.28880208333333335 0.3076388888888889 0.0140625 0.01990740740740741
1 0.27734375 0.30671296296296297 0.0140625 0.01990740740740741
1 0.40286458333333336 0.48657407407407405 0.0171875 0.025925925925925925