6 0.599144 0.578081 0.276680 0.348509
6 0.401515 0.655210 0.276680 0.152354
8 0.365942 0.288609 0.102767 0.276141
8 0.234519 0.345742 0.177866 0.192346
8 0.179183 0.273374 0.239130 0.100934
10 0.176713 0.109594 0.095850 0.135214
10 0.048090 0.630453 0.096179 0.194251
7 0.234025 0.517140 0.459486 0.325656
7 0.086627 0.309558 0.173254 0.161876
7 0.153327 0.831369 0.306653 0.302803
7 0.287879 0.877120 0.353755 0.245760
7 0.516140 0.839984 0.142292 0.320032
7 0.599638 0.366691 0.224308 0.268523
7 0.394598 0.367643 0.136364 0.148545
7 0.463274 0.082887 0.125494 0.165774
7 0.708827 0.141017 0.175889 0.251383
7 0.844203 0.393352 0.306324 0.291376
7 0.759717 0.598078 0.184783 0.445634
7 0.852108 0.181010 0.138340 0.144736
7 0.951910 0.168631 0.081028 0.203773
9 0.837286 0.812325 0.215415 0.356126
9 0.649539 0.794233 0.189723 0.274236
9 0.587286 0.182914 0.096838 0.198060
9 0.664855 0.935205 0.141304 0.129590
9 0.855072 0.066745 0.140316 0.095221