6 0.605567 0.714783 0.265810 0.366752
6 0.428195 0.756321 0.254941 0.182363
8 0.369401 0.408819 0.087945 0.285702
8 0.245389 0.490882 0.158103 0.202625
8 0.193511 0.429081 0.232213 0.107391
10 0.185606 0.277112 0.080040 0.143864
10 0.070487 0.834332 0.108696 0.212757
7 0.259223 0.679323 0.442688 0.312043
7 0.089592 0.503039 0.179183 0.158048
7 0.042655 0.719848 0.085310 0.303938
7 0.167161 0.898423 0.334321 0.203154
7 0.368412 0.930843 0.232213 0.138314
7 0.541831 0.885252 0.114625 0.229495
7 0.750329 0.644877 0.175889 0.437671
7 0.597661 0.418950 0.204545 0.253282
7 0.402997 0.490882 0.113636 0.170205
7 0.452899 0.180865 0.114625 0.198573
7 0.354578 0.115012 0.087945 0.143864
7 0.696970 0.192010 0.175889 0.220862
7 0.834816 0.413884 0.313241 0.283675
7 0.939888 0.575984 0.120224 0.380935
7 0.861495 0.225443 0.188735 0.158048
7 0.921278 0.183905 0.083004 0.204652
9 0.578887 0.263942 0.097826 0.194520
9 0.837286 0.822439 0.195652 0.355122
9 0.655962 0.861686 0.184783 0.247203
9 0.821476 0.098802 0.140316 0.099286
9 0.803195 0.036737 0.074111 0.073474
9 0.918314 0.042816 0.148221 0.085631