6 0.596673 0.629439 0.261858 0.264993
6 0.415843 0.747666 0.253953 0.207917
7 0.238472 0.682437 0.432806 0.326145
7 0.577899 0.392984 0.194664 0.248685
7 0.816535 0.352216 0.316206 0.289453
7 0.657938 0.162644 0.166996 0.224225
7 0.818511 0.172836 0.201581 0.163072
7 0.893116 0.113722 0.076087 0.199764
7 0.936594 0.505096 0.119565 0.346529
7 0.730567 0.601920 0.164032 0.438257
7 0.539361 0.868737 0.127470 0.262526
7 0.370883 0.920716 0.223320 0.158567
7 0.184124 0.919697 0.310277 0.160606
7 0.036726 0.768050 0.073452 0.309838
7 0.085145 0.541787 0.170290 0.126381
7 0.434618 0.160606 0.121542 0.216071
7 0.321970 0.110665 0.083992 0.156957
8 0.350626 0.406233 0.082016 0.299645
7 0.402503 0.484712 0.148221 0.199764
8 0.236495 0.506115 0.160079 0.230340
8 0.168808 0.452097 0.244071 0.126381
10 0.165349 0.299217 0.088933 0.163072
10 0.070982 0.863855 0.117589 0.232378
9 0.651021 0.819010 0.186759 0.232378
9 0.688570 0.957408 0.159091 0.085184
9 0.826416 0.767031 0.173913 0.389335
9 0.550725 0.230931 0.098814 0.189572
9 0.781950 0.045650 0.148221 0.091300
9 0.952404 0.047688 0.072134 0.095376