7 0.236495 0.639752 0.420949 0.304912
6 0.607049 0.595774 0.284585 0.271685
6 0.413867 0.703275 0.257905 0.197411
7 0.171607 0.894149 0.343214 0.211701
7 0.354084 0.900013 0.256917 0.199974
7 0.538373 0.844308 0.131423 0.311384
7 0.573946 0.379794 0.202569 0.191548
7 0.831851 0.321157 0.327075 0.277549
7 0.733037 0.566455 0.176877 0.396777
7 0.658432 0.133519 0.162055 0.215002
7 0.894598 0.107132 0.084980 0.197411
7 0.809618 0.132541 0.164032 0.123138
7 0.930995 0.475568 0.138010 0.320549
7 0.034750 0.717934 0.069499 0.289276
7 0.395586 0.445272 0.138340 0.173956
7 0.324440 0.085632 0.075099 0.134865
7 0.427701 0.136451 0.115613 0.224775
9 0.549242 0.207792 0.101779 0.175911
9 0.824934 0.724775 0.178854 0.381141
9 0.649539 0.767776 0.195652 0.232593
9 0.703887 0.929332 0.191700 0.141336
9 0.783926 0.036464 0.144269 0.072927
8 0.351120 0.370021 0.081028 0.265821
8 0.232543 0.477522 0.164032 0.230639
8 0.168314 0.412044 0.237154 0.119229
10 0.159420 0.271316 0.081028 0.154411
10 0.063570 0.820549 0.108696 0.213048