1 0.4895833333333333 0.4740740740740741 0.05138888888888889 0.08395061728395062
1 0.9458333333333333 0.20987654320987653 0.05277777777777778 0.07407407407407407
1 0.8680555555555556 0.7962962962962963 0.14444444444444443 0.21975308641975308
1 0.3125 0.408641975308642 0.058333333333333334 0.0962962962962963
1 0.6055555555555555 0.07901234567901234 0.03888888888888889 0.0691358024691358
1 0.5208333333333334 0.20246913580246914 0.041666666666666664 0.07407407407407407
1 0.2625 0.3728395061728395 0.044444444444444446 0.0691358024691358
1 0.4777777777777778 0.5765432098765432 0.03888888888888889 0.10617283950617284
1 0.46944444444444444 0.4012345679012346 0.058333333333333334 0.10123456790123457
1 0.29444444444444445 0.03209876543209877 0.041666666666666664 0.05925925925925926
1 0.36527777777777776 0.43333333333333335 0.04722222222222222 0.07160493827160494
1 0.26944444444444443 0.11481481481481481 0.041666666666666664 0.06172839506172839