0 0.6798611111111111 0.1271604938271605 0.10972222222222222 0.13580246913580246
1 0.2881944444444444 0.5024691358024691 0.09861111111111111 0.18024691358024691
1 0.4979166666666667 0.25925925925925924 0.09583333333333334 0.17777777777777778
1 0.38263888888888886 0.11851851851851852 0.09305555555555556 0.1580246913580247
1 0.39444444444444443 0.6111111111111112 0.09444444444444444 0.18024691358024691
1 0.26180555555555557 0.2679012345679012 0.09861111111111111 0.18518518518518517
1 0.12638888888888888 0.28888888888888886 0.11944444444444445 0.17777777777777778
1 0.25 0.05802469135802469 0.075 0.10617283950617284
1 0.4361111111111111 0.891358024691358 0.13055555555555556 0.2123456790123457
1 0.059722222222222225 0.562962962962963 0.11666666666666667 0.23209876543209876
1 0.07777777777777778 0.1654320987654321 0.11944444444444445 0.1925925925925926
1 0.20208333333333334 0.15185185185185185 0.07916666666666666 0.0962962962962963