1 0.3899739583333333 0.9483796296296296 0.029947916666666668 0.07546296296296297
1 0.4075520833333333 0.44907407407407407 0.027604166666666666 0.08518518518518518
1 0.4708333333333333 0.5708333333333333 0.05520833333333333 0.1259259259259259
1 0.40911458333333334 0.20162037037037037 0.034895833333333334 0.08564814814814815
1 0.4088541666666667 0.12800925925925927 0.034375 0.07268518518518519
1 0.38203125 0.18981481481481483 0.044270833333333336 0.11018518518518519
1 0.4705729166666667 0.24166666666666667 0.058333333333333334 0.12962962962962962
1 0.558203125 0.33310185185185187 0.07369791666666667 0.1736111111111111
1 0.5782552083333333 0.06689814814814815 0.06432291666666666 0.13287037037037036
1 0.2721354166666667 0.7689814814814815 0.03125 0.05648148148148148
1 0.2950520833333333 0.8657407407407407 0.03125 0.05648148148148148
1 0.15807291666666667 0.6861111111111111 0.03125 0.05648148148148148
1 0.17083333333333334 0.6560185185185186 0.03125 0.05648148148148148