1 0.2772135416666667 0.49189814814814814 0.05911458333333333 0.08472222222222223
1 0.78671875 0.41898148148148145 0.04114583333333333 0.044444444444444446
1 0.25533854166666664 0.3398148148148148 0.04453125 0.06111111111111111
1 0.680078125 0.36064814814814816 0.038802083333333334 0.05462962962962963
1 0.16419270833333333 0.32337962962962963 0.03723958333333333 0.050462962962962966
1 0.45078125 0.2824074074074074 0.030729166666666665 0.04814814814814815
1 0.32005208333333335 0.3851851851851852 0.03697916666666667 0.053703703703703705
1 0.508203125 0.3800925925925926 0.05130208333333333 0.06574074074074074
1 0.28229166666666666 0.41967592592592595 0.051041666666666666 0.06620370370370371
1 0.741015625 0.3685185185185185 0.03828125 0.05555555555555555
1 0.22265625 0.28703703703703703 0.034895833333333334 0.05
1 0.5868489583333333 0.3127314814814815 0.03203125 0.04675925925925926
3 0.538671875 0.37546296296296294 0.03463541666666667 0.04351851851851852
3 0.41458333333333336 0.5875 0.027604166666666666 0.037037037037037035
1 0.1765625 0.24328703703703702 0.027604166666666666 0.038425925925925926
1 0.19752604166666668 0.23148148148148148 0.026302083333333334 0.03425925925925926
1 0.22799479166666667 0.25416666666666665 0.024739583333333332 0.041666666666666664
1 0.2557291666666667 0.26064814814814813 0.034895833333333334 0.05
1 0.28177083333333336 0.2375 0.027604166666666666 0.04537037037037037
1 0.2903645833333333 0.27175925925925926 0.034895833333333334 0.05
1 0.33684895833333334 0.2377314814814815 0.025260416666666667 0.03564814814814815
1 0.369140625 0.23819444444444443 0.025260416666666667 0.03564814814814815
1 0.3709635416666667 0.2650462962962963 0.025260416666666667 0.03564814814814815
1 0.5006510416666666 0.3039351851851852 0.025260416666666667 0.03564814814814815
1 0.5381510416666667 0.1960648148148148 0.025260416666666667 0.03564814814814815
1 0.5345052083333334 0.5122685185185185 0.025260416666666667 0.03564814814814815
1 0.5352864583333333 0.09282407407407407 0.025260416666666667 0.03564814814814815
1 0.5772135416666667 0.08865740740740741 0.025260416666666667 0.03564814814814815
1 0.608984375 0.17708333333333334 0.025260416666666667 0.03564814814814815
1 0.6444010416666667 0.1849537037037037 0.025260416666666667 0.03564814814814815
1 0.7126302083333333 0.21736111111111112 0.025260416666666667 0.03564814814814815
1 0.7673177083333333 0.22106481481481483 0.025260416666666667 0.03564814814814815
1 0.6373697916666666 0.08587962962962963 0.025260416666666667 0.03564814814814815
1 0.5438802083333333 0.05023148148148148 0.025260416666666667 0.03564814814814815
1 0.78984375 0.39305555555555555 0.04114583333333333 0.044444444444444446