1 0.20136518771331058 0.240625 0.07508532423208192 0.09375
1 0.6518771331058021 0.625 0.08532423208191127 0.125
1 0.3122866894197952 0.9208333333333333 0.09556313993174062 0.11666666666666667
1 0.9761092150170648 0.525 0.04436860068259386 0.1125
1 0.658703071672355 0.8645833333333334 0.11945392491467577 0.12083333333333333
2 0.7030716723549488 0.578125 0.06825938566552901 0.08541666666666667
2 0.5955631399317406 0.39375 0.06143344709897611 0.08333333333333333
2 0.8498293515358362 0.2604166666666667 0.06825938566552901 0.075
2 0.24829351535836178 0.7270833333333333 0.08361774744027303 0.10833333333333334
2 0.840443686006826 0.6864583333333333 0.07337883959044368 0.08541666666666667
2 0.9701365187713311 0.690625 0.05631399317406143 0.08541666666666667
2 0.6220136518771331 0.571875 0.06655290102389079 0.08958333333333333
2 0.8071672354948806 0.3302083333333333 0.051194539249146756 0.06875
2 0.5213310580204779 0.5052083333333334 0.04948805460750853 0.11458333333333333
2 0.7039249146757679 0.653125 0.07337883959044368 0.09791666666666667
2 0.8762798634812287 0.37916666666666665 0.06996587030716724 0.075
2 0.9232081911262798 0.215625 0.06825938566552901 0.07708333333333334
2 0.71160409556314 0.49583333333333335 0.06825938566552901 0.075
2 0.6535836177474402 0.7729166666666667 0.06825938566552901 0.075
2 0.5887372013651877 0.46458333333333335 0.06143344709897611 0.08333333333333333
2 0.9709897610921502 0.4083333333333333 0.06143344709897611 0.08333333333333333