1 0.48819444444444443 0.7012345679012346 0.05416666666666667 0.07901234567901234
1 0.5055555555555555 0.4024691358024691 0.04722222222222222 0.08395061728395062
1 0.5451388888888888 0.8555555555555555 0.06527777777777778 0.10617283950617284
1 0.8402777777777778 0.35185185185185186 0.04722222222222222 0.07654320987654321
1 0.20972222222222223 0.6888888888888889 0.05277777777777778 0.08888888888888889
1 0.31666666666666665 0.4777777777777778 0.03888888888888889 0.07160493827160494
1 0.9736111111111111 0.3469135802469136 0.044444444444444446 0.06666666666666667
1 0.38125 0.5493827160493827 0.0375 0.07160493827160494
1 0.5236111111111111 0.6555555555555556 0.05555555555555555 0.08641975308641975
1 0.175 0.3493827160493827 0.04722222222222222 0.07160493827160494
3 0.9131944444444444 0.6382716049382716 0.09583333333333334 0.1259259259259259
3 0.8722222222222222 0.38641975308641974 0.05555555555555555 0.07654320987654321
3 0.3451388888888889 0.6259259259259259 0.059722222222222225 0.0962962962962963