1 0.7104166666666667 0.19143518518518518 0.09322916666666667 0.11435185185185186
1 0.39205729166666664 0.19398148148148148 0.04765625 0.07222222222222222
1 0.8154947916666667 0.2590277777777778 0.04296875 0.07546296296296297
1 0.9471354166666667 0.14212962962962963 0.03958333333333333 0.06388888888888888
1 0.5072916666666667 0.020370370370370372 0.04010416666666667 0.03981481481481482
3 0.0453125 0.5127314814814815 0.0890625 0.10231481481481482
3 0.5140625 0.2150462962962963 0.0578125 0.04027777777777778
3 0.9774739583333333 0.44560185185185186 0.04505208333333333 0.050462962962962966
3 0.45794270833333334 0.2414351851851852 0.04192708333333333 0.038425925925925926
1 0.319921875 0.22407407407407406 0.04765625 0.07222222222222222
1 0.197265625 0.16527777777777777 0.04765625 0.07222222222222222