1 0.76875 0.35185185185185186 0.059722222222222225 0.08641975308641975
1 0.9381944444444444 0.5604938271604938 0.11527777777777778 0.14814814814814814
1 0.9694444444444444 0.3296296296296296 0.06111111111111111 0.09135802469135802
1 0.3888888888888889 0.24320987654320989 0.04722222222222222 0.09135802469135802
3 0.39791666666666664 0.8839506172839506 0.06527777777777778 0.13333333333333333
3 0.5638888888888889 0.5469135802469136 0.075 0.12098765432098765
3 0.3111111111111111 0.6592592592592592 0.07222222222222222 0.09382716049382717
3 0.7722222222222223 0.41975308641975306 0.08055555555555556 0.09382716049382717
3 0.85 0.33827160493827163 0.08888888888888889 0.09876543209876543
3 0.7861111111111111 0.26049382716049385 0.075 0.07160493827160494
3 0.8472222222222222 0.2641975308641975 0.06666666666666667 0.0691358024691358
3 0.18680555555555556 0.4271604938271605 0.05416666666666667 0.09382716049382717
3 0.4097222222222222 0.1765432098765432 0.04722222222222222 0.06172839506172839
3 0.22777777777777777 0.5123456790123457 0.05 0.06666666666666667
3 0.9138888888888889 0.32592592592592595 0.07222222222222222 0.05925925925925926
3 0.4 0.03333333333333333 0.08333333333333333 0.06172839506172839
1 0.3763888888888889 0.3567901234567901 0.03333333333333333 0.06172839506172839
3 0.45555555555555555 0.2679012345679012 0.030555555555555555 0.04691358024691358
3 0.9243055555555556 0.20123456790123456 0.059722222222222225 0.05185185185185185