1 0.8962239583333333 0.6574074074074074 0.04869791666666667 0.07592592592592592
1 0.038411458333333336 0.8712962962962963 0.053385416666666664 0.07962962962962963
1 0.6524739583333333 0.9071759259259259 0.048177083333333336 0.07268518518518519
1 0.4959635416666667 0.8287037037037037 0.04244791666666667 0.06759259259259259
1 0.3653645833333333 0.3645833333333333 0.022916666666666665 0.04027777777777778
1 0.17799479166666668 0.5993055555555555 0.026822916666666665 0.043055555555555555
1 0.7140625 0.48148148148148145 0.03854166666666667 0.0712962962962963
1 0.28151041666666665 0.6409722222222223 0.03125 0.04675925925925926
1 0.068359375 0.587037037037037 0.03203125 0.04351851851851852
1 0.39596354166666664 0.2773148148148148 0.023177083333333334 0.037037037037037035
1 0.8071614583333333 0.47638888888888886 0.040364583333333336 0.06388888888888888
1 0.17578125 0.5125 0.028125 0.04722222222222222
1 0.3977864583333333 0.8692129629629629 0.04296875 0.07731481481481481
1 0.43125 0.2671296296296296 0.0203125 0.03425925925925926
1 0.082421875 0.6136574074074074 0.038802083333333334 0.052314814814814814
1 0.46067708333333335 0.22708333333333333 0.04114583333333333 0.05787037037037037
1 0.11822916666666666 0.5039351851851852 0.027604166666666666 0.05324074074074074
1 0.7502604166666667 0.3502314814814815 0.03333333333333333 0.05787037037037037
1 0.6358072916666667 0.2793981481481482 0.020572916666666666 0.04583333333333333
1 0.25390625 0.5037037037037037 0.020833333333333332 0.03888888888888889
1 0.18020833333333333 0.45208333333333334 0.043229166666666666 0.050462962962962966
1 0.6993489583333333 0.6050925925925926 0.032552083333333336 0.05648148148148148
1 0.2752604166666667 0.6069444444444444 0.025520833333333333 0.03148148148148148