0 0.5541666666666667 0.11234567901234568 0.12222222222222222 0.12098765432098765
0 0.8930555555555556 0.3395061728395062 0.21388888888888888 0.1506172839506173
0 0.875 0.20123456790123456 0.12777777777777777 0.20987654320987653
0 0.6118055555555556 0.5037037037037037 0.15138888888888888 0.2518518518518518
0 0.3215277777777778 0.7679012345679013 0.20694444444444443 0.3160493827160494
0 0.9659722222222222 0.9 0.06805555555555555 0.19506172839506172
1 0.5541666666666667 0.23209876543209876 0.10833333333333334 0.1580246913580247
1 0.6375 0.09382716049382717 0.09166666666666666 0.16790123456790124
1 0.69375 0.1728395061728395 0.09583333333333334 0.15308641975308643
1 0.38680555555555557 0.41358024691358025 0.10694444444444444 0.16049382716049382
1 0.48819444444444443 0.8827160493827161 0.19305555555555556 0.2345679012345679
1 0.3298611111111111 0.9333333333333333 0.15138888888888888 0.12839506172839507
1 0.7409722222222223 0.4283950617283951 0.1486111111111111 0.2691358024691358
1 0.22291666666666668 0.9481481481481482 0.13472222222222222 0.09876543209876543
1 0.7493055555555556 0.07407407407407407 0.12361111111111112 0.14320987654320988
1 0.8138888888888889 0.07777777777777778 0.1 0.1506172839506173
1 0.8965277777777778 0.03950617283950617 0.08194444444444444 0.07407407407407407
1 0.96875 0.12839506172839507 0.0625 0.2123456790123457
2 0.6284722222222222 0.32098765432098764 0.12638888888888888 0.1728395061728395
2 0.7625 0.18888888888888888 0.09166666666666666 0.1308641975308642
2 0.8708333333333333 0.4962962962962963 0.15833333333333333 0.2271604938271605
2 0.11944444444444445 0.7666666666666667 0.2 0.29876543209876544
2 0.5833333333333334 0.6358024691358025 0.15833333333333333 0.2641975308641975
2 0.4652777777777778 0.49135802469135803 0.11666666666666667 0.17777777777777778
2 0.8409722222222222 0.7197530864197531 0.20416666666666666 0.2839506172839506
2 0.05486111111111111 0.32098765432098764 0.10416666666666667 0.1382716049382716
2 0.7020833333333333 0.30246913580246915 0.09027777777777778 0.15555555555555556
2 0.9388888888888889 0.6790123456790124 0.125 0.25679012345679014
2 0.9625 0.45925925925925926 0.07777777777777778 0.1580246913580247
2 0.24791666666666667 0.7148148148148148 0.12638888888888888 0.21481481481481482
2 0.4576388888888889 0.7320987654320987 0.15694444444444444 0.33827160493827163
2 0.46944444444444444 0.6580246913580247 0.13055555555555556 0.18518518518518517
2 0.10625 0.9382716049382716 0.16805555555555557 0.12345679012345678
2 0.02638888888888889 0.7654320987654321 0.05 0.2271604938271605
2 0.8236111111111111 0.32098765432098764 0.09166666666666666 0.1037037037037037
2 0.7826388888888889 0.23580246913580247 0.10694444444444444 0.11604938271604938
3 0.3972222222222222 0.11358024691358025 0.1 0.12345679012345678
3 0.23819444444444443 0.5012345679012346 0.15138888888888888 0.2271604938271605
3 0.6736111111111112 0.8333333333333334 0.25833333333333336 0.33827160493827163
3 0.4236111111111111 0.25679012345679014 0.11666666666666667 0.14320987654320988
0 0.6256944444444444 0.5320987654320988 0.19305555555555556 0.20987654320987653