0 0.7979166666666667 0.9197530864197531 0.09305555555555556 0.1654320987654321
0 0.725 0.454320987654321 0.08333333333333333 0.16296296296296298
0 0.9284722222222223 0.5876543209876544 0.08194444444444444 0.2074074074074074
0 0.6576388888888889 0.44938271604938274 0.05416666666666667 0.20246913580246914
1 0.5736111111111111 0.47530864197530864 0.11388888888888889 0.19506172839506172
1 0.7493055555555556 0.13950617283950617 0.09305555555555556 0.17037037037037037
3 0.3819444444444444 0.8320987654320988 0.10555555555555556 0.17777777777777778
3 0.6819444444444445 0.337037037037037 0.07222222222222222 0.10123456790123457
3 0.46944444444444444 0.38765432098765434 0.07777777777777778 0.09876543209876543
3 0.8875 0.4308641975308642 0.08333333333333333 0.09135802469135802
3 0.7097222222222223 0.5679012345679012 0.06388888888888888 0.10864197530864197