0 0.6861111111111111 0.7407407407407407 0.08611111111111111 0.16296296296296298
0 0.24861111111111112 0.38271604938271603 0.09166666666666666 0.07407407407407407
0 0.6208333333333333 0.6604938271604939 0.125 0.16049382716049382
1 0.41597222222222224 0.14320987654320988 0.05138888888888889 0.08395061728395062
1 0.4326388888888889 0.38271604938271603 0.07361111111111111 0.12345679012345678
1 0.47847222222222224 0.16049382716049382 0.04583333333333333 0.08395061728395062
1 0.34652777777777777 0.17530864197530865 0.04583333333333333 0.0691358024691358
1 0.6618055555555555 0.5345679012345679 0.0625 0.1111111111111111
1 0.6222222222222222 0.42345679012345677 0.05 0.08641975308641975
1 0.30833333333333335 0.8777777777777778 0.125 0.21481481481481482
1 0.18333333333333332 0.03333333333333333 0.058333333333333334 0.06172839506172839