1 0.05911458333333333 0.95 0.0640625 0.08425925925925926
1 0.5623697916666667 0.5511574074074074 0.04869791666666667 0.07824074074074074
1 0.3790364583333333 0.4706018518518518 0.04921875 0.07453703703703704
1 0.13528645833333333 0.23587962962962963 0.04140625 0.05787037037037037
1 0.3502604166666667 0.262037037037037 0.03697916666666667 0.049074074074074076
1 0.6979166666666666 0.3837962962962963 0.030729166666666665 0.049074074074074076
1 0.618359375 0.3960648148148148 0.037760416666666664 0.059722222222222225
1 0.7317708333333334 0.4305555555555556 0.0328125 0.05462962962962963
1 0.91328125 0.4997685185185185 0.0375 0.05416666666666667
1 0.162890625 0.4756944444444444 0.054427083333333334 0.07824074074074074
1 0.5307291666666667 0.35671296296296295 0.03697916666666667 0.056018518518518516
1 0.6203125 0.3435185185185185 0.022395833333333334 0.037037037037037035
1 0.43776041666666665 0.29375 0.029166666666666667 0.04398148148148148
1 0.3048177083333333 0.1849537037037037 0.020572916666666666 0.03194444444444444
1 0.014973958333333334 0.6960648148148149 0.029427083333333333 0.06157407407407407
1 0.26419270833333336 0.2349537037037037 0.03515625 0.05324074074074074
1 0.390625 0.3071759259259259 0.03333333333333333 0.04675925925925926
1 0.6713541666666667 0.33935185185185185 0.03854166666666667 0.046296296296296294
1 0.411328125 0.3363425925925926 0.039322916666666666 0.06435185185185185
1 0.8104166666666667 0.34930555555555554 0.028125 0.043055555555555555
3 0.38671875 0.3733796296296296 0.04739583333333333 0.055092592592592596
3 0.233984375 0.5196759259259259 0.05182291666666667 0.07546296296296297
3 0.771875 0.4064814814814815 0.04010416666666667 0.04351851851851852
3 0.22434895833333332 0.33194444444444443 0.045572916666666664 0.049074074074074076
1 0.5947916666666667 0.33055555555555555 0.022395833333333334 0.037037037037037035
1 0.5364583333333334 0.3175925925925926 0.022395833333333334 0.037037037037037035
1 0.49583333333333335 0.22824074074074074 0.022395833333333334 0.037037037037037035
1 0.4765625 0.2125 0.022395833333333334 0.037037037037037035
1 0.5614583333333333 0.21712962962962962 0.022395833333333334 0.037037037037037035
1 0.57734375 0.19398148148148148 0.022395833333333334 0.037037037037037035
1 0.67109375 0.23333333333333334 0.022395833333333334 0.037037037037037035
1 0.7028645833333333 0.25 0.022395833333333334 0.037037037037037035
1 0.7263020833333333 0.28564814814814815 0.022395833333333334 0.037037037037037035
1 0.7359375 0.300462962962963 0.022395833333333334 0.037037037037037035
1 0.7348958333333333 0.2587962962962963 0.022395833333333334 0.037037037037037035
1 0.75 0.23425925925925925 0.022395833333333334 0.037037037037037035
1 0.7223958333333333 0.22175925925925927 0.022395833333333334 0.037037037037037035
1 0.9868489583333333 0.44930555555555557 0.026822916666666665 0.056018518518518516
1 0.8412760416666667 0.37060185185185185 0.024739583333333332 0.034722222222222224
1 0.8334635416666667 0.33819444444444446 0.024739583333333332 0.034722222222222224
1 0.8427083333333333 0.21828703703703703 0.021875 0.033796296296296297
1 0.7291666666666666 0.18032407407407408 0.021875 0.033796296296296297
1 0.7263020833333333 0.10393518518518519 0.021875 0.033796296296296297
1 0.30364583333333334 0.06412037037037037 0.029166666666666667 0.03935185185185185
1 0.26953125 0.04976851851851852 0.029166666666666667 0.03935185185185185
1 0.315625 0.03356481481481482 0.029166666666666667 0.03935185185185185
1 0.3372395833333333 0.01990740740740741 0.029166666666666667 0.03888888888888889
1 0.22877604166666668 0.5659722222222222 0.03515625 0.05324074074074074