1 0.2951388888888889 0.7469135802469136 0.05416666666666667 0.09135802469135802
1 0.1486111111111111 0.7246913580246913 0.04722222222222222 0.08148148148148149
1 0.28055555555555556 0.5395061728395062 0.041666666666666664 0.07654320987654321
1 0.9333333333333333 0.4506172839506173 0.05555555555555555 0.08148148148148149
1 0.9451388888888889 0.6222222222222222 0.05694444444444444 0.08888888888888889
1 0.2388888888888889 0.4925925925925926 0.03888888888888889 0.06666666666666667
1 0.07847222222222222 0.8098765432098766 0.04583333333333333 0.07407407407407407
1 0.2611111111111111 0.8876543209876543 0.058333333333333334 0.10617283950617284
1 0.044444444444444446 0.9654320987654321 0.07777777777777778 0.0691358024691358
1 0.1625 0.5493827160493827 0.03611111111111111 0.056790123456790124
1 0.7659722222222223 0.7111111111111111 0.05138888888888889 0.08395061728395062
1 0.5166666666666667 0.7765432098765432 0.05 0.10123456790123457
1 0.9159722222222222 0.1506172839506173 0.04583333333333333 0.07407407407407407
1 0.36527777777777776 0.3345679012345679 0.041666666666666664 0.07654320987654321
1 0.8 0.6839506172839506 0.044444444444444446 0.07901234567901234
1 0.5805555555555556 0.17037037037037037 0.03611111111111111 0.06419753086419754
1 0.5388888888888889 0.7580246913580246 0.03611111111111111 0.07407407407407407