1 0.4401041666666667 0.08981481481481482 0.0390625 0.07314814814814814
1 0.30963541666666666 0.13703703703703704 0.03229166666666667 0.05092592592592592
1 0.263671875 0.16342592592592592 0.03828125 0.06944444444444445
1 0.09778645833333334 0.31180555555555556 0.032552083333333336 0.04953703703703704
1 0.16184895833333332 0.2949074074074074 0.037760416666666664 0.05925925925925926
1 0.3567708333333333 0.19375 0.040625 0.07268518518518519
1 0.06015625 0.9518518518518518 0.115625 0.08518518518518518
1 0.610546875 0.5893518518518519 0.08515625 0.08333333333333333
1 0.32317708333333334 0.23981481481481481 0.028125 0.04537037037037037
1 0.401171875 0.11064814814814815 0.02109375 0.03425925925925926
3 0.5705729166666667 0.12175925925925926 0.1 0.15648148148148147
3 0.670703125 0.586574074074074 0.055989583333333336 0.05092592592592592
3 0.34205729166666665 0.13564814814814816 0.03515625 0.03518518518518519
1 0.39752604166666666 0.4550925925925926 0.02109375 0.03425925925925926
1 0.058333333333333334 0.2726851851851852 0.020833333333333332 0.03518518518518519
1 0.16666666666666666 0.2023148148148148 0.020833333333333332 0.03518518518518519
1 0.24140625 0.1638888888888889 0.020833333333333332 0.03518518518518519