1 0.6950520833333333 0.9314814814814815 0.07552083333333333 0.12777777777777777
1 0.5059895833333333 0.6731481481481482 0.0421875 0.07407407407407407
1 0.3333333333333333 0.6847222222222222 0.04895833333333333 0.09537037037037037
1 0.7671875 0.5777777777777777 0.04479166666666667 0.07407407407407407
1 0.05286458333333333 0.9439814814814815 0.10052083333333334 0.10833333333333334
1 0.69140625 0.5351851851851852 0.03697916666666667 0.053703703703703705
1 0.41484375 0.6166666666666667 0.0453125 0.07962962962962963
1 0.63125 0.5222222222222223 0.03333333333333333 0.07037037037037037
1 0.17916666666666667 0.6893518518518519 0.07708333333333334 0.13055555555555556
1 0.57421875 0.6106481481481482 0.0328125 0.062037037037037036
1 0.35911458333333335 0.6314814814814815 0.04114583333333333 0.07592592592592592
1 0.696875 0.45185185185185184 0.019791666666666666 0.03333333333333333
1 0.025 0.7699074074074074 0.04895833333333333 0.09537037037037037
1 0.7364583333333333 0.4199074074074074 0.03125 0.04537037037037037
3 0.6598958333333333 0.6949074074074074 0.06041666666666667 0.09722222222222222
3 0.81171875 0.6527777777777778 0.07239583333333334 0.09259259259259259
3 0.64296875 0.9314814814814815 0.05260416666666667 0.09814814814814815
3 0.5309895833333333 0.8462962962962963 0.044270833333333336 0.08888888888888889
3 0.5916666666666667 0.9351851851851852 0.05520833333333333 0.10925925925925926
3 0.5330729166666667 0.9185185185185185 0.03802083333333333 0.06296296296296296
3 0.4921875 0.9689814814814814 0.04791666666666667 0.06388888888888888
1 0.5049479166666667 0.5509259259259259 0.030729166666666665 0.05
1 0.5611979166666666 0.5425925925925926 0.030729166666666665 0.05
1 0.5231770833333333 0.5166666666666667 0.025520833333333333 0.040740740740740744
1 0.625 0.47129629629629627 0.025 0.040740740740740744
1 0.7072916666666667 0.47638888888888886 0.019791666666666666 0.03425925925925926
1 0.646875 0.43703703703703706 0.019791666666666666 0.03333333333333333
3 0.9643229166666667 0.9208333333333333 0.05572916666666667 0.13240740740740742