1 0.17135416666666667 0.46319444444444446 0.04583333333333333 0.07824074074074074
1 0.37395833333333334 0.5851851851851851 0.03697916666666667 0.06574074074074074
1 0.36432291666666666 0.9671296296296297 0.05364583333333333 0.06296296296296296
1 0.6372395833333333 0.9078703703703703 0.03802083333333333 0.06666666666666667
1 0.17630208333333333 0.6224537037037037 0.042708333333333334 0.06527777777777778
1 0.49114583333333334 0.2550925925925926 0.033854166666666664 0.05555555555555555
1 0.286328125 0.45208333333333334 0.03984375 0.06435185185185185
1 0.5990885416666667 0.22916666666666666 0.030989583333333334 0.06388888888888888
1 0.461328125 0.49027777777777776 0.03411458333333333 0.07222222222222222
1 0.6528645833333333 0.30185185185185187 0.025 0.04722222222222222
1 0.634375 0.15462962962962962 0.023958333333333335 0.049074074074074076
1 0.85390625 0.9182870370370371 0.0390625 0.0625
1 0.7600260416666667 0.6770833333333334 0.03203125 0.05138888888888889
1 0.7591145833333334 0.757175925925926 0.036458333333333336 0.05787037037037037
1 0.8009114583333333 0.6756944444444445 0.026302083333333334 0.04583333333333333
1 0.6442708333333333 0.22662037037037036 0.023958333333333335 0.03935185185185185
1 0.18125 0.8831018518518519 0.0484375 0.07824074074074074
1 0.012890625 0.17824074074074073 0.025260416666666667 0.06574074074074074
1 0.66796875 0.763425925925926 0.0453125 0.06944444444444445
3 0.4234375 0.9016203703703703 0.044270833333333336 0.047685185185185185
1 0.6515625 0.4023148148148148 0.015625 0.03981481481481482
1 0.6966145833333334 0.44375 0.0203125 0.0375