1 0.5334635416666667 0.3386574074074074 0.04244791666666667 0.0625
1 0.9415364583333333 0.3266203703703704 0.04869791666666667 0.059722222222222225
1 0.31588541666666664 0.5030092592592592 0.040625 0.06157407407407407
1 0.055078125 0.5833333333333334 0.07838541666666667 0.1037037037037037
1 0.013932291666666667 0.6548611111111111 0.02734375 0.1050925925925926
1 0.967578125 0.3837962962962963 0.05026041666666667 0.07222222222222222
1 0.191796875 0.9689814814814814 0.08046875 0.05555555555555555
1 0.6463541666666667 0.30671296296296297 0.028645833333333332 0.043055555555555555
1 0.5756510416666667 0.28078703703703706 0.029427083333333333 0.04212962962962963
1 0.3026041666666667 0.11550925925925926 0.022916666666666665 0.0412037037037037
1 0.3684895833333333 0.08865740740740741 0.017708333333333333 0.022685185185185187
3 0.18502604166666667 0.8782407407407408 0.08671875 0.1287037037037037
3 0.46458333333333335 0.6361111111111111 0.06041666666666667 0.06481481481481481
3 0.5348958333333333 0.5935185185185186 0.0359375 0.062037037037037036
3 0.38385416666666666 0.5673611111111111 0.041666666666666664 0.047685185185185185
3 0.667578125 0.5328703703703703 0.04296875 0.037037037037037035
3 0.628125 0.34652777777777777 0.0359375 0.034722222222222224
3 0.385546875 0.39166666666666666 0.03619791666666667 0.044444444444444446
0 0.3634114583333333 0.5872685185185185 0.05807291666666667 0.05416666666666667
0 0.410546875 0.6298611111111111 0.05807291666666667 0.05416666666666667
0 0.3953125 0.34328703703703706 0.05364583333333333 0.04953703703703704
1 0.36328125 0.07337962962962963 0.017708333333333333 0.022685185185185187
1 0.4153645833333333 0.1502314814814815 0.017708333333333333 0.022685185185185187
1 0.46484375 0.1789351851851852 0.017708333333333333 0.022685185185185187
1 0.4786458333333333 0.19050925925925927 0.017708333333333333 0.022685185185185187
1 0.5473958333333333 0.2039351851851852 0.017708333333333333 0.022685185185185187
1 0.4010416666666667 0.13310185185185186 0.017708333333333333 0.022685185185185187
1 0.39010416666666664 0.07476851851851851 0.017708333333333333 0.022685185185185187
1 0.32578125 0.10856481481481481 0.022916666666666665 0.0412037037037037
1 0.22916666666666666 0.08541666666666667 0.022916666666666665 0.0412037037037037
1 0.254296875 0.06666666666666667 0.018489583333333334 0.027777777777777776
1 0.7223958333333333 0.18333333333333332 0.019791666666666666 0.023148148148148147
1 0.735546875 0.19652777777777777 0.013802083333333333 0.02546296296296296