1 0.5923611111111111 0.5148148148148148 0.08194444444444444 0.14074074074074075
1 0.44027777777777777 0.24814814814814815 0.058333333333333334 0.10123456790123457
1 0.13472222222222222 0.05555555555555555 0.08611111111111111 0.10617283950617284
1 0.5145833333333333 0.3308641975308642 0.0625 0.1037037037037037
1 0.33125 0.11604938271604938 0.0625 0.1037037037037037
1 0.4576388888888889 0.16666666666666666 0.05694444444444444 0.09135802469135802
1 0.275 0.028395061728395062 0.06388888888888888 0.05185185185185185
1 0.6236111111111111 0.2074074074074074 0.04722222222222222 0.06419753086419754
1 0.41597222222222224 0.09135802469135802 0.0763888888888889 0.09382716049382717
1 0.5145833333333333 0.12098765432098765 0.0763888888888889 0.09382716049382717
1 0.5659722222222222 0.16049382716049382 0.0763888888888889 0.09382716049382717