0 0.70625 0.8 0.2125 0.26666666666666666
1 0.6041666666666666 0.5432098765432098 0.09722222222222222 0.17777777777777778
1 0.6861111111111111 0.43580246913580245 0.09444444444444444 0.19012345679012346
1 0.17152777777777778 0.4345679012345679 0.07916666666666666 0.12345679012345678
1 0.5673611111111111 0.362962962962963 0.08194444444444444 0.16296296296296298
1 0.7041666666666667 0.05925925925925926 0.1111111111111111 0.11358024691358025
1 0.09444444444444444 0.5123456790123457 0.08888888888888889 0.1308641975308642
1 0.022916666666666665 0.6604938271604939 0.043055555555555555 0.14074074074074075
1 0.24027777777777778 0.35185185185185186 0.06388888888888888 0.1308641975308642
1 0.1388888888888889 0.5901234567901235 0.06388888888888888 0.11851851851851852
3 0.7041666666666667 0.2641975308641975 0.13333333333333333 0.19753086419753085
3 0.29305555555555557 0.6839506172839506 0.10277777777777777 0.18271604938271604