0 0.5569444444444445 0.7 0.14166666666666666 0.18024691358024691
0 0.45694444444444443 0.4024691358024691 0.08055555555555556 0.23209876543209876
1 0.6583333333333333 0.9012345679012346 0.12222222222222222 0.1925925925925926
1 0.9506944444444444 0.36790123456790125 0.09861111111111111 0.18765432098765433
1 0.2423611111111111 0.845679012345679 0.07083333333333333 0.1259259259259259
1 0.41180555555555554 0.2876543209876543 0.08194444444444444 0.1506172839506173
1 0.45208333333333334 0.7716049382716049 0.08194444444444444 0.14074074074074075
1 0.7493055555555556 0.37777777777777777 0.15694444444444444 0.2617283950617284
1 0.08888888888888889 0.30617283950617286 0.1 0.12839506172839507
1 0.6722222222222223 0.5012345679012346 0.125 0.21728395061728395
1 0.9173611111111111 0.9024691358024691 0.14305555555555555 0.19012345679012346
1 0.83125 0.09135802469135802 0.12916666666666668 0.1728395061728395
1 0.9090277777777778 0.15679012345679014 0.1486111111111111 0.21481481481481482
1 0.125 0.6345679012345679 0.075 0.11358024691358025
1 0.15694444444444444 0.7851851851851852 0.075 0.14320987654320988
1 0.36875 0.7444444444444445 0.06805555555555555 0.08641975308641975
3 0.3215277777777778 0.18024691358024691 0.07083333333333333 0.13333333333333333