0 0.36041666666666666 0.13950617283950617 0.08472222222222223 0.21481481481481482
0 0.1486111111111111 0.31851851851851853 0.16666666666666666 0.2271604938271605
0 0.42986111111111114 0.445679012345679 0.23194444444444445 0.362962962962963
0 0.20208333333333334 0.4506172839506173 0.17083333333333334 0.18024691358024691
0 0.7263888888888889 0.7135802469135802 0.4527777777777778 0.5580246913580247
0 0.47708333333333336 0.16296296296296298 0.1736111111111111 0.17777777777777778
0 0.5861111111111111 0.2839506172839506 0.12777777777777777 0.1925925925925926
0 0.7729166666666667 0.18024691358024691 0.20416666666666666 0.2765432098765432
0 0.3013888888888889 0.5740740740740741 0.46111111111111114 0.29876543209876544
0 0.7770833333333333 0.04691358024691358 0.14305555555555555 0.08888888888888889
1 0.7375 0.3506172839506173 0.21666666666666667 0.3160493827160494
1 0.5888888888888889 0.4617283950617284 0.15555555555555556 0.2765432098765432
1 0.91875 0.10246913580246914 0.16527777777777777 0.19506172839506172
1 0.40555555555555556 0.9308641975308642 0.19444444444444445 0.13333333333333333
2 0.5930555555555556 0.12962962962962962 0.11666666666666667 0.16049382716049382
2 0.49722222222222223 0.07407407407407407 0.12222222222222222 0.13333333333333333
2 0.07083333333333333 0.8925925925925926 0.1388888888888889 0.21975308641975308
2 0.9097222222222222 0.4888888888888889 0.18055555555555555 0.291358024691358
2 0.7444444444444445 0.8641975308641975 0.15833333333333333 0.2716049382716049
2 0.8993055555555556 0.8209876543209876 0.2013888888888889 0.3333333333333333
2 0.6791666666666667 0.06049382716049383 0.1 0.10617283950617284
2 0.15763888888888888 0.09259259259259259 0.14305555555555555 0.16049382716049382
2 0.8395833333333333 0.04814814814814815 0.12361111111111112 0.09135802469135802
2 0.93125 0.24938271604938272 0.14027777777777778 0.17777777777777778