3 0.7412760416666667 0.35648148148148145 0.032552083333333336 0.044444444444444446
3 0.3046875 0.8321759259259259 0.020833333333333332 0.038425925925925926
3 0.3477864583333333 0.9796296296296296 0.03203125 0.041666666666666664
3 0.6209635416666667 0.38263888888888886 0.031510416666666666 0.043055555555555555
3 0.9006510416666667 0.8486111111111111 0.054427083333333334 0.075
3 0.46015625 0.6377314814814815 0.0390625 0.03564814814814815
3 0.30494791666666665 0.4310185185185185 0.0265625 0.049074074074074076
3 0.45260416666666664 0.37060185185185185 0.021354166666666667 0.03935185185185185
3 0.443359375 0.34375 0.01953125 0.02546296296296296
3 0.44375 0.418287037037037 0.0203125 0.02824074074074074
3 0.39479166666666665 0.8043981481481481 0.0390625 0.03564814814814815