0 0.5465277777777777 0.8222222222222222 0.1125 0.15308641975308643
0 0.3020833333333333 0.8407407407407408 0.0875 0.13580246913580246
1 0.2125 0.6271604938271605 0.11388888888888889 0.14814814814814814
1 0.1111111111111111 0.6975308641975309 0.10277777777777777 0.15555555555555556
1 0.4284722222222222 0.4691358024691358 0.08472222222222223 0.1382716049382716
1 0.28194444444444444 0.9432098765432099 0.11944444444444445 0.11358024691358025
1 0.55 0.6814814814814815 0.1111111111111111 0.17777777777777778
1 0.049305555555555554 0.5209876543209877 0.0875 0.11851851851851852
1 0.3541666666666667 0.562962962962963 0.09444444444444444 0.1728395061728395
1 0.1451388888888889 0.5037037037037037 0.0875 0.12345679012345678
1 0.15694444444444444 0.8876543209876543 0.12222222222222222 0.20987654320987653
1 0.15416666666666667 0.391358024691358 0.07777777777777778 0.1111111111111111
1 0.51875 0.49135802469135803 0.08472222222222223 0.14814814814814814
1 0.6583333333333333 0.8419753086419753 0.1111111111111111 0.14814814814814814
1 0.45902777777777776 0.6061728395061728 0.0875 0.1506172839506173
1 0.24791666666666667 0.4641975308641975 0.0763888888888889 0.1037037037037037
1 0.17708333333333334 0.2679012345679012 0.06527777777777778 0.12098765432098765
1 0.4361111111111111 0.8469135802469135 0.125 0.2222222222222222
1 0.91875 0.9518518518518518 0.059722222222222225 0.0962962962962963
1 0.7423611111111111 0.0728395061728395 0.043055555555555555 0.07654320987654321
2 0.8138888888888889 0.2975308641975309 0.06666666666666667 0.1111111111111111
3 0.32013888888888886 0.23333333333333334 0.07083333333333333 0.1308641975308642
3 0.38333333333333336 0.3 0.08055555555555556 0.1506172839506173
3 0.03611111111111111 0.6765432098765433 0.06944444444444445 0.15308641975308643
3 0.3055555555555556 0.6765432098765433 0.10833333333333334 0.20246913580246914
3 0.23819444444444443 0.8160493827160494 0.0763888888888889 0.145679012345679
3 0.23333333333333334 0.31234567901234567 0.07222222222222222 0.11604938271604938
3 0.25416666666666665 0.20617283950617285 0.06666666666666667 0.1259259259259259