0 0.31527777777777777 0.18024691358024691 0.12222222222222222 0.10864197530864197
0 0.58125 0.6592592592592592 0.08472222222222223 0.1382716049382716
1 0.5090277777777777 0.14938271604938272 0.09861111111111111 0.17037037037037037
1 0.12083333333333333 0.26049382716049385 0.058333333333333334 0.08641975308641975
1 0.41458333333333336 0.408641975308642 0.10972222222222222 0.20987654320987653
1 0.9381944444444444 0.05802469135802469 0.10416666666666667 0.1111111111111111
1 0.10277777777777777 0.12839506172839507 0.05555555555555555 0.1037037037037037
1 0.3541666666666667 0.6209876543209877 0.09444444444444444 0.13580246913580246
1 0.6979166666666666 0.09135802469135802 0.15416666666666667 0.17777777777777778
1 0.10208333333333333 0.03209876543209877 0.06527777777777778 0.06419753086419754
1 0.12986111111111112 0.519753086419753 0.07361111111111111 0.10617283950617284
1 0.022222222222222223 0.5864197530864198 0.044444444444444446 0.07654320987654321
1 0.2520833333333333 0.845679012345679 0.0763888888888889 0.1259259259259259
3 0.35625 0.06172839506172839 0.0763888888888889 0.09876543209876543
3 0.027083333333333334 0.43703703703703706 0.05416666666666667 0.07407407407407407