0 0.66875 0.11234567901234568 0.09861111111111111 0.17530864197530865
0 0.7756944444444445 0.9296296296296296 0.12916666666666668 0.13580246913580246
0 0.44930555555555557 0.05432098765432099 0.10416666666666667 0.09876543209876543
0 0.5 0.30864197530864196 0.10555555555555556 0.08888888888888889
0 0.6826388888888889 0.6493827160493827 0.14027777777777778 0.1728395061728395
0 0.30833333333333335 0.8925925925925926 0.04722222222222222 0.1654320987654321
1 0.3020833333333333 0.39753086419753086 0.10416666666666667 0.1580246913580247
1 0.1736111111111111 0.528395061728395 0.1111111111111111 0.1728395061728395
1 0.42916666666666664 0.44320987654320987 0.09722222222222222 0.15555555555555556
1 0.21597222222222223 0.33827160493827163 0.09027777777777778 0.11851851851851852
1 0.5645833333333333 0.4901234567901235 0.10694444444444444 0.16049382716049382
1 0.40555555555555556 0.5987654320987654 0.09166666666666666 0.13580246913580246
1 0.029166666666666667 0.5506172839506173 0.05555555555555555 0.18765432098765433
1 0.07777777777777778 0.3814814814814815 0.1361111111111111 0.19012345679012346
3 0.6458333333333334 0.4111111111111111 0.11944444444444445 0.17530864197530865
3 0.425 0.828395061728395 0.16111111111111112 0.27901234567901234
3 0.27847222222222223 0.5518518518518518 0.09861111111111111 0.17037037037037037
3 0.24513888888888888 0.9333333333333333 0.13472222222222222 0.13333333333333333
3 0.38263888888888886 0.3234567901234568 0.1125 0.16790123456790124
3 0.5465277777777777 0.6530864197530865 0.13472222222222222 0.21481481481481482
3 0.31180555555555556 0.2271604938271605 0.09583333333333334 0.14320987654320988