1 0.38619791666666664 0.8701388888888889 0.043229166666666666 0.07361111111111111
1 0.5309895833333333 0.5030092592592592 0.03697916666666667 0.059722222222222225
1 0.53125 0.7840277777777778 0.0375 0.055092592592592596
1 0.24505208333333334 0.7173611111111111 0.03177083333333333 0.05416666666666667
1 0.7735677083333333 0.881712962962963 0.06276041666666667 0.09583333333333334
1 0.38984375 0.9402777777777778 0.050520833333333334 0.08611111111111111
1 0.5497395833333333 0.4513888888888889 0.030208333333333334 0.05
1 0.496484375 0.33101851851851855 0.027864583333333335 0.044444444444444446
1 0.34544270833333335 0.6724537037037037 0.030989583333333334 0.055092592592592596
1 0.56796875 0.33194444444444443 0.027083333333333334 0.03888888888888889
1 0.305859375 0.6273148148148148 0.026822916666666665 0.049074074074074076
1 0.20143229166666668 0.8048611111111111 0.02734375 0.05138888888888889
1 0.8182291666666667 0.7675925925925926 0.0421875 0.07037037037037037
1 0.190234375 0.7738425925925926 0.02421875 0.04953703703703704
1 0.5901041666666667 0.30115740740740743 0.026041666666666668 0.034722222222222224
1 0.713671875 0.8263888888888888 0.047135416666666666 0.0712962962962963
3 0.9453125 0.7361111111111112 0.03697916666666667 0.06666666666666667