0 0.9173611111111111 0.4419753086419753 0.1486111111111111 0.15308641975308643
0 0.2111111111111111 0.817283950617284 0.12777777777777777 0.19753086419753085
0 0.8659722222222223 0.5160493827160494 0.0875 0.20246913580246914
1 0.3770833333333333 0.41975308641975306 0.07916666666666666 0.12839506172839507
1 0.3736111111111111 0.6604938271604939 0.09166666666666666 0.17037037037037037
1 0.5125 0.737037037037037 0.1111111111111111 0.19012345679012346
1 0.2791666666666667 0.41975308641975306 0.08333333333333333 0.13333333333333333
1 0.27569444444444446 0.5580246913580247 0.06805555555555555 0.10864197530864197
1 0.15138888888888888 0.037037037037037035 0.07777777777777778 0.0691358024691358
1 0.5013888888888889 0.9629629629629629 0.11388888888888889 0.0691358024691358
1 0.052083333333333336 0.2802469135802469 0.07083333333333333 0.1111111111111111
2 0.2965277777777778 0.23950617283950618 0.06527777777777778 0.09382716049382717
2 0.7180555555555556 0.47160493827160493 0.07222222222222222 0.11358024691358025
2 0.6118055555555556 0.38271604938271603 0.07361111111111111 0.11358024691358025
2 0.7965277777777777 0.2740740740740741 0.07361111111111111 0.08395061728395062
3 0.7590277777777777 0.908641975308642 0.12638888888888888 0.18271604938271604
3 0.4840277777777778 0.8925925925925926 0.0625 0.11604938271604938
3 0.07430555555555556 0.9197530864197531 0.13472222222222222 0.16049382716049382
3 0.10138888888888889 0.5098765432098765 0.08333333333333333 0.10617283950617284
3 0.21319444444444444 0.4901234567901235 0.08194444444444444 0.1308641975308642
3 0.6784722222222223 0.5456790123456791 0.07083333333333333 0.11358024691358025
3 0.6486111111111111 0.6493827160493827 0.05277777777777778 0.1037037037037037