0 0.39895833333333336 0.787962962962963 0.14270833333333333 0.3296296296296296
0 0.6018229166666667 0.8495370370370371 0.0734375 0.2638888888888889
1 0.7825520833333334 0.7231481481481481 0.044270833333333336 0.07407407407407407
1 0.8817708333333333 0.549074074074074 0.06145833333333333 0.1
1 0.2791666666666667 0.4842592592592593 0.042708333333333334 0.07407407407407407
1 0.5703125 0.5324074074074074 0.05520833333333333 0.0962962962962963
1 0.49583333333333335 0.9162037037037037 0.04479166666666667 0.09537037037037037
1 0.8765625 0.6365740740740741 0.04375 0.06388888888888888
1 0.5309895833333333 0.425 0.03802083333333333 0.06481481481481481
1 0.8161458333333333 0.5532407407407407 0.04791666666666667 0.0787037037037037
1 0.08255208333333333 0.5087962962962963 0.050520833333333334 0.07314814814814814
1 0.5151041666666667 0.3648148148148148 0.0375 0.06111111111111111
2 0.33828125 0.774074074074074 0.044270833333333336 0.07407407407407407
3 0.32708333333333334 0.27314814814814814 0.065625 0.07962962962962963
3 0.48984375 0.3138888888888889 0.049479166666666664 0.07222222222222222
1 0.4005208333333333 0.16944444444444445 0.026041666666666668 0.04259259259259259
1 0.2421875 0.2361111111111111 0.026041666666666668 0.04259259259259259
1 0.2171875 0.12777777777777777 0.026041666666666668 0.04259259259259259
1 0.14270833333333333 0.43333333333333335 0.026041666666666668 0.04259259259259259
1 0.11354166666666667 0.4898148148148148 0.026041666666666668 0.04259259259259259
1 0.04791666666666667 0.512962962962963 0.026041666666666668 0.04259259259259259