3 0.2234375 0.2386574074074074 0.0515625 0.06712962962962964
3 0.196875 0.8759259259259259 0.04479166666666667 0.07962962962962963
3 0.27057291666666666 0.9490740740740741 0.058854166666666666 0.10277777777777777
3 0.3723958333333333 0.9662037037037037 0.053125 0.06851851851851852
3 0.5442708333333334 0.6134259259259259 0.04583333333333333 0.0787037037037037
3 0.9274739583333333 0.2828703703703704 0.03203125 0.08148148148148149
1 0.5313802083333333 0.8113425925925926 0.05703125 0.08009259259259259
1 0.8377604166666667 0.5798611111111112 0.044270833333333336 0.07175925925925926
1 0.278515625 0.4476851851851852 0.04921875 0.0787037037037037
1 0.40286458333333336 0.1537037037037037 0.04635416666666667 0.09166666666666666
1 0.5859375 0.425462962962963 0.0265625 0.07407407407407407
1 0.6813802083333333 0.2847222222222222 0.046614583333333334 0.0787037037037037