0 0.7034722222222223 0.8888888888888888 0.16805555555555557 0.21728395061728395
0 0.7916666666666666 0.41728395061728396 0.10833333333333334 0.11851851851851852
0 0.3541666666666667 0.8728395061728395 0.10555555555555556 0.1308641975308642
0 0.6173611111111111 0.12469135802469136 0.09583333333333334 0.08641975308641975
0 0.42777777777777776 0.837037037037037 0.1388888888888889 0.10864197530864197
1 0.6576388888888889 0.49135802469135803 0.05138888888888889 0.08395061728395062
1 0.7881944444444444 0.291358024691358 0.059722222222222225 0.08888888888888889
1 0.41458333333333336 0.3851851851851852 0.043055555555555555 0.07407407407407407
1 0.18611111111111112 0.6370370370370371 0.05555555555555555 0.12345679012345678
1 0.3763888888888889 0.25555555555555554 0.03611111111111111 0.06666666666666667
1 0.41875 0.22098765432098766 0.04861111111111111 0.10617283950617284
3 0.27569444444444446 0.8864197530864197 0.09027777777777778 0.1382716049382716
3 0.11597222222222223 0.8703703703703703 0.06527777777777778 0.12098765432098765
3 0.2375 0.8049382716049382 0.06944444444444445 0.10864197530864197