0 0.13333333333333333 0.7975308641975308 0.08333333333333333 0.09382716049382717
1 0.8208333333333333 0.19135802469135801 0.04722222222222222 0.07654320987654321
1 0.37083333333333335 0.07777777777777778 0.05555555555555555 0.10123456790123457
1 0.5777777777777777 0.16913580246913582 0.06388888888888888 0.0962962962962963
1 0.8951388888888889 0.23703703703703705 0.04027777777777778 0.0691358024691358
1 0.9006944444444445 0.7 0.0875 0.13580246913580246
3 0.6840277777777778 0.23950617283950618 0.06527777777777778 0.07407407407407407
3 0.19305555555555556 0.4444444444444444 0.075 0.09876543209876543
3 0.7243055555555555 0.5740740740740741 0.06805555555555555 0.1308641975308642
3 0.6645833333333333 0.16666666666666666 0.07083333333333333 0.10617283950617284
3 0.7631944444444444 0.7580246913580246 0.05694444444444444 0.09382716049382717