1 0.42986111111111114 0.8839506172839506 0.10694444444444444 0.1925925925925926
1 0.4479166666666667 0.6246913580246913 0.05416666666666667 0.1037037037037037
1 0.5555555555555556 0.47901234567901235 0.05555555555555555 0.08888888888888889
1 0.6625 0.9506172839506173 0.09722222222222222 0.09876543209876543
1 0.36875 0.6123456790123457 0.07083333333333333 0.11851851851851852
1 0.4951388888888889 0.37530864197530867 0.05138888888888889 0.08395061728395062
1 0.48680555555555555 0.5703703703703704 0.06805555555555555 0.1037037037037037
1 0.5527777777777778 0.971604938271605 0.07777777777777778 0.056790123456790124
3 0.6097222222222223 0.8123456790123457 0.07777777777777778 0.11358024691358025
3 0.775 0.5123456790123457 0.07222222222222222 0.08641975308641975
3 0.4548611111111111 0.7395061728395061 0.08472222222222223 0.07654320987654321
3 0.17222222222222222 0.7802469135802469 0.08333333333333333 0.07901234567901234
1 0.7534722222222222 0.8209876543209876 0.08472222222222223 0.12098765432098765
1 0.7201388888888889 0.6876543209876543 0.06527777777777778 0.12098765432098765
1 0.8048611111111111 0.9518518518518518 0.059722222222222225 0.10123456790123457
1 0.6368055555555555 0.5407407407407407 0.05694444444444444 0.09382716049382717
1 0.6715277777777777 0.6 0.04027777777777778 0.08395061728395062
1 0.6013888888888889 0.4740740740740741 0.041666666666666664 0.07407407407407407
1 0.5770833333333333 0.4123456790123457 0.04027777777777778 0.05432098765432099