0 0.5131944444444444 0.9407407407407408 0.07361111111111111 0.11851851851851852
1 0.7736111111111111 0.6135802469135803 0.20277777777777778 0.3234567901234568
1 0.4076388888888889 0.1345679012345679 0.11805555555555555 0.20493827160493827
1 0.7715277777777778 0.8740740740740741 0.14583333333333334 0.2271604938271605
1 0.9458333333333333 0.8049382716049382 0.10833333333333334 0.23703703703703705
1 0.09722222222222222 0.05308641975308642 0.05277777777777778 0.06666666666666667
1 0.021527777777777778 0.11358024691358025 0.04027777777777778 0.07901234567901234
3 0.5618055555555556 0.5938271604938271 0.09305555555555556 0.1506172839506173
3 0.9604166666666667 0.6160493827160494 0.07916666666666666 0.16049382716049382
3 0.8743055555555556 0.7308641975308642 0.10138888888888889 0.14814814814814814
3 0.8965277777777778 0.9123456790123456 0.12916666666666668 0.15555555555555556