0 0.6430555555555556 0.7061728395061728 0.08055555555555556 0.19753086419753085
0 0.6368055555555555 0.16790123456790124 0.06527777777777778 0.18765432098765433
1 0.13541666666666666 0.13580246913580246 0.22083333333333333 0.25679012345679014
1 0.3527777777777778 0.04197530864197531 0.1388888888888889 0.07901234567901234
1 0.29097222222222224 0.7777777777777778 0.16527777777777777 0.30617283950617286
1 0.2826388888888889 0.36666666666666664 0.16527777777777777 0.25925925925925924
1 0.46875 0.7222222222222222 0.11805555555555555 0.22469135802469137
1 0.6097222222222223 0.8864197530864197 0.13333333333333333 0.2222222222222222
3 0.5625 0.6901234567901234 0.10555555555555556 0.18518518518518517
3 0.6888888888888889 0.4185185185185185 0.10277777777777777 0.24938271604938272
3 0.3104166666666667 0.16296296296296298 0.1736111111111111 0.21728395061728395
3 0.5708333333333333 0.5481481481481482 0.08888888888888889 0.16790123456790124