0 0.5694444444444444 0.8123456790123457 0.10555555555555556 0.15308641975308643
0 0.8263888888888888 0.6641975308641975 0.08888888888888889 0.15308641975308643
1 0.24791666666666667 0.6654320987654321 0.08194444444444444 0.1506172839506173
1 0.050694444444444445 0.9074074074074074 0.09861111111111111 0.18024691358024691
1 0.9423611111111111 0.5839506172839506 0.10138888888888889 0.15555555555555556
1 0.3486111111111111 0.32469135802469135 0.058333333333333334 0.10617283950617284
1 0.3423611111111111 0.17777777777777778 0.0625 0.11358024691358025
1 0.02361111111111111 0.18024691358024691 0.044444444444444446 0.09876543209876543
1 0.28888888888888886 0.2345679012345679 0.06666666666666667 0.11358024691358025
1 0.40347222222222223 0.37530864197530867 0.043055555555555555 0.07901234567901234
1 0.7541666666666667 0.15925925925925927 0.05555555555555555 0.11604938271604938
0 0.7444444444444445 0.5530864197530864 0.06111111111111111 0.14814814814814814