0 0.49583333333333335 0.6296296296296297 0.08888888888888889 0.2074074074074074
0 0.5131944444444444 0.4728395061728395 0.09861111111111111 0.1111111111111111
1 0.9118055555555555 0.25308641975308643 0.11527777777777778 0.16049382716049382
1 0.725 0.9345679012345679 0.09444444444444444 0.1259259259259259
1 0.9638888888888889 0.6679012345679012 0.07222222222222222 0.22469135802469137
1 0.81875 0.7987654320987654 0.1625 0.25925925925925924
1 0.4736111111111111 0.9555555555555556 0.09722222222222222 0.08395061728395062
1 0.19583333333333333 0.8111111111111111 0.05 0.09135802469135802
1 0.9625 0.9320987654320988 0.075 0.13580246913580246
1 0.4083333333333333 0.2641975308641975 0.058333333333333334 0.10864197530864197
1 0.22430555555555556 0.4691358024691358 0.043055555555555555 0.07901234567901234
3 0.7194444444444444 0.25555555555555554 0.08055555555555556 0.10617283950617284
3 0.6763888888888889 0.4148148148148148 0.075 0.1037037037037037