1 0.271875 0.8342592592592593 0.05625 0.09259259259259259
1 0.4669270833333333 0.8847222222222222 0.0578125 0.10277777777777777
1 0.42604166666666665 0.7967592592592593 0.057291666666666664 0.09351851851851851
1 0.6286458333333333 0.8393518518518519 0.036458333333333336 0.06018518518518518
1 0.44921875 0.4708333333333333 0.0328125 0.049074074074074076
1 0.5140625 0.9046296296296297 0.03854166666666667 0.07592592592592592
1 0.5432291666666667 0.8828703703703704 0.034375 0.07314814814814814
1 0.11927083333333334 0.49398148148148147 0.05416666666666667 0.062037037037037036
1 0.5223958333333333 0.6046296296296296 0.03125 0.05185185185185185
1 0.6010416666666667 0.7564814814814815 0.034375 0.05185185185185185
3 0.31875 0.5328703703703703 0.05 0.06759259259259259