0 0.7369791666666666 0.30486111111111114 0.09583333333333334 0.09768518518518518
0 0.620703125 0.2884259259259259 0.06015625 0.12314814814814815
1 0.24010416666666667 0.05810185185185185 0.0953125 0.1125
1 0.2962239583333333 0.5497685185185185 0.17526041666666667 0.2810185185185185
1 0.09479166666666666 0.2175925925925926 0.051041666666666666 0.09722222222222222
1 0.8220052083333333 0.021064814814814814 0.03984375 0.04212962962962963
1 0.5346354166666667 0.02199074074074074 0.0625 0.043055555555555555
3 0.833984375 0.10416666666666667 0.04869791666666667 0.07037037037037037
3 0.24908854166666666 0.2011574074074074 0.06536458333333334 0.08564814814814815
3 0.7596354166666667 0.23402777777777778 0.044270833333333336 0.055092592592592596
3 0.7807291666666667 0.09375 0.03177083333333333 0.05324074074074074
3 0.6881510416666666 0.12685185185185185 0.02734375 0.04537037037037037
3 0.17591145833333333 0.05092592592592592 0.05963541666666667 0.09166666666666666