1 0.6196614583333333 0.44837962962962963 0.046614583333333334 0.06435185185185185
1 0.3377604166666667 0.5432870370370371 0.05364583333333333 0.08287037037037037
1 0.5579427083333334 0.5951388888888889 0.08255208333333333 0.09861111111111111
1 0.7098958333333333 0.46574074074074073 0.0515625 0.06388888888888888
1 0.20065104166666667 0.44814814814814813 0.03046875 0.05
1 0.06901041666666667 0.5773148148148148 0.053125 0.07777777777777778
1 0.04973958333333333 0.4706018518518518 0.046875 0.06620370370370371
1 0.8 0.3509259259259259 0.0296875 0.05462962962962963
1 0.28736979166666665 0.6502314814814815 0.055989583333333336 0.07546296296296297
1 0.6842447916666666 0.5173611111111112 0.04244791666666667 0.0699074074074074
1 0.235546875 0.5243055555555556 0.06796875 0.10324074074074074
1 0.5626302083333333 0.3638888888888889 0.020572916666666666 0.03333333333333333
1 0.75234375 0.3476851851851852 0.020833333333333332 0.03981481481481482
3 0.43776041666666665 0.4930555555555556 0.05416666666666667 0.04259259259259259
3 0.4317708333333333 0.6168981481481481 0.051041666666666666 0.052314814814814814
3 0.826953125 0.518287037037037 0.05078125 0.05694444444444444
3 0.38567708333333334 0.6553240740740741 0.05416666666666667 0.08009259259259259
3 0.4671875 0.38935185185185184 0.016145833333333335 0.025
3 0.07890625 0.4828703703703704 0.03854166666666667 0.040740740740740744
3 0.12643229166666667 0.5622685185185186 0.03046875 0.04953703703703704
3 0.8959635416666667 0.45694444444444443 0.02890625 0.03148148148148148
3 0.16888020833333334 0.6226851851851852 0.026822916666666665 0.03333333333333333
3 0.14765625 0.5280092592592592 0.019791666666666666 0.03009259259259259
3 0.6928385416666667 0.42268518518518516 0.02109375 0.032407407407407406
3 0.9013020833333333 0.487962962962963 0.0203125 0.03611111111111111
1 0.7744791666666667 0.35300925925925924 0.017708333333333333 0.03194444444444444
1 0.9302083333333333 0.37430555555555556 0.017708333333333333 0.03194444444444444
1 0.7453125 0.2710648148148148 0.017708333333333333 0.03194444444444444
1 0.90390625 0.38287037037037036 0.027083333333333334 0.032407407407407406
1 0.9606770833333333 0.3824074074074074 0.027083333333333334 0.032407407407407406
1 0.9856770833333334 0.40046296296296297 0.027083333333333334 0.032407407407407406
1 0.584375 0.30694444444444446 0.0140625 0.025
1 0.5755208333333334 0.3212962962962963 0.0140625 0.025
1 0.5661458333333333 0.3034722222222222 0.018229166666666668 0.02546296296296296
1 0.5463541666666667 0.3173611111111111 0.018229166666666668 0.02546296296296296
1 0.505859375 0.24328703703703702 0.013802083333333333 0.02175925925925926
1 0.41875 0.35532407407407407 0.018229166666666668 0.02546296296296296
1 0.4049479166666667 0.331712962962963 0.018229166666666668 0.02546296296296296
1 0.4161458333333333 0.42939814814814814 0.018229166666666668 0.02546296296296296
1 0.6131510416666667 0.27152777777777776 0.013802083333333333 0.02175925925925926
3 0.4421875 0.37824074074074077 0.016145833333333335 0.025
1 0.488671875 0.3958333333333333 0.024739583333333332 0.03333333333333333
3 0.3580729166666667 0.4685185185185185 0.016145833333333335 0.025
1 0.371875 0.3456018518518518 0.018229166666666668 0.02546296296296296
1 0.35989583333333336 0.44004629629629627 0.018229166666666668 0.02546296296296296
1 0.360546875 0.3050925925925926 0.020572916666666666 0.030555555555555555
1 0.35690104166666664 0.3421296296296296 0.018489583333333334 0.023148148148148147
1 0.3235677083333333 0.32222222222222224 0.018489583333333334 0.023148148148148147
1 0.34466145833333334 0.26666666666666666 0.018489583333333334 0.023148148148148147
1 0.3951822916666667 0.28564814814814815 0.018489583333333334 0.023148148148148147
1 0.25638020833333336 0.33611111111111114 0.018489583333333334 0.023148148148148147
1 0.23125 0.40671296296296294 0.0203125 0.02824074074074074
3 0.33619791666666665 0.3421296296296296 0.016145833333333335 0.025
1 0.25611979166666665 0.32222222222222224 0.018489583333333334 0.023148148148148147
1 0.220703125 0.31805555555555554 0.018489583333333334 0.023148148148148147
1 0.30221354166666664 0.22546296296296298 0.018489583333333334 0.023148148148148147
1 0.25859375 0.4127314814814815 0.0203125 0.02824074074074074
1 0.118359375 0.275 0.021614583333333333 0.030555555555555555
1 0.10950520833333334 0.3189814814814815 0.021614583333333333 0.030555555555555555
1 0.11627604166666666 0.18101851851851852 0.021614583333333333 0.030555555555555555
1 0.7795572916666667 0.26643518518518516 0.023177083333333334 0.03009259259259259
1 0.6661458333333333 0.2490740740740741 0.019791666666666666 0.030555555555555555