0 0.75625 0.6189814814814815 0.05625 0.19722222222222222
1 0.44947916666666665 0.9259259259259259 0.05520833333333333 0.0962962962962963
1 0.7731770833333333 0.18333333333333332 0.0984375 0.12037037037037036
1 0.61484375 0.5722222222222222 0.08072916666666667 0.12037037037037036
1 0.7635416666666667 0.7888888888888889 0.1 0.1259259259259259
1 0.234375 0.6449074074074074 0.06458333333333334 0.10092592592592593
1 0.5072916666666667 0.5912037037037037 0.07083333333333333 0.11574074074074074
1 0.3880208333333333 0.8851851851851852 0.04375 0.06851851851851852
1 0.9294270833333333 0.5546296296296296 0.12239583333333333 0.12222222222222222
1 0.91796875 0.4449074074074074 0.1359375 0.11944444444444445
1 0.19322916666666667 0.8537037037037037 0.078125 0.08518518518518518
1 0.7520833333333333 0.3037037037037037 0.084375 0.09444444444444444
1 0.3372395833333333 0.8050925925925926 0.06927083333333334 0.12685185185185185
1 0.9419270833333333 0.3055555555555556 0.1078125 0.13148148148148148
1 0.8692708333333333 0.23333333333333334 0.078125 0.11481481481481481
1 0.86796875 0.12731481481481483 0.0515625 0.09166666666666666
3 0.43645833333333334 0.5814814814814815 0.059375 0.09444444444444444
3 0.503125 0.2638888888888889 0.10520833333333333 0.17037037037037037
3 0.33255208333333336 0.538425925925926 0.06197916666666667 0.09722222222222222
3 0.840625 0.08657407407407407 0.06041666666666667 0.09166666666666666
3 0.28984375 0.8810185185185185 0.0515625 0.08796296296296297
3 0.28151041666666665 0.750462962962963 0.07239583333333334 0.10462962962962963
3 0.7122395833333334 0.2050925925925926 0.050520833333333334 0.0787037037037037
3 0.18203125 0.7666666666666667 0.0734375 0.1
3 0.23854166666666668 0.9564814814814815 0.058333333333333334 0.07037037037037037
3 0.024739583333333332 0.9384259259259259 0.0484375 0.09537037037037037