1 0.9009114583333333 0.2585648148148148 0.06484375 0.09583333333333334
1 0.91484375 0.6268518518518519 0.08177083333333333 0.12037037037037036
1 0.5341145833333333 0.7738425925925926 0.03802083333333333 0.08564814814814815
1 0.5518229166666667 0.5358796296296297 0.034375 0.05324074074074074
1 0.6682291666666667 0.41759259259259257 0.04583333333333333 0.07407407407407407
1 0.6278645833333333 0.44305555555555554 0.0296875 0.062037037037037036
1 0.8694010416666667 0.0798611111111111 0.037760416666666664 0.0587962962962963
1 0.6731770833333334 0.11412037037037037 0.021354166666666667 0.03564814814814815
1 0.6643229166666667 0.14212962962962963 0.020833333333333332 0.03796296296296296
1 0.6375 0.18819444444444444 0.024479166666666666 0.04398148148148148
1 0.5444010416666667 0.27800925925925923 0.02109375 0.04583333333333333
1 0.4739583333333333 0.40532407407407406 0.019791666666666666 0.03287037037037037
1 0.4669270833333333 0.7546296296296297 0.03229166666666667 0.05648148148148148
1 0.4615885416666667 0.44884259259259257 0.018489583333333334 0.03935185185185185
1 0.5756510416666667 0.2534722222222222 0.02578125 0.052314814814814814
1 0.422265625 0.6020833333333333 0.018489583333333334 0.03935185185185185