1 0.25833333333333336 0.8419753086419753 0.08333333333333333 0.11851851851851852
1 0.4576388888888889 0.7888888888888889 0.09861111111111111 0.1654320987654321
1 0.5131944444444444 0.09135802469135802 0.05138888888888889 0.09876543209876543
1 0.5659722222222222 0.5135802469135803 0.06527777777777778 0.1037037037037037
1 0.10555555555555556 0.3 0.075 0.1259259259259259
1 0.3541666666666667 0.27530864197530863 0.058333333333333334 0.11604938271604938
1 0.47708333333333336 0.05925925925925926 0.05416666666666667 0.09382716049382717
1 0.6361111111111111 0.571604938271605 0.06111111111111111 0.1111111111111111
1 0.034027777777777775 0.21728395061728395 0.06527777777777778 0.12345679012345678
1 0.7354166666666667 0.40617283950617283 0.043055555555555555 0.06172839506172839
1 0.12986111111111112 0.6506172839506172 0.06805555555555555 0.1111111111111111
1 0.30694444444444446 0.1962962962962963 0.05555555555555555 0.08148148148148149
1 0.11180555555555556 0.06049382716049383 0.0763888888888889 0.10123456790123457
1 0.2798611111111111 0.7358024691358025 0.06527777777777778 0.09876543209876543
1 0.3423611111111111 0.13950617283950617 0.059722222222222225 0.10617283950617284
1 0.25625 0.050617283950617285 0.08194444444444444 0.0962962962962963