1 0.32955729166666664 0.5324074074074074 0.05651041666666667 0.08981481481481482
1 0.090234375 0.03518518518518519 0.07109375 0.06944444444444445
1 0.23658854166666668 0.5231481481481481 0.05078125 0.08425925925925926
1 0.2891927083333333 0.33055555555555555 0.05807291666666667 0.09537037037037037
1 0.279296875 0.1439814814814815 0.053385416666666664 0.08981481481481482
1 0.471484375 0.1486111111111111 0.03359375 0.06111111111111111
1 0.2984375 0.4511574074074074 0.0453125 0.06712962962962964
1 0.8065104166666667 0.41898148148148145 0.023958333333333335 0.046296296296296294
1 0.29205729166666666 0.2178240740740741 0.046614583333333334 0.0587962962962963
1 0.7049479166666667 0.5078703703703704 0.044270833333333336 0.075
1 0.6194010416666667 0.5993055555555555 0.055989583333333336 0.06157407407407407
1 0.6884114583333333 0.2300925925925926 0.026302083333333334 0.04351851851851852
1 0.41653645833333336 0.38263888888888886 0.04765625 0.07175925925925926
1 0.5959635416666667 0.3488425925925926 0.03567708333333333 0.05416666666666667
1 0.6868489583333334 0.14699074074074073 0.029947916666666668 0.04583333333333333
1 0.6432291666666666 0.08981481481481482 0.021354166666666667 0.03425925925925926
1 0.5864583333333333 0.06388888888888888 0.03125 0.04814814814814815
3 0.55859375 0.44375 0.036458333333333336 0.04953703703703704
3 0.5365885416666667 0.26435185185185184 0.05234375 0.04351851851851852
3 0.631640625 0.32685185185185184 0.026302083333333334 0.03333333333333333
1 0.5020833333333333 0.1375 0.03333333333333333 0.05277777777777778
1 0.8270833333333333 0.42916666666666664 0.021875 0.03333333333333333
1 0.5515625 0.02013888888888889 0.019791666666666666 0.027314814814814816
1 0.705078125 0.08518518518518518 0.022135416666666668 0.02962962962962963
1 0.7377604166666667 0.1136574074074074 0.013541666666666667 0.020833333333333332
1 0.714453125 0.12685185185185185 0.015364583333333333 0.023148148148148147
1 0.7537760416666667 0.053009259259259256 0.009635416666666667 0.016203703703703703
1 0.7555989583333333 0.16342592592592592 0.016927083333333332 0.026851851851851852
1 0.8046875 0.20949074074074073 0.01875 0.024537037037037038
1 0.8220052083333333 0.27152777777777776 0.020572916666666666 0.02824074074074074
1 0.8434895833333333 0.2675925925925926 0.015104166666666667 0.021296296296296296
1 0.8341145833333333 0.2534722222222222 0.013020833333333334 0.01898148148148148
1 0.8084635416666667 0.18958333333333333 0.01640625 0.024537037037037038
1 0.8716145833333333 0.26689814814814816 0.021875 0.03287037037037037
1 0.88125 0.4150462962962963 0.019270833333333334 0.03287037037037037
1 0.907421875 0.4300925925925926 0.016927083333333332 0.028703703703703703
1 0.9368489583333334 0.4652777777777778 0.013802083333333333 0.021296296296296296
1 0.9248697916666667 0.3789351851851852 0.02109375 0.029166666666666667
1 0.9381510416666666 0.3226851851851852 0.01171875 0.026851851851851852
1 0.9227864583333333 0.30648148148148147 0.013802083333333333 0.018518518518518517
1 0.9360677083333333 0.2986111111111111 0.015364583333333333 0.022222222222222223