1 0.9701388888888889 0.5901234567901235 0.059722222222222225 0.09876543209876543
1 0.8638888888888889 0.43703703703703706 0.044444444444444446 0.07407407407407407
1 0.6013888888888889 0.5419753086419753 0.05555555555555555 0.10123456790123457
1 0.26319444444444445 0.6283950617283951 0.11527777777777778 0.17037037037037037
1 0.8597222222222223 0.5382716049382716 0.05277777777777778 0.1037037037037037
1 0.8138888888888889 0.3654320987654321 0.07777777777777778 0.11358024691358025
1 0.3972222222222222 0.24320987654320989 0.06111111111111111 0.10123456790123457
1 0.6027777777777777 0.4419753086419753 0.06666666666666667 0.09876543209876543
1 0.8020833333333334 0.4876543209876543 0.07083333333333333 0.1111111111111111
1 0.8465277777777778 0.25925925925925924 0.04583333333333333 0.0691358024691358
1 0.5513888888888889 0.5975308641975309 0.06111111111111111 0.1037037037037037
1 0.5201388888888889 0.09753086419753086 0.06527777777777778 0.11604938271604938
1 0.7423611111111111 0.5580246913580247 0.06527777777777778 0.11358024691358025
1 0.9756944444444444 0.345679012345679 0.04861111111111111 0.05925925925925926
1 0.9583333333333334 0.24320987654320989 0.05277777777777778 0.06666666666666667
1 0.8659722222222223 0.20987654320987653 0.043055555555555555 0.06419753086419754
1 0.022916666666666665 0.44938271604938274 0.043055555555555555 0.16296296296296298
1 0.5291666666666667 0.7753086419753087 0.07222222222222222 0.13333333333333333
3 0.3104166666666667 0.044444444444444446 0.11527777777777778 0.08395061728395062
3 0.6736111111111112 0.02962962962962963 0.07222222222222222 0.05432098765432099
3 0.3215277777777778 0.1962962962962963 0.09861111111111111 0.13580246913580246
3 0.41875 0.16296296296296298 0.08472222222222223 0.12839506172839507
3 0.5333333333333333 0.5567901234567901 0.05555555555555555 0.10123456790123457
3 0.45069444444444445 0.4740740740740741 0.05138888888888889 0.07407407407407407
3 0.9194444444444444 0.5555555555555556 0.058333333333333334 0.08395061728395062
3 0.6625 0.13703703703703704 0.06944444444444445 0.11604938271604938
3 0.95 0.43333333333333335 0.058333333333333334 0.06666666666666667
3 0.7722222222222223 0.2580246913580247 0.09444444444444444 0.08641975308641975
3 0.7215277777777778 0.11604938271604938 0.05416666666666667 0.06419753086419754
3 0.5104166666666666 0.025925925925925925 0.043055555555555555 0.04691358024691358
3 0.5027777777777778 0.7135802469135802 0.05 0.0691358024691358
3 0.8826388888888889 0.3234567901234568 0.0375 0.04938271604938271
3 0.8972222222222223 0.6197530864197531 0.04722222222222222 0.06419753086419754
3 0.8861111111111111 0.5530864197530864 0.041666666666666664 0.07901234567901234
3 0.8076388888888889 0.5641975308641975 0.06527777777777778 0.07160493827160494
3 0.9125 0.2419753086419753 0.041666666666666664 0.07407407407407407
1 0.39375 0.4654320987654321 0.0375 0.056790123456790124