1 0.07083333333333333 0.7393518518518518 0.03177083333333333 0.05740740740740741
1 0.448828125 0.5347222222222222 0.01796875 0.03425925925925926
1 0.38190104166666666 0.5618055555555556 0.021614583333333333 0.03935185185185185
1 0.417578125 0.4358796296296296 0.018489583333333334 0.03564814814814815
1 0.126171875 0.7229166666666667 0.021614583333333333 0.03657407407407407
1 0.04192708333333333 0.8060185185185185 0.0234375 0.03981481481481482
1 0.3162760416666667 0.6256944444444444 0.01953125 0.031018518518518518
1 0.5036458333333333 0.487962962962963 0.024479166666666666 0.03888888888888889
1 0.24674479166666666 0.5226851851851851 0.01953125 0.03981481481481482
1 0.10533854166666666 0.5423611111111111 0.020572916666666666 0.03564814814814815
1 0.21328125 0.5166666666666667 0.027083333333333334 0.05648148148148148
1 0.226171875 0.8736111111111111 0.021614583333333333 0.03796296296296296
1 0.06197916666666667 0.6483796296296296 0.028125 0.052314814814814814
1 0.3770833333333333 0.49699074074074073 0.018229166666666668 0.03935185185185185
1 0.31692708333333336 0.5157407407407407 0.013541666666666667 0.025
1 0.06822916666666666 0.5534722222222223 0.020833333333333332 0.034722222222222224
1 0.39153645833333334 0.5090277777777777 0.01953125 0.033796296296296297
1 0.11419270833333334 0.8291666666666667 0.02890625 0.06574074074074074
3 0.22473958333333333 0.7532407407407408 0.028125 0.04351851851851852
3 0.20729166666666668 0.7766203703703703 0.03125 0.052314814814814814
1 0.425390625 0.6458333333333334 0.015885416666666666 0.023148148148148147
1 0.41263020833333336 0.6333333333333333 0.015885416666666666 0.023148148148148147
1 0.39674479166666665 0.6208333333333333 0.015885416666666666 0.023148148148148147
1 0.628515625 0.6101851851851852 0.015885416666666666 0.023148148148148147
1 0.5485677083333333 0.5675925925925925 0.015885416666666666 0.023148148148148147
1 0.6180989583333333 0.5685185185185185 0.015885416666666666 0.023148148148148147
1 0.6321614583333334 0.5226851851851851 0.015885416666666666 0.023148148148148147
1 0.6397135416666667 0.4925925925925926 0.015885416666666666 0.023148148148148147
1 0.6123697916666667 0.4842592592592593 0.015885416666666666 0.023148148148148147
1 0.6180989583333333 0.4685185185185185 0.015885416666666666 0.023148148148148147
1 0.5384114583333334 0.4777777777777778 0.015885416666666666 0.023148148148148147
1 0.555078125 0.43472222222222223 0.015885416666666666 0.023148148148148147
1 0.5915364583333333 0.3861111111111111 0.015885416666666666 0.023148148148148147
1 0.5733072916666667 0.36527777777777776 0.015885416666666666 0.023148148148148147
1 0.517578125 0.32592592592592595 0.015885416666666666 0.023148148148148147
1 0.5287760416666667 0.29583333333333334 0.015885416666666666 0.023148148148148147
1 0.448046875 0.32314814814814813 0.015885416666666666 0.023148148148148147
1 0.462109375 0.2953703703703704 0.015885416666666666 0.023148148148148147
1 0.43658854166666666 0.32037037037037036 0.015885416666666666 0.023148148148148147
1 0.430078125 0.30185185185185187 0.015885416666666666 0.023148148148148147
1 0.3907552083333333 0.4287037037037037 0.015885416666666666 0.023148148148148147
1 0.391796875 0.45555555555555555 0.015885416666666666 0.023148148148148147
1 0.45221354166666666 0.47129629629629627 0.015885416666666666 0.023148148148148147
1 0.337890625 0.3449074074074074 0.015885416666666666 0.023148148148148147
1 0.683984375 0.3990740740740741 0.015885416666666666 0.023148148148148147
1 0.7154947916666666 0.4393518518518518 0.015885416666666666 0.023148148148148147
1 0.7423177083333333 0.5282407407407408 0.015885416666666666 0.023148148148148147
1 0.7654947916666667 0.5550925925925926 0.015885416666666666 0.023148148148148147
1 0.7907552083333333 0.5537037037037037 0.015885416666666666 0.023148148148148147
1 0.6865885416666667 0.525 0.015885416666666666 0.023148148148148147
1 0.442578125 0.39861111111111114 0.015885416666666666 0.023148148148148147
1 0.5108072916666667 0.4203703703703704 0.015885416666666666 0.023148148148148147
1 0.5251302083333333 0.6412037037037037 0.015885416666666666 0.023148148148148147
1 0.30911458333333336 0.4861111111111111 0.013541666666666667 0.025
1 0.28828125 0.39537037037037037 0.013541666666666667 0.025