1 0.21319444444444444 0.6246913580246913 0.05694444444444444 0.09876543209876543
1 0.16875 0.16296296296296298 0.07083333333333333 0.1382716049382716
1 0.8381944444444445 0.3 0.04583333333333333 0.07160493827160494
1 0.7597222222222222 0.42962962962962964 0.06944444444444445 0.1382716049382716
1 0.26180555555555557 0.050617283950617285 0.07361111111111111 0.0962962962962963
1 0.17708333333333334 0.49506172839506174 0.07083333333333333 0.1111111111111111
1 0.0875 0.4246913580246914 0.07222222222222222 0.11358024691358025
1 0.4354166666666667 0.7444444444444445 0.05694444444444444 0.10123456790123457
3 0.8569444444444444 0.8765432098765432 0.15 0.23703703703703705
3 0.6625 0.345679012345679 0.06111111111111111 0.09876543209876543
3 0.7659722222222223 0.34074074074074073 0.05416666666666667 0.08888888888888889
3 0.06041666666666667 0.6333333333333333 0.04861111111111111 0.06666666666666667