0 0.3763888888888889 0.8975308641975308 0.225 0.2
0 0.035416666666666666 0.36666666666666664 0.06805555555555555 0.17530864197530865
0 0.15208333333333332 0.16296296296296298 0.11527777777777778 0.1037037037037037
0 0.19166666666666668 0.6111111111111112 0.17777777777777778 0.16049382716049382
0 0.09097222222222222 0.40617283950617283 0.09027777777777778 0.09135802469135802
0 0.9493055555555555 0.774074074074074 0.10138888888888889 0.22469135802469137
1 0.43680555555555556 0.5148148148148148 0.10972222222222222 0.1506172839506173
1 0.7576388888888889 0.8950617283950617 0.18472222222222223 0.20987654320987653
1 0.8520833333333333 0.7851851851851852 0.1736111111111111 0.3012345679012346
1 0.6638888888888889 0.6222222222222222 0.14444444444444443 0.23209876543209876
1 0.1111111111111111 0.27901234567901234 0.10277777777777777 0.12839506172839507
1 0.9291666666666667 0.9333333333333333 0.13055555555555556 0.12839506172839507
1 0.059027777777777776 0.6395061728395062 0.11527777777777778 0.32592592592592595
1 0.45694444444444443 0.9444444444444444 0.13055555555555556 0.10617283950617284
1 0.09236111111111112 0.7777777777777778 0.17083333333333334 0.30617283950617286
1 0.9743055555555555 0.9209876543209876 0.05416666666666667 0.16296296296296298
2 0.41041666666666665 0.6604938271604939 0.15694444444444444 0.21975308641975308
2 0.18611111111111112 0.7703703703703704 0.11388888888888889 0.21728395061728395
2 0.27708333333333335 0.7320987654320987 0.12083333333333333 0.19012345679012346
2 0.45416666666666666 0.1506172839506173 0.075 0.08888888888888889
2 0.6055555555555555 0.9148148148148149 0.17222222222222222 0.17037037037037037
2 0.25277777777777777 0.4888888888888889 0.08888888888888889 0.15308641975308643
2 0.11458333333333333 0.4728395061728395 0.12916666666666668 0.1259259259259259
2 0.36944444444444446 0.10740740740740741 0.06666666666666667 0.08148148148148149
2 0.14652777777777778 0.23703703703703705 0.10138888888888889 0.09382716049382717
2 0.22013888888888888 0.4012345679012346 0.13194444444444445 0.2
2 0.022916666666666665 0.18888888888888888 0.043055555555555555 0.0962962962962963
2 0.044444444444444446 0.49135802469135803 0.08611111111111111 0.12839506172839507
2 0.22152777777777777 0.30864197530864196 0.1125 0.10864197530864197
2 0.27847222222222223 0.8555555555555555 0.12916666666666668 0.21481481481481482
2 0.06597222222222222 0.18518518518518517 0.09583333333333334 0.11358024691358025
3 0.7527777777777778 0.38395061728395063 0.1361111111111111 0.15555555555555556
3 0.5805555555555556 0.5074074074074074 0.14444444444444443 0.17530864197530865
3 0.35 0.49753086419753084 0.13333333333333333 0.21481481481481482
3 0.20277777777777778 0.945679012345679 0.1638888888888889 0.1037037037037037
3 0.24166666666666667 0.9493827160493827 0.09166666666666666 0.0962962962962963