1 0.3763888888888889 0.12222222222222222 0.05277777777777778 0.08148148148148149
1 0.8423611111111111 0.9222222222222223 0.08194444444444444 0.1111111111111111
1 0.15833333333333333 0.9049382716049382 0.07222222222222222 0.1111111111111111
1 0.4965277777777778 0.14444444444444443 0.0625 0.0962962962962963
3 0.21458333333333332 0.5395061728395062 0.08472222222222223 0.1259259259259259
3 0.4951388888888889 0.43580246913580245 0.0763888888888889 0.1308641975308642
3 0.30625 0.36790123456790125 0.05416666666666667 0.07407407407407407
3 0.47291666666666665 0.9111111111111111 0.06527777777777778 0.09876543209876543
3 0.6840277777777778 0.337037037037037 0.0625 0.09135802469135802
3 0.8388888888888889 0.3358024691358025 0.06944444444444445 0.08888888888888889
3 0.7368055555555556 0.45925925925925926 0.04027777777777778 0.0691358024691358
3 0.9576388888888889 0.8851851851851852 0.05694444444444444 0.06666666666666667
3 0.6305555555555555 0.5209876543209877 0.04722222222222222 0.07407407407407407