0 0.7223958333333333 0.7805555555555556 0.075 0.1537037037037037
1 0.29635416666666664 0.7203703703703703 0.05416666666666667 0.07777777777777778
1 0.48020833333333335 0.9444444444444444 0.06354166666666666 0.1
1 0.22161458333333334 0.6152777777777778 0.044270833333333336 0.062037037037037036
1 0.3703125 0.6273148148148148 0.03854166666666667 0.075
1 0.2643229166666667 0.5481481481481482 0.03177083333333333 0.05185185185185185
1 0.67265625 0.48564814814814816 0.033854166666666664 0.05092592592592592
1 0.2825520833333333 0.8379629629629629 0.0578125 0.0962962962962963
1 0.48125 0.6138888888888889 0.03333333333333333 0.05555555555555555
3 0.5158854166666667 0.6689814814814815 0.050520833333333334 0.062037037037037036
3 0.028125 0.7333333333333333 0.051041666666666666 0.06111111111111111
3 0.7588541666666667 0.95 0.071875 0.09444444444444444