1 0.146875 0.475 0.0375 0.046296296296296294
1 0.722265625 0.5414351851851852 0.04505208333333333 0.06805555555555555
1 0.19661458333333334 0.8162037037037037 0.071875 0.11296296296296296
1 0.066796875 0.46319444444444446 0.040364583333333336 0.055092592592592596
1 0.2537760416666667 0.430787037037037 0.03307291666666667 0.047685185185185185
1 0.6040364583333333 0.45949074074074076 0.04401041666666667 0.05787037037037037
1 0.09114583333333333 0.5168981481481482 0.042708333333333334 0.055092592592592596
1 0.016536458333333334 0.9002314814814815 0.032552083333333336 0.09305555555555556
1 0.6234375 0.5585648148148148 0.04010416666666667 0.056018518518518516
1 0.7677083333333333 0.5143518518518518 0.034375 0.05277777777777778
1 0.65859375 0.4789351851851852 0.0296875 0.04675925925925926
1 0.591796875 0.6106481481481482 0.03984375 0.053703703703703705
1 0.38528645833333336 0.43333333333333335 0.026302083333333334 0.03981481481481482
1 0.798828125 0.4761574074074074 0.04348958333333333 0.059722222222222225
1 0.750390625 0.44907407407407407 0.023177083333333334 0.03981481481481482
1 0.9032552083333333 0.4981481481481482 0.03046875 0.044444444444444446
1 0.13125 0.4597222222222222 0.0375 0.046296296296296294
1 0.20572916666666666 0.4361111111111111 0.0375 0.046296296296296294
1 0.4256510416666667 0.4497685185185185 0.030989583333333334 0.043055555555555555
1 0.4147135416666667 0.42291666666666666 0.030989583333333334 0.043055555555555555
1 0.438671875 0.418287037037037 0.030989583333333334 0.043055555555555555
1 0.548828125 0.6349537037037037 0.030989583333333334 0.043055555555555555
1 0.9165364583333333 0.45092592592592595 0.03046875 0.044444444444444446
1 0.935546875 0.47638888888888886 0.03046875 0.044444444444444446
1 0.9850260416666666 0.5768518518518518 0.03046875 0.044444444444444446