1 0.196484375 0.6446759259259259 0.04244791666666667 0.07083333333333333
1 0.0765625 0.8618055555555556 0.04895833333333333 0.08287037037037037
1 0.1515625 0.7011574074074074 0.0453125 0.08287037037037037
1 0.58203125 0.8108796296296297 0.046875 0.0912037037037037
1 0.5485677083333333 0.8104166666666667 0.05234375 0.1050925925925926
1 0.17044270833333333 0.9523148148148148 0.04348958333333333 0.08796296296296297
1 0.20442708333333334 0.11736111111111111 0.028645833333333332 0.056018518518518516
1 0.9736979166666667 0.3113425925925926 0.04114583333333333 0.06712962962962964
1 0.014192708333333333 0.42592592592592593 0.027864583333333335 0.08055555555555556
1 0.1359375 0.2152777777777778 0.03177083333333333 0.05925925925925926
1 0.27981770833333336 0.46828703703703706 0.029947916666666668 0.06435185185185185
3 0.8940104166666667 0.4115740740740741 0.04583333333333333 0.06111111111111111
3 0.8697916666666666 0.5784722222222223 0.040625 0.07175925925925926