0 0.7194444444444444 0.3432098765432099 0.14166666666666666 0.4641975308641975
0 0.45694444444444443 0.7308641975308642 0.1111111111111111 0.16790123456790124
1 0.7590277777777777 0.6506172839506172 0.2152777777777778 0.3135802469135803
1 0.4270833333333333 0.25679012345679014 0.15416666666666667 0.2716049382716049
1 0.6131944444444445 0.36419753086419754 0.16805555555555557 0.3037037037037037
1 0.5541666666666667 0.47901234567901235 0.11666666666666667 0.20246913580246914
3 0.8513888888888889 0.3395061728395062 0.11388888888888889 0.18518518518518517
3 0.26319444444444445 0.6222222222222222 0.1375 0.23703703703703705
3 0.9479166666666666 0.737037037037037 0.10416666666666667 0.24444444444444444
0 0.6756944444444445 0.05802469135802469 0.10416666666666667 0.1111111111111111
3 0.8152777777777778 0.7888888888888889 0.14722222222222223 0.22962962962962963