0 0.48333333333333334 0.928395061728395 0.075 0.14320987654320988
0 0.6944444444444444 0.3567901234567901 0.08611111111111111 0.08641975308641975
0 0.5208333333333334 0.6407407407407407 0.06388888888888888 0.24938271604938272
1 0.35138888888888886 0.7950617283950617 0.07777777777777778 0.15308641975308643
1 0.5534722222222223 0.4802469135802469 0.05416666666666667 0.09135802469135802
1 0.43819444444444444 0.12839506172839507 0.05138888888888889 0.08888888888888889
1 0.38472222222222224 0.11604938271604938 0.05277777777777778 0.08395061728395062
1 0.2013888888888889 0.7061728395061728 0.125 0.2222222222222222
1 0.6305555555555555 0.5419753086419753 0.07222222222222222 0.10617283950617284
1 0.3145833333333333 0.27037037037037037 0.05138888888888889 0.09135802469135802
1 0.4666666666666667 0.08395061728395062 0.03888888888888889 0.07407407407407407
1 0.5222222222222223 0.4345679012345679 0.03888888888888889 0.07901234567901234
3 0.1486111111111111 0.6024691358024692 0.09444444444444444 0.12345679012345678
3 0.36041666666666666 0.21975308641975308 0.05694444444444444 0.05925925925925926