1 0.8027777777777778 0.8 0.09444444444444444 0.12839506172839507
1 0.7243055555555555 0.5493827160493827 0.05416666666666667 0.0962962962962963
1 0.5305555555555556 0.6049382716049383 0.05277777777777778 0.08888888888888889
1 0.4625 0.9185185185185185 0.05555555555555555 0.09382716049382717
1 0.1 0.8975308641975308 0.06666666666666667 0.10617283950617284
1 0.09027777777777778 0.34444444444444444 0.044444444444444446 0.07160493827160494
1 0.12569444444444444 0.3691358024691358 0.04583333333333333 0.07160493827160494
3 0.6923611111111111 0.917283950617284 0.059722222222222225 0.09135802469135802
3 0.6194444444444445 0.6395061728395062 0.058333333333333334 0.1037037037037037
3 0.9506944444444444 0.5728395061728395 0.07083333333333333 0.09382716049382717
3 0.5736111111111111 0.44074074074074077 0.058333333333333334 0.10123456790123457
3 0.64375 0.5728395061728395 0.05138888888888889 0.08395061728395062