1 0.30052083333333335 0.7162037037037037 0.05520833333333333 0.09537037037037037
1 0.31536458333333334 0.5939814814814814 0.0421875 0.07685185185185185
1 0.6752604166666667 0.26435185185185184 0.0484375 0.075
1 0.3489583333333333 0.8078703703703703 0.057291666666666664 0.10833333333333334
1 0.7645833333333333 0.47638888888888886 0.06875 0.11203703703703703
1 0.5703125 0.24537037037037038 0.042708333333333334 0.07222222222222222
1 0.51875 0.32083333333333336 0.03854166666666667 0.07685185185185185
1 0.2140625 0.5837962962962963 0.04375 0.06944444444444445
1 0.8825520833333333 0.24444444444444444 0.0640625 0.1037037037037037
1 0.9864583333333333 0.24444444444444444 0.027083333333333334 0.06666666666666667
1 0.13151041666666666 0.5694444444444444 0.04010416666666667 0.07037037037037037
3 0.5997395833333333 0.5041666666666667 0.07135416666666666 0.10648148148148148
3 0.4549479166666667 0.9597222222222223 0.06197916666666667 0.07314814814814814