1 0.07799479166666666 0.46296296296296297 0.05546875 0.07777777777777778
1 0.51015625 0.3111111111111111 0.05364583333333333 0.0787037037037037
1 0.4114583333333333 0.5657407407407408 0.0828125 0.1259259259259259
1 0.8591145833333333 0.9004629629629629 0.1296875 0.18611111111111112
1 0.669140625 0.3261574074074074 0.05078125 0.06712962962962964
1 0.8235677083333334 0.3902777777777778 0.07109375 0.08796296296296297
1 0.13763020833333334 0.4583333333333333 0.053385416666666664 0.06666666666666667
1 0.56171875 0.24837962962962962 0.053125 0.0763888888888889
1 0.53984375 0.2238425925925926 0.043229166666666666 0.06620370370370371
1 0.105859375 0.6002314814814815 0.05911458333333333 0.1125
1 0.403515625 0.44351851851851853 0.06953125 0.10277777777777777
1 0.14908854166666666 0.5606481481481481 0.06067708333333333 0.12129629629629629
1 0.671484375 0.20324074074074075 0.03359375 0.046296296296296294
1 0.17018229166666668 0.2912037037037037 0.03359375 0.04722222222222222
3 0.9444010416666667 0.46805555555555556 0.06953125 0.06018518518518518
3 0.6161458333333333 0.2912037037037037 0.051041666666666666 0.04814814814814815
3 0.023307291666666667 0.9465277777777777 0.045572916666666664 0.10787037037037037
3 0.4239583333333333 0.2337962962962963 0.0203125 0.03796296296296296
1 0.45234375 0.22546296296296298 0.018229166666666668 0.030555555555555555
1 0.479296875 0.22662037037037036 0.023697916666666666 0.0412037037037037
1 0.5045572916666666 0.21203703703703702 0.01953125 0.03333333333333333