1 0.46510416666666665 0.7481481481481481 0.04583333333333333 0.07222222222222222
1 0.29661458333333335 0.7379629629629629 0.0484375 0.07407407407407407
1 0.16484375 0.7620370370370371 0.044270833333333336 0.06296296296296296
1 0.6174479166666667 0.7027777777777777 0.04635416666666667 0.06851851851851852
1 0.8674479166666667 0.7518518518518519 0.0359375 0.06111111111111111
1 0.4317708333333333 0.8287037037037037 0.053125 0.07037037037037037
1 0.26536458333333335 0.8199074074074074 0.0484375 0.06018518518518518
1 0.01484375 0.862037037037037 0.028645833333333332 0.06666666666666667
1 0.40130208333333334 0.7703703703703704 0.04114583333333333 0.05740740740740741
1 0.4828125 0.9560185185185185 0.0875 0.0824074074074074
1 0.8229166666666666 0.8675925925925926 0.059375 0.10185185185185185
1 0.3536458333333333 0.6662037037037037 0.028125 0.041666666666666664
3 0.5143229166666666 0.8962962962962963 0.06822916666666666 0.09444444444444444
3 0.665625 0.9393518518518519 0.06145833333333333 0.09351851851851851
3 0.0921875 0.9282407407407407 0.06875 0.06018518518518518
3 0.30130208333333336 0.9671296296296297 0.07447916666666667 0.06018518518518518
3 0.40625 0.9625 0.07291666666666667 0.06944444444444445
3 0.69609375 0.8939814814814815 0.050520833333333334 0.09166666666666666
3 0.33828125 0.8546296296296296 0.0640625 0.06481481481481481
3 0.40911458333333334 0.8648148148148148 0.06302083333333333 0.07037037037037037
1 0.29322916666666665 0.6893518518518519 0.028125 0.041666666666666664