1 0.6173611111111111 0.7987654320987654 0.0763888888888889 0.1259259259259259
1 0.24027777777777778 0.6444444444444445 0.07777777777777778 0.12345679012345678
1 0.4777777777777778 0.2123456790123457 0.058333333333333334 0.10864197530864197
1 0.21319444444444444 0.8901234567901235 0.08194444444444444 0.13580246913580246
1 0.041666666666666664 0.4 0.07777777777777778 0.11851851851851852
1 0.5173611111111112 0.04197530864197531 0.05416666666666667 0.07901234567901234
1 0.8430555555555556 0.04938271604938271 0.06666666666666667 0.09382716049382717
1 0.49166666666666664 0.7123456790123457 0.06388888888888888 0.1111111111111111
1 0.5354166666666667 0.3296296296296296 0.06527777777777778 0.1111111111111111
1 0.9263888888888889 0.3296296296296296 0.06666666666666667 0.1111111111111111
1 0.04791666666666667 0.9432098765432099 0.0875 0.10864197530864197
1 0.4951388888888889 0.4024691358024691 0.05416666666666667 0.09382716049382717
1 0.5368055555555555 0.8950617283950617 0.10694444444444444 0.19012345679012346
1 0.49930555555555556 0.6333333333333333 0.06805555555555555 0.10123456790123457
3 0.7791666666666667 0.8987654320987655 0.09722222222222222 0.16296296296296298
3 0.8673611111111111 0.737037037037037 0.08472222222222223 0.13580246913580246
3 0.05138888888888889 0.5209876543209877 0.08888888888888889 0.12839506172839507
3 0.46597222222222223 0.9506172839506173 0.08194444444444444 0.1037037037037037
3 0.4388888888888889 0.35432098765432096 0.08333333333333333 0.13580246913580246
3 0.6756944444444445 0.47901234567901235 0.0625 0.07901234567901234
3 0.4583333333333333 0.8308641975308642 0.07222222222222222 0.1259259259259259