0 0.7618055555555555 0.7617283950617284 0.09305555555555556 0.08641975308641975
1 0.7833333333333333 0.3074074074074074 0.05277777777777778 0.08641975308641975
1 0.7506944444444444 0.4728395061728395 0.04861111111111111 0.08641975308641975
1 0.7604166666666666 0.25308641975308643 0.04583333333333333 0.07654320987654321
1 0.6361111111111111 0.39753086419753086 0.06666666666666667 0.12345679012345678
1 0.9520833333333333 0.22592592592592592 0.04583333333333333 0.08148148148148149
1 0.42986111111111114 0.8765432098765432 0.0625 0.08395061728395062
1 0.9138888888888889 0.37160493827160496 0.05277777777777778 0.08641975308641975
1 0.7763888888888889 0.20123456790123456 0.03611111111111111 0.05185185185185185
1 0.17083333333333334 0.408641975308642 0.05555555555555555 0.06666666666666667
3 0.5340277777777778 0.5160493827160494 0.07083333333333333 0.09876543209876543