0 0.4895833333333333 0.6432098765432098 0.05416666666666667 0.1506172839506173
0 0.29583333333333334 0.8938271604938272 0.09444444444444444 0.21728395061728395
1 0.4263888888888889 0.528395061728395 0.08333333333333333 0.14320987654320988
1 0.14166666666666666 0.04197530864197531 0.07222222222222222 0.07901234567901234
1 0.5201388888888889 0.2962962962962963 0.06527777777777778 0.09382716049382717
1 0.3875 0.32839506172839505 0.05277777777777778 0.08888888888888889
1 0.22083333333333333 0.03950617283950617 0.058333333333333334 0.07407407407407407
1 0.5576388888888889 0.22098765432098766 0.043055555555555555 0.08641975308641975
1 0.4125 0.2839506172839506 0.05 0.08888888888888889
1 0.38055555555555554 0.8876543209876543 0.12777777777777777 0.21481481481481482
1 0.5131944444444444 0.15185185185185185 0.0375 0.06172839506172839
1 0.17708333333333334 0.08148148148148149 0.07361111111111111 0.08395061728395062