0 0.3736979166666667 0.8333333333333334 0.09635416666666667 0.1259259259259259
1 0.18515625 0.9541666666666667 0.049479166666666664 0.075
1 0.18567708333333333 0.6666666666666666 0.04114583333333333 0.06481481481481481
1 0.21484375 0.7805555555555556 0.0359375 0.06296296296296296
1 0.25338541666666664 0.762962962962963 0.04114583333333333 0.06481481481481481
1 0.12473958333333333 0.7078703703703704 0.03697916666666667 0.05277777777777778
1 0.3541666666666667 0.6921296296296297 0.03125 0.049074074074074076
1 0.37265625 0.40925925925925927 0.033854166666666664 0.053703703703703705
1 0.5138020833333333 0.3851851851851852 0.030729166666666665 0.04814814814814815
1 0.27109375 0.7078703703703704 0.0296875 0.04722222222222222
1 0.22135416666666666 0.6680555555555555 0.027083333333333334 0.041666666666666664
1 0.73984375 0.23148148148148148 0.0328125 0.05
1 0.5760416666666667 0.47638888888888886 0.025 0.04351851851851852
1 0.8802083333333334 0.08611111111111111 0.0375 0.05740740740740741
1 0.7096354166666666 0.275 0.021354166666666667 0.040740740740740744
1 0.4317708333333333 0.3523148148148148 0.023958333333333335 0.03796296296296296
3 0.31484375 0.6662037037037037 0.0484375 0.06759259259259259
1 0.23776041666666667 0.6393518518518518 0.027604166666666666 0.041666666666666664
1 0.221875 0.5398148148148149 0.035416666666666666 0.05555555555555555
1 0.17604166666666668 0.5583333333333333 0.035416666666666666 0.05555555555555555