1 0.3736979166666667 0.06666666666666667 0.03229166666666667 0.04722222222222222
1 0.6815104166666667 0.2641203703703704 0.034895833333333334 0.05416666666666667
1 0.5813802083333334 0.11574074074074074 0.026822916666666665 0.037037037037037035
1 0.13072916666666667 0.07592592592592592 0.03802083333333333 0.06296296296296296
1 0.22890625 0.10648148148148148 0.0359375 0.053703703703703705
1 0.723046875 0.28935185185185186 0.03619791666666667 0.05
1 0.48684895833333336 0.1425925925925926 0.03359375 0.05277777777777778
1 0.7436197916666667 0.32384259259259257 0.02734375 0.03935185185185185
1 0.8151041666666666 0.31689814814814815 0.027604166666666666 0.0412037037037037
1 0.5147135416666667 0.1486111111111111 0.03619791666666667 0.05925925925925926
1 0.41354166666666664 0.03958333333333333 0.026041666666666668 0.038425925925925926
3 0.15091145833333333 0.4752314814814815 0.055989583333333336 0.05694444444444444
3 0.230078125 0.737037037037037 0.07421875 0.12407407407407407
3 0.5098958333333333 0.1925925925925926 0.0375 0.04351851851851852
3 0.31549479166666666 0.08726851851851852 0.040364583333333336 0.03935185185185185
0 0.48125 0.19583333333333333 0.027083333333333334 0.030555555555555555
3 0.458984375 0.21828703703703703 0.020572916666666666 0.031018518518518518
1 0.41184895833333335 0.2502314814814815 0.016927083333333332 0.02824074074074074
1 0.5725260416666667 0.08773148148148148 0.016927083333333332 0.02824074074074074
1 0.5783854166666667 0.05787037037037037 0.025 0.03611111111111111
1 0.541015625 0.03657407407407407 0.026822916666666665 0.037037037037037035
1 0.516796875 0.015046296296296295 0.020572916666666666 0.029166666666666667
1 0.49296875 0.02361111111111111 0.0203125 0.032407407407407406
1 0.439453125 0.030555555555555555 0.026822916666666665 0.037037037037037035
0 0.45989583333333334 0.08194444444444444 0.027083333333333334 0.030555555555555555
3 0.5276041666666667 0.06643518518518518 0.028125 0.0375
1 0.7561197916666667 0.3194444444444444 0.022135416666666668 0.03425925925925926
1 0.7559895833333333 0.053009259259259256 0.027604166666666666 0.0412037037037037
1 0.78984375 0.0724537037037037 0.027604166666666666 0.0412037037037037
1 0.7184895833333333 0.18356481481481482 0.027604166666666666 0.0412037037037037
1 0.22942708333333334 0.03726851851851852 0.0234375 0.03287037037037037
1 0.2942708333333333 0.03680555555555556 0.0234375 0.03287037037037037
3 0.31927083333333334 0.05763888888888889 0.0234375 0.03287037037037037