0 0.5736111111111111 0.1962962962962963 0.13333333333333333 0.27901234567901234
0 0.58125 0.6975308641975309 0.1486111111111111 0.18518518518518517
0 0.7618055555555555 0.4876543209876543 0.04861111111111111 0.15555555555555556
1 0.9493055555555555 0.5296296296296297 0.09861111111111111 0.20493827160493827
1 0.30486111111111114 0.18518518518518517 0.10972222222222222 0.15308641975308643
1 0.8506944444444444 0.391358024691358 0.12083333333333333 0.18518518518518517
1 0.8666666666666667 0.7098765432098766 0.1 0.17037037037037037
1 0.8229166666666666 0.5925925925925926 0.10138888888888889 0.17777777777777778
1 0.8256944444444444 0.1419753086419753 0.10972222222222222 0.20493827160493827
1 0.70625 0.04567901234567901 0.11527777777777778 0.08641975308641975
1 0.36736111111111114 0.9111111111111111 0.0763888888888889 0.13333333333333333
1 0.9027777777777778 0.18888888888888888 0.09722222222222222 0.19012345679012346
1 0.5736111111111111 0.9419753086419753 0.08888888888888889 0.10617283950617284
1 0.29444444444444445 0.6395061728395062 0.075 0.10864197530864197
1 0.8972222222222223 0.04567901234567901 0.10833333333333334 0.08641975308641975
1 0.37222222222222223 0.7703703703703704 0.06388888888888888 0.1037037037037037
1 0.4326388888888889 0.15308641975308643 0.12361111111111112 0.2271604938271605
1 0.7673611111111112 0.7950617283950617 0.08472222222222223 0.14320987654320988
3 0.42569444444444443 0.4777777777777778 0.07916666666666666 0.145679012345679
3 0.5770833333333333 0.4123456790123457 0.0763888888888889 0.1382716049382716
3 0.5111111111111111 0.8222222222222222 0.125 0.2123456790123457
3 0.9104166666666667 0.9481481481481482 0.10694444444444444 0.09876543209876543
3 0.7826388888888889 0.928395061728395 0.10416666666666667 0.14320987654320988
3 0.7055555555555556 0.7 0.13055555555555556 0.21975308641975308
3 0.9430555555555555 0.7728395061728395 0.07777777777777778 0.12345679012345678
3 0.45069444444444445 0.945679012345679 0.0875 0.11358024691358025
3 0.8409722222222222 0.8432098765432099 0.08194444444444444 0.14074074074074075
3 0.18125 0.8395061728395061 0.059722222222222225 0.12839506172839507
3 0.13541666666666666 0.9481481481481482 0.07361111111111111 0.10864197530864197