1 0.7611111111111111 0.9185185185185185 0.09166666666666666 0.1580246913580247
1 0.675 0.7382716049382716 0.05 0.09876543209876543
1 0.525 0.40370370370370373 0.03611111111111111 0.06666666666666667
1 0.90625 0.671604938271605 0.07361111111111111 0.1037037037037037
1 0.5923611111111111 0.7296296296296296 0.04583333333333333 0.056790123456790124
1 0.32430555555555557 0.7839506172839507 0.04583333333333333 0.07654320987654321
1 0.4666666666666667 0.7024691358024692 0.04722222222222222 0.07654320987654321
1 0.6423611111111112 0.41975308641975306 0.043055555555555555 0.07901234567901234
3 0.84375 0.9432098765432099 0.08472222222222223 0.11358024691358025
3 0.425 0.8950617283950617 0.058333333333333334 0.08148148148148149
3 0.8527777777777777 0.5790123456790124 0.06111111111111111 0.07160493827160494
3 0.5618055555555556 0.774074074074074 0.04583333333333333 0.06666666666666667
3 0.5083333333333333 0.8753086419753087 0.07222222222222222 0.0962962962962963
3 0.38055555555555554 0.8567901234567902 0.044444444444444446 0.05432098765432099