0 0.7069444444444445 0.691358024691358 0.08888888888888889 0.0691358024691358
1 0.6618055555555555 0.2345679012345679 0.05416666666666667 0.09382716049382717
1 0.7708333333333334 0.1037037037037037 0.05555555555555555 0.08395061728395062
1 0.15138888888888888 0.4691358024691358 0.09166666666666666 0.11851851851851852
1 0.9506944444444444 0.24567901234567902 0.0625 0.10123456790123457
1 0.7729166666666667 0.8604938271604938 0.09027777777777778 0.145679012345679
1 0.825 0.08518518518518518 0.05 0.07160493827160494
1 0.6236111111111111 0.05185185185185185 0.044444444444444446 0.07407407407407407
1 0.19652777777777777 0.6246913580246913 0.059722222222222225 0.11851851851851852
3 0.4465277777777778 0.7382716049382716 0.08472222222222223 0.11358024691358025
3 0.034027777777777775 0.5271604938271605 0.06527777777777778 0.12098765432098765
3 0.5666666666666667 0.3567901234567901 0.04722222222222222 0.09135802469135802
3 0.8666666666666667 0.7209876543209877 0.07222222222222222 0.12345679012345678
3 0.17777777777777778 0.8 0.06666666666666667 0.08888888888888889
0 0.73125 0.7555555555555555 0.09583333333333334 0.1037037037037037