1 0.6270833333333333 0.25 0.04479166666666667 0.07037037037037037
1 0.8700520833333333 0.4532407407407407 0.0609375 0.09537037037037037
1 0.29583333333333334 0.4041666666666667 0.03229166666666667 0.05462962962962963
1 0.6348958333333333 0.38981481481481484 0.04583333333333333 0.08148148148148149
1 0.6450520833333333 0.9606481481481481 0.0640625 0.06759259259259259
1 0.984375 0.18611111111111112 0.03125 0.09074074074074075
1 0.41458333333333336 0.4013888888888889 0.042708333333333334 0.058333333333333334
1 0.22447916666666667 0.4935185185185185 0.034375 0.05555555555555555
1 0.32005208333333335 0.9652777777777778 0.050520833333333334 0.06388888888888888
1 0.6145833333333334 0.46435185185185185 0.040625 0.06759259259259259
1 0.5950520833333334 0.5083333333333333 0.044270833333333336 0.06666666666666667
1 0.29010416666666666 0.38101851851851853 0.03229166666666667 0.05462962962962963
1 0.3734375 0.2828703703703704 0.03229166666666667 0.05462962962962963
1 0.3494791666666667 0.2884259259259259 0.03229166666666667 0.05462962962962963
1 0.353125 0.2412037037037037 0.03229166666666667 0.05462962962962963
1 0.3567708333333333 0.06898148148148148 0.03229166666666667 0.05462962962962963
1 0.375 0.04027777777777778 0.03229166666666667 0.05462962962962963
1 0.5567708333333333 0.1037037037037037 0.03229166666666667 0.053703703703703705
1 0.6213541666666667 0.07962962962962963 0.03229166666666667 0.053703703703703705
1 0.7697916666666667 0.04351851851851852 0.03229166666666667 0.053703703703703705
1 0.8505208333333333 0.15925925925925927 0.04479166666666667 0.07037037037037037
1 0.4734375 0.14074074074074075 0.04479166666666667 0.07037037037037037
1 0.41770833333333335 0.3509259259259259 0.04479166666666667 0.07037037037037037