0 0.8674479166666667 0.3888888888888889 0.0953125 0.11296296296296296
0 0.9497395833333333 0.5671296296296297 0.0984375 0.0824074074074074
0 0.16458333333333333 0.5407407407407407 0.12708333333333333 0.09444444444444444
0 0.74296875 0.34629629629629627 0.08697916666666666 0.09074074074074075
1 0.28802083333333334 0.4375 0.041666666666666664 0.062037037037037036
1 0.5083333333333333 0.15833333333333333 0.034375 0.05555555555555555
1 0.1265625 0.19074074074074074 0.036458333333333336 0.05555555555555555
1 0.11171875 0.725462962962963 0.050520833333333334 0.075
3 0.27630208333333334 0.8240740740740741 0.09322916666666667 0.13703703703703704
3 0.6122395833333333 0.6152777777777778 0.08385416666666666 0.10092592592592593
3 0.08723958333333333 0.7203703703703703 0.09739583333333333 0.0962962962962963