0 0.48098958333333336 0.6597222222222222 0.12552083333333333 0.16944444444444445
0 0.7106770833333333 0.8726851851851852 0.0765625 0.23055555555555557
1 0.19505208333333332 0.5902777777777778 0.05677083333333333 0.08611111111111111
1 0.5671875 0.6111111111111112 0.04375 0.05925925925925926
1 0.5971354166666667 0.3111111111111111 0.04010416666666667 0.07037037037037037
1 0.8065104166666667 0.5731481481481482 0.05260416666666667 0.06851851851851852
1 0.23463541666666668 0.9671296296296297 0.0515625 0.062037037037037036
1 0.9783854166666667 0.5958333333333333 0.0421875 0.06574074074074074
1 0.3263020833333333 0.16064814814814815 0.03697916666666667 0.062037037037037036
1 0.3875 0.1837962962962963 0.040625 0.06759259259259259
1 0.8580729166666666 0.5537037037037037 0.0359375 0.05740740740740741
1 0.23125 0.43194444444444446 0.03854166666666667 0.06574074074074074
1 0.8515625 0.5018518518518519 0.035416666666666666 0.05
1 0.27786458333333336 0.17407407407407408 0.0328125 0.053703703703703705
1 0.9236979166666667 0.5675925925925925 0.04114583333333333 0.06851851851851852
1 0.38984375 0.24768518518518517 0.0421875 0.062037037037037036
1 0.340625 0.22453703703703703 0.036458333333333336 0.058333333333333334
1 0.15911458333333334 0.36157407407407405 0.08697916666666666 0.13796296296296295
1 0.9729166666666667 0.7208333333333333 0.053125 0.10462962962962963
1 0.41041666666666665 0.12453703703703704 0.025 0.041666666666666664
3 0.9239583333333333 0.7444444444444445 0.06979166666666667 0.07777777777777778
3 0.03411458333333333 0.3675925925925926 0.06302083333333333 0.08518518518518518