0 0.9 0.42592592592592593 0.09722222222222222 0.0962962962962963
1 0.36180555555555555 0.5111111111111111 0.08194444444444444 0.1925925925925926
1 0.6916666666666667 0.5617283950617284 0.11944444444444445 0.19506172839506172
1 0.6069444444444444 0.7716049382716049 0.12222222222222222 0.20493827160493827
1 0.9493055555555555 0.0691358024691358 0.09861111111111111 0.13333333333333333
1 0.3763888888888889 0.21851851851851853 0.08888888888888889 0.17530864197530865
1 0.7958333333333333 0.7320987654320987 0.14722222222222223 0.2345679012345679
1 0.5909722222222222 0.9493827160493827 0.14027777777777778 0.0962962962962963
1 0.025694444444444443 0.5444444444444444 0.04861111111111111 0.145679012345679
1 0.5652777777777778 0.040740740740740744 0.09722222222222222 0.07654320987654321
1 0.18611111111111112 0.6950617283950618 0.11388888888888889 0.19012345679012346
1 0.3034722222222222 0.1308641975308642 0.12083333333333333 0.23703703703703705
3 0.6527777777777778 0.25679012345679014 0.10555555555555556 0.16790123456790124
3 0.6840277777777778 0.08395061728395062 0.14027777777777778 0.1580246913580247
3 0.8451388888888889 0.508641975308642 0.08194444444444444 0.14320987654320988