1 0.29765625 0.3113425925925926 0.0359375 0.04953703703703704
3 0.8579427083333333 0.9185185185185185 0.09817708333333333 0.1638888888888889
1 0.48528645833333334 0.8685185185185185 0.05182291666666667 0.10185185185185185
2 0.23763020833333334 0.8837962962962963 0.04244791666666667 0.05555555555555555
1 0.12838541666666667 0.88125 0.0515625 0.08935185185185185
1 0.8134114583333333 0.44699074074074074 0.09140625 0.16805555555555557
1 0.41315104166666666 0.49583333333333335 0.055989583333333336 0.08796296296296297
1 0.3671875 0.07546296296296297 0.021875 0.03148148148148148
1 0.3455729166666667 0.11018518518518519 0.021875 0.03148148148148148
1 0.25052083333333336 0.29398148148148145 0.021875 0.03148148148148148
1 0.2375 0.31805555555555554 0.021875 0.03148148148148148
1 0.06875 0.6678240740740741 0.029166666666666667 0.052314814814814814