1 0.16979166666666667 0.5509259259259259 0.027083333333333334 0.05092592592592592
1 0.6369791666666667 0.2659722222222222 0.0453125 0.07824074074074074
1 0.6182291666666667 0.4263888888888889 0.059895833333333336 0.10740740740740741
1 0.5299479166666666 0.6203703703703703 0.058854166666666666 0.09907407407407408
1 0.5283854166666667 0.3710648148148148 0.0578125 0.08935185185185185
1 0.419140625 0.3020833333333333 0.05130208333333333 0.0837962962962963
1 0.3971354166666667 0.3594907407407407 0.04895833333333333 0.07546296296296297
1 0.3497395833333333 0.3476851851851852 0.04635416666666667 0.08796296296296297
1 0.2799479166666667 0.37800925925925927 0.0453125 0.06898148148148148
1 0.08033854166666667 0.6754629629629629 0.03046875 0.044444444444444446
3 0.46002604166666666 0.7138888888888889 0.017447916666666667 0.028703703703703703