1 0.6674479166666667 0.37777777777777777 0.05677083333333333 0.09444444444444444
1 0.9518229166666666 0.05138888888888889 0.0671875 0.08425925925925926
1 0.2453125 0.8194444444444444 0.04479166666666667 0.07222222222222222
1 0.8244791666666667 0.7546296296296297 0.07083333333333333 0.1111111111111111
1 0.5143229166666666 0.4398148148148148 0.03177083333333333 0.053703703703703705
1 0.57265625 0.22916666666666666 0.027604166666666666 0.04537037037037037
1 0.027864583333333335 0.874537037037037 0.04635416666666667 0.075
3 0.8421875 0.4625 0.09583333333333334 0.16203703703703703
3 0.8942708333333333 0.18564814814814815 0.05416666666666667 0.06759259259259259
0 0.40520833333333334 0.5481481481481482 0.03854166666666667 0.09074074074074075
0 0.3265625 0.5458333333333333 0.0375 0.06018518518518518
0 0.24270833333333333 0.6236111111111111 0.03958333333333333 0.0787037037037037
0 0.5161458333333333 0.750462962962963 0.03958333333333333 0.0787037037037037
0 0.5940104166666667 0.5509259259259259 0.0390625 0.08518518518518518
0 0.3125 0.8814814814814815 0.08645833333333333 0.08703703703703704
1 0.31171875 0.5208333333333334 0.027604166666666666 0.041666666666666664
1 0.35182291666666665 0.7013888888888888 0.027604166666666666 0.041666666666666664
1 0.18411458333333333 0.5300925925925926 0.027604166666666666 0.041666666666666664
1 0.23984375 0.4476851851851852 0.027604166666666666 0.041666666666666664
1 0.28203125 0.4273148148148148 0.027604166666666666 0.041666666666666664
1 0.30026041666666664 0.4060185185185185 0.027604166666666666 0.041666666666666664
1 0.40182291666666664 0.3541666666666667 0.027604166666666666 0.041666666666666664