1 0.7701388888888889 0.6370370370370371 0.05416666666666667 0.08888888888888889
1 0.5569444444444445 0.23333333333333334 0.04722222222222222 0.09135802469135802
1 0.6104166666666667 0.3419753086419753 0.04861111111111111 0.07654320987654321
1 0.04236111111111111 0.6518518518518519 0.05694444444444444 0.08888888888888889
1 0.5625 0.6271604938271605 0.03888888888888889 0.0691358024691358
1 0.3375 0.5987654320987654 0.05277777777777778 0.08641975308641975
1 0.25625 0.9555555555555556 0.0625 0.08888888888888889
1 0.3347222222222222 0.4666666666666667 0.044444444444444446 0.07407407407407407
1 0.5097222222222222 0.6666666666666666 0.041666666666666664 0.0691358024691358
1 0.24930555555555556 0.508641975308642 0.034722222222222224 0.05432098765432099
1 0.16944444444444445 0.7888888888888889 0.03333333333333333 0.056790123456790124
1 0.8527777777777777 0.24814814814814815 0.06666666666666667 0.11604938271604938
1 0.9798611111111111 0.1345679012345679 0.04027777777777778 0.10617283950617284
1 0.15 0.7493827160493827 0.030555555555555555 0.06172839506172839
3 0.6451388888888889 0.8962962962962963 0.06527777777777778 0.09876543209876543
3 0.30069444444444443 0.4679012345679012 0.0375 0.056790123456790124