1 0.5953125 0.875 0.041666666666666664 0.07592592592592592
1 0.6549479166666666 0.8962962962962963 0.043229166666666666 0.07222222222222222
1 0.4588541666666667 0.8180555555555555 0.03854166666666667 0.06388888888888888
1 0.7981770833333334 0.7166666666666667 0.03802083333333333 0.05555555555555555
1 0.55859375 0.6800925925925926 0.0328125 0.05277777777777778
1 0.4393229166666667 0.9643518518518519 0.034895833333333334 0.05277777777777778
1 0.7203125 0.7310185185185185 0.03125 0.05277777777777778
1 0.4609375 0.6111111111111112 0.03125 0.053703703703703705
1 0.30078125 0.7541666666666667 0.03177083333333333 0.05092592592592592
1 0.8216145833333334 0.8490740740740741 0.027604166666666666 0.04814814814814815
1 0.33645833333333336 0.7486111111111111 0.029166666666666667 0.05092592592592592
1 0.6453125 0.5259259259259259 0.027083333333333334 0.05
1 0.3494791666666667 0.7277777777777777 0.025 0.03518518518518519
3 0.9255208333333333 0.9597222222222223 0.08229166666666667 0.0712962962962963
1 0.5828125 0.5120370370370371 0.027083333333333334 0.05
1 0.5578125 0.524074074074074 0.027083333333333334 0.05
1 0.5265625 0.5314814814814814 0.027083333333333334 0.05
1 0.36432291666666666 0.6851851851851852 0.0265625 0.04814814814814815