0 0.9416666666666667 0.5259259259259259 0.10833333333333334 0.15308641975308643
1 0.17430555555555555 0.8444444444444444 0.10416666666666667 0.1728395061728395
1 0.37083333333333335 0.3987654320987654 0.058333333333333334 0.10123456790123457
1 0.8638888888888889 0.8320987654320988 0.08888888888888889 0.11851851851851852
1 0.4965277777777778 0.34444444444444444 0.07361111111111111 0.1308641975308642
1 0.5291666666666667 0.25555555555555554 0.06111111111111111 0.10123456790123457
1 0.9451388888888889 0.7617283950617284 0.06805555555555555 0.10123456790123457
1 0.5298611111111111 0.5493827160493827 0.06527777777777778 0.12098765432098765
1 0.08680555555555555 0.4 0.06527777777777778 0.11851851851851852
1 0.0763888888888889 0.12345679012345678 0.05 0.08888888888888889
1 0.022916666666666665 0.30864197530864196 0.043055555555555555 0.11358024691358025
3 0.5784722222222223 0.9382716049382716 0.06805555555555555 0.12345679012345678
3 0.32222222222222224 0.3654320987654321 0.05 0.07407407407407407
3 0.7493055555555556 0.9234567901234568 0.09861111111111111 0.14320987654320988