1 0.49973958333333335 0.3592592592592593 0.04114583333333333 0.07037037037037037
1 0.7640625 0.3458333333333333 0.06875 0.10092592592592593
1 0.6075520833333333 0.02824074074074074 0.03697916666666667 0.05462962962962963
1 0.30026041666666664 0.9560185185185185 0.05364583333333333 0.07685185185185185
1 0.58203125 0.1050925925925926 0.0328125 0.05462962962962963
1 0.77109375 0.5148148148148148 0.07239583333333334 0.10555555555555556
1 0.5408854166666667 0.21203703703703702 0.0421875 0.06481481481481481
1 0.38697916666666665 0.2657407407407407 0.030208333333333334 0.05
1 0.3606770833333333 0.34675925925925927 0.030729166666666665 0.05648148148148148
1 0.7057291666666666 0.3282407407407407 0.046875 0.07685185185185185
1 0.88359375 0.027777777777777776 0.06614583333333333 0.053703703703703705
1 0.40390625 0.30324074074074076 0.0359375 0.06574074074074074
1 0.08463541666666667 0.924537037037037 0.0390625 0.06759259259259259
1 0.29244791666666664 0.2953703703703704 0.028645833333333332 0.046296296296296294
3 0.47369791666666666 0.7731481481481481 0.07552083333333333 0.1425925925925926
3 0.23515625 0.725925925925926 0.0609375 0.09444444444444444
3 0.5770833333333333 0.575462962962963 0.06041666666666667 0.08425925925925926