1 0.47317708333333336 0.6099537037037037 0.03854166666666667 0.06898148148148148
1 0.6559895833333333 0.7314814814814815 0.03697916666666667 0.06759259259259259
1 0.8622395833333333 0.7826388888888889 0.05625 0.09861111111111111
1 0.566015625 0.3731481481481482 0.032552083333333336 0.06666666666666667
1 0.240234375 0.5708333333333333 0.029947916666666668 0.049074074074074076
1 0.9239583333333333 0.24259259259259258 0.05677083333333333 0.08888888888888889
1 0.11861979166666667 0.8310185185185185 0.03203125 0.05925925925925926
3 0.3234375 0.9335648148148148 0.0515625 0.07175925925925926
3 0.6618489583333333 0.9171296296296296 0.045572916666666664 0.075
1 0.3821614583333333 0.3824074074074074 0.018489583333333334 0.028703703703703703
1 0.3983072916666667 0.36921296296296297 0.018489583333333334 0.024537037037037038
1 0.4388020833333333 0.20208333333333334 0.0125 0.01898148148148148
1 0.4236979166666667 0.22546296296296298 0.0140625 0.020370370370370372