0 0.38680555555555557 0.48518518518518516 0.2652777777777778 0.2641975308641975
0 0.9541666666666667 0.20493827160493827 0.08611111111111111 0.20246913580246914
0 0.7090277777777778 0.32098765432098764 0.1375 0.2222222222222222
0 0.07013888888888889 0.7320987654320987 0.1375 0.2345679012345679
0 0.7409722222222223 0.23209876543209876 0.1486111111111111 0.17777777777777778
0 0.05555555555555555 0.35432098765432096 0.10833333333333334 0.12098765432098765
0 0.9333333333333333 0.04691358024691358 0.13055555555555556 0.08888888888888889
0 0.5770833333333333 0.05432098765432099 0.12638888888888888 0.1037037037037037
0 0.85 0.19876543209876543 0.15833333333333333 0.145679012345679
0 0.06527777777777778 0.6296296296296297 0.12777777777777777 0.1728395061728395
0 0.8006944444444445 0.056790123456790124 0.09027777777777778 0.1037037037037037
0 0.8479166666666667 0.11604938271604938 0.14583333333333334 0.13333333333333333
0 0.21666666666666667 0.2506172839506173 0.13055555555555556 0.16049382716049382
1 0.7006944444444444 0.08148148148148149 0.12638888888888888 0.1580246913580247
1 0.42777777777777776 0.17037037037037037 0.075 0.11358024691358025
1 0.31875 0.2345679012345679 0.08472222222222223 0.13333333333333333
1 0.14722222222222223 0.4308641975308642 0.1 0.15555555555555556
1 0.17777777777777778 0.8185185185185185 0.14722222222222223 0.2938271604938272
1 0.4486111111111111 0.03827160493827161 0.06111111111111111 0.07160493827160494
1 0.07569444444444444 0.9012345679012346 0.1486111111111111 0.20246913580246914
1 0.19166666666666668 0.5765432098765432 0.1361111111111111 0.20987654320987653
1 0.28958333333333336 0.13703703703703704 0.06527777777777778 0.09135802469135802
1 0.5597222222222222 0.0345679012345679 0.09722222222222222 0.06419753086419754
1 0.09930555555555555 0.27283950617283953 0.12361111111111112 0.1654320987654321
2 0.21597222222222223 0.3432098765432099 0.09027777777777778 0.1382716049382716
2 0.6138888888888889 0.10617283950617284 0.08888888888888889 0.11851851851851852
2 0.030555555555555555 0.44320987654320987 0.058333333333333334 0.14074074074074075
2 0.5208333333333334 0.13950617283950617 0.09166666666666666 0.10123456790123457
2 0.06736111111111111 0.5580246913580247 0.12361111111111112 0.14320987654320988
2 0.4888888888888889 0.05185185185185185 0.07777777777777778 0.09382716049382717
2 0.5756944444444444 0.05802469135802469 0.12916666666666668 0.10617283950617284
3 0.3458333333333333 0.37777777777777777 0.06666666666666667 0.10864197530864197