1 0.21315104166666668 0.7020833333333333 0.07734375 0.11435185185185186
1 0.1890625 0.5201388888888889 0.06041666666666667 0.09398148148148149
1 0.2518229166666667 0.5291666666666667 0.052083333333333336 0.07685185185185185
1 0.26614583333333336 0.1875 0.036458333333333336 0.05462962962962963
1 0.408984375 0.607175925925926 0.05234375 0.08194444444444444
1 0.458984375 0.2847222222222222 0.03515625 0.05185185185185185
1 0.6444010416666667 0.4701388888888889 0.03411458333333333 0.047685185185185185
1 0.21354166666666666 0.24351851851851852 0.035416666666666666 0.05185185185185185
1 0.4095052083333333 0.2550925925925926 0.029947916666666668 0.04814814814814815
1 0.75390625 0.5472222222222223 0.033854166666666664 0.04722222222222222
1 0.053515625 0.27824074074074073 0.040364583333333336 0.05277777777777778
1 0.603515625 0.43148148148148147 0.03515625 0.05092592592592592
1 0.629296875 0.39166666666666666 0.024739583333333332 0.04259259259259259
1 0.36223958333333334 0.4909722222222222 0.04739583333333333 0.0699074074074074
1 0.846875 0.5206018518518518 0.027604166666666666 0.04490740740740741
1 0.49375 0.3451388888888889 0.021875 0.038425925925925926
1 0.6317708333333333 0.2212962962962963 0.028125 0.049074074074074076
1 0.051041666666666666 0.5046296296296297 0.05416666666666667 0.06574074074074074
1 0.820703125 0.5398148148148149 0.03463541666666667 0.04351851851851852
1 0.5354166666666667 0.24189814814814814 0.0234375 0.03935185185185185
3 0.5455729166666666 0.6092592592592593 0.059895833333333336 0.0712962962962963
3 0.34908854166666664 0.32222222222222224 0.038802083333333334 0.046296296296296294
3 0.494140625 0.3837962962962963 0.04505208333333333 0.04259259259259259
3 0.49700520833333334 0.575462962962963 0.03307291666666667 0.037037037037037035
3 0.7119791666666667 0.5486111111111112 0.033854166666666664 0.044444444444444446
1 0.5104166666666666 0.3645833333333333 0.021875 0.038425925925925926
1 0.4984375 0.07569444444444444 0.021875 0.038425925925925926
1 0.2671875 0.07013888888888889 0.021875 0.038425925925925926
1 0.5455729166666666 0.1710648148148148 0.021875 0.038425925925925926
1 0.9236979166666667 0.4201388888888889 0.027604166666666666 0.04490740740740741
1 0.83125 0.39282407407407405 0.027604166666666666 0.04490740740740741
1 0.8604166666666667 0.3145833333333333 0.027604166666666666 0.04490740740740741
1 0.8630208333333333 0.2539351851851852 0.027604166666666666 0.04490740740740741
1 0.8174479166666667 0.22662037037037036 0.027604166666666666 0.04490740740740741
1 0.7653645833333333 0.23333333333333334 0.022395833333333334 0.02962962962962963
1 0.7598958333333333 0.1875 0.022395833333333334 0.02962962962962963
1 0.7684895833333333 0.16064814814814815 0.022395833333333334 0.02962962962962963
1 0.7057291666666666 0.15925925925925927 0.022395833333333334 0.02962962962962963
1 0.7364583333333333 0.1449074074074074 0.022395833333333334 0.02962962962962963
1 0.7359375 0.1439814814814815 0.022395833333333334 0.02962962962962963
1 0.3984375 0.47152777777777777 0.04739583333333333 0.0699074074074074
1 0.4973958333333333 0.17708333333333334 0.021875 0.038425925925925926
1 0.013802083333333333 0.27037037037037037 0.025 0.040740740740740744