0 0.840625 0.7023148148148148 0.13541666666666666 0.12685185185185185
0 0.46901041666666665 0.8935185185185185 0.12239583333333333 0.09259259259259259
1 0.28984375 0.9097222222222222 0.06614583333333333 0.12129629629629629
1 0.7625 0.3509259259259259 0.06875 0.10555555555555556
1 0.390625 0.4388888888888889 0.06145833333333333 0.09814814814814815
1 0.6796875 0.6314814814814815 0.06041666666666667 0.12777777777777777
1 0.59140625 0.26157407407407407 0.07135416666666666 0.13055555555555556
1 0.23098958333333333 0.9523148148148148 0.07552083333333333 0.09166666666666666
1 0.5692708333333333 0.3875 0.052083333333333336 0.075
3 0.3776041666666667 0.375 0.05625 0.08148148148148149
0 0.4661458333333333 0.24861111111111112 0.08333333333333333 0.06574074074074074