0 0.5923611111111111 0.8691358024691358 0.1125 0.1580246913580247
0 0.5513888888888889 0.6876543209876543 0.125 0.14074074074074075
0 0.6548611111111111 0.5493827160493827 0.14583333333333334 0.1259259259259259
0 0.38819444444444445 0.9123456790123456 0.11805555555555555 0.18024691358024691
1 0.1763888888888889 0.5271604938271605 0.09166666666666666 0.1506172839506173
1 0.7263888888888889 0.19012345679012346 0.11388888888888889 0.19753086419753085
1 0.36875 0.07777777777777778 0.08194444444444444 0.13580246913580246
1 0.5576388888888889 0.05925925925925926 0.11527777777777778 0.11358024691358025
1 0.3090277777777778 0.9160493827160494 0.12083333333333333 0.16296296296296298
3 0.35694444444444445 0.3617283950617284 0.08055555555555556 0.14074074074074075
3 0.5333333333333333 0.562962962962963 0.10555555555555556 0.21728395061728395
3 0.8236111111111111 0.2382716049382716 0.10833333333333334 0.16049382716049382
3 0.2076388888888889 0.30246913580246915 0.0763888888888889 0.11604938271604938
0 0.5520833333333334 0.8123456790123457 0.1125 0.1580246913580247