0 0.6513888888888889 0.6074074074074074 0.058333333333333334 0.16790123456790124
0 0.5958333333333333 0.8 0.06944444444444445 0.14320987654320988
1 0.51875 0.4444444444444444 0.0625 0.09382716049382717
1 0.6020833333333333 0.4679012345679012 0.08194444444444444 0.1654320987654321
1 0.48680555555555555 0.8024691358024691 0.10416666666666667 0.1728395061728395
1 0.4041666666666667 0.345679012345679 0.04722222222222222 0.0691358024691358
1 0.30486111111111114 0.3530864197530864 0.05416666666666667 0.09382716049382717
1 0.5034722222222222 0.36419753086419754 0.0625 0.08148148148148149
1 0.3993055555555556 0.9358024691358025 0.0875 0.12345679012345678
1 0.06041666666666667 0.2419753086419753 0.07083333333333333 0.07901234567901234
1 0.25277777777777777 0.937037037037037 0.11666666666666667 0.12098765432098765
1 0.19305555555555556 0.608641975308642 0.125 0.21975308641975308
1 0.5486111111111112 0.4024691358024691 0.06111111111111111 0.1037037037037037
3 0.6881944444444444 0.774074074074074 0.0875 0.11604938271604938
3 0.7833333333333333 0.6024691358024692 0.10833333333333334 0.13333333333333333
3 0.46319444444444446 0.9555555555555556 0.07361111111111111 0.08888888888888889
0 0.6986111111111111 0.6049382716049383 0.058333333333333334 0.16790123456790124