1 0.7153645833333333 0.16203703703703703 0.030208333333333334 0.05185185185185185
1 0.119921875 0.3939814814814815 0.05078125 0.07314814814814814
1 0.5057291666666667 0.24699074074074073 0.0265625 0.04490740740740741
1 0.4649739583333333 0.4587962962962963 0.032552083333333336 0.049074074074074076
1 0.8290364583333333 0.3988425925925926 0.03203125 0.05324074074074074
1 0.41458333333333336 0.42430555555555555 0.03229166666666667 0.055092592592592596
1 0.515234375 0.5224537037037037 0.039322916666666666 0.07268518518518519
1 0.9317708333333333 0.4361111111111111 0.0296875 0.05092592592592592
1 0.766796875 0.13819444444444445 0.02265625 0.03935185185185185
1 0.8041666666666667 0.3108796296296296 0.0234375 0.038425925925925926
1 0.886328125 0.512962962962963 0.03723958333333333 0.046296296296296294
1 0.8234375 0.45 0.040625 0.05462962962962963
1 0.8049479166666667 0.2 0.022395833333333334 0.040740740740740744
1 0.9692708333333333 0.5314814814814814 0.03125 0.049074074074074076
1 0.9567708333333333 0.4935185185185185 0.027083333333333334 0.040740740740740744
3 0.35208333333333336 0.30949074074074073 0.040625 0.03935185185185185
3 0.0984375 0.9490740740740741 0.05677083333333333 0.08888888888888889
3 0.10677083333333333 0.3020833333333333 0.034375 0.050462962962962966
1 0.86171875 0.29606481481481484 0.0234375 0.038425925925925926
1 0.8921875 0.3715277777777778 0.0234375 0.038425925925925926
1 0.8604166666666667 0.2335648148148148 0.0234375 0.038425925925925926
1 0.8291666666666667 0.21875 0.0234375 0.038425925925925926
1 0.8973958333333333 0.31689814814814815 0.0234375 0.038425925925925926
1 0.18880208333333334 0.05023148148148148 0.0265625 0.04490740740740741
1 0.15286458333333333 0.05810185185185185 0.0265625 0.04490740740740741
1 0.12786458333333334 0.0775462962962963 0.0265625 0.04490740740740741
1 0.10208333333333333 0.1011574074074074 0.0265625 0.04490740740740741
1 0.6993489583333333 0.10300925925925926 0.02265625 0.03935185185185185