0 0.6763888888888889 0.8358024691358025 0.10555555555555556 0.12098765432098765
0 0.8270833333333333 0.8901234567901235 0.11805555555555555 0.07654320987654321
0 0.6722222222222223 0.662962962962963 0.06111111111111111 0.0962962962962963
1 0.4965277777777778 0.817283950617284 0.059722222222222225 0.08888888888888889
1 0.36041666666666666 0.5580246913580247 0.05694444444444444 0.08888888888888889
1 0.12291666666666666 0.662962962962963 0.05694444444444444 0.10617283950617284
1 0.6111111111111112 0.5530864197530864 0.044444444444444446 0.0691358024691358
1 0.43472222222222223 0.5814814814814815 0.05 0.08148148148148149
1 0.7833333333333333 0.43950617283950616 0.044444444444444446 0.0691358024691358
1 0.9131944444444444 0.3592592592592593 0.04583333333333333 0.06666666666666667
1 0.33402777777777776 0.4641975308641975 0.04861111111111111 0.0691358024691358
1 0.5770833333333333 0.4962962962962963 0.034722222222222224 0.05925925925925926
1 0.3645833333333333 0.7765432098765432 0.05416666666666667 0.09135802469135802
1 0.4875 0.5654320987654321 0.03888888888888889 0.08395061728395062
1 0.475 0.32469135802469135 0.022222222222222223 0.05185185185185185
1 0.4395833333333333 0.37160493827160496 0.034722222222222224 0.04691358024691358
1 0.3875 0.3172839506172839 0.025 0.04691358024691358
1 0.4527777777777778 0.2222222222222222 0.025 0.03950617283950617
1 0.7541666666666667 0.26666666666666666 0.025 0.03950617283950617