1 0.3958333333333333 0.6143518518518518 0.07708333333333334 0.12314814814814815
1 0.31783854166666664 0.5296296296296297 0.08515625 0.11666666666666667
1 0.14934895833333334 0.5914351851851852 0.05286458333333333 0.06805555555555555
1 0.22825520833333332 0.7425925925925926 0.07369791666666667 0.13148148148148148
1 0.45807291666666666 0.43287037037037035 0.03177083333333333 0.053703703703703705
1 0.208984375 0.3236111111111111 0.02578125 0.04537037037037037
1 0.6450520833333333 0.48194444444444445 0.0234375 0.03796296296296296
1 0.166015625 0.4787037037037037 0.02890625 0.046296296296296294
1 0.9803385416666667 0.4773148148148148 0.03359375 0.05
1 0.6993489583333333 0.3773148148148148 0.019010416666666665 0.025925925925925925
1 0.82578125 0.47430555555555554 0.03333333333333333 0.04675925925925926
1 0.751171875 0.40555555555555556 0.021614583333333333 0.03796296296296296
1 0.298046875 0.40347222222222223 0.030989583333333334 0.06342592592592593
1 0.11966145833333333 0.3972222222222222 0.029427083333333333 0.044444444444444446
1 0.0109375 0.5532407407407407 0.021354166666666667 0.07592592592592592
1 0.46966145833333334 0.5594907407407408 0.03203125 0.038425925925925926
1 0.3341145833333333 0.4097222222222222 0.035416666666666666 0.05555555555555555
3 0.43802083333333336 0.5449074074074074 0.04479166666666667 0.049074074074074076
3 0.437890625 0.5039351851851852 0.022135416666666668 0.03564814814814815
3 0.3665364583333333 0.5143518518518518 0.029427083333333333 0.04351851851851852
3 0.5740885416666667 0.6090277777777777 0.09296875 0.060648148148148145
3 0.34713541666666664 0.4284722222222222 0.0296875 0.03194444444444444
3 0.3888020833333333 0.49421296296296297 0.01875 0.031018518518518518
3 0.12447916666666667 0.5395833333333333 0.022395833333333334 0.043055555555555555
1 0.7364583333333333 0.49236111111111114 0.024479166666666666 0.034722222222222224
1 0.691796875 0.36574074074074076 0.019010416666666665 0.025925925925925925
1 0.7217447916666667 0.3296296296296296 0.019010416666666665 0.025925925925925925
1 0.747265625 0.36898148148148147 0.019010416666666665 0.025925925925925925
1 0.7766927083333334 0.4236111111111111 0.018489583333333334 0.021296296296296296
1 0.941015625 0.28888888888888886 0.018489583333333334 0.021296296296296296
1 0.929296875 0.25046296296296294 0.018489583333333334 0.021296296296296296
1 0.9454427083333333 0.22870370370370371 0.018489583333333334 0.021296296296296296
1 0.9087239583333333 0.22916666666666666 0.018489583333333334 0.021296296296296296
1 0.8897135416666667 0.2523148148148148 0.018489583333333334 0.021296296296296296
1 0.8904947916666667 0.28935185185185186 0.018489583333333334 0.021296296296296296
1 0.7151041666666667 0.2875 0.015104166666666667 0.023148148148148147
1 0.67421875 0.24259259259259258 0.015104166666666667 0.023148148148148147
1 0.6016927083333333 0.3368055555555556 0.01328125 0.01898148148148148
1 0.605078125 0.32199074074074074 0.01328125 0.01898148148148148
1 0.5696614583333334 0.3145833333333333 0.01328125 0.01898148148148148
1 0.5015625 0.2537037037037037 0.018229166666666668 0.025925925925925925
1 0.4895833333333333 0.29768518518518516 0.0171875 0.022222222222222223
1 0.44375 0.3872685185185185 0.0203125 0.024537037037037038
1 0.5229166666666667 0.4081018518518518 0.0203125 0.024537037037037038
1 0.33098958333333334 0.36412037037037037 0.0203125 0.024537037037037038
1 0.24817708333333333 0.3449074074074074 0.013541666666666667 0.021296296296296296
1 0.36953125 0.28703703703703703 0.013541666666666667 0.021296296296296296
1 0.38697916666666665 0.287962962962963 0.013541666666666667 0.021296296296296296
1 0.4015625 0.2800925925925926 0.013541666666666667 0.021296296296296296
1 0.35078125 0.2986111111111111 0.013541666666666667 0.021296296296296296
1 0.13802083333333334 0.2810185185185185 0.0203125 0.02962962962962963
1 0.11536458333333334 0.287962962962963 0.0203125 0.02962962962962963
1 0.15299479166666666 0.44814814814814813 0.022135416666666668 0.03333333333333333
1 0.5684895833333333 0.4203703703703704 0.021354166666666667 0.02962962962962963
1 0.5630208333333333 0.3902777777777778 0.021354166666666667 0.02962962962962963