1 0.4888888888888889 0.3345679012345679 0.058333333333333334 0.10617283950617284
1 0.4270833333333333 0.5345679012345679 0.05416666666666667 0.08641975308641975
1 0.36527777777777776 0.6975308641975309 0.044444444444444446 0.07654320987654321
1 0.32222222222222224 0.6111111111111112 0.041666666666666664 0.06666666666666667
1 0.6520833333333333 0.7518518518518519 0.0625 0.10617283950617284
1 0.5916666666666667 0.6703703703703704 0.044444444444444446 0.07654320987654321
1 0.46805555555555556 0.9518518518518518 0.04722222222222222 0.07160493827160494
1 0.6902777777777778 0.945679012345679 0.08055555555555556 0.1037037037037037
1 0.5638888888888889 0.5407407407407407 0.058333333333333334 0.08888888888888889
1 0.2826388888888889 0.7160493827160493 0.029166666666666667 0.04938271604938271
1 0.55 0.6049382716049383 0.044444444444444446 0.07407407407407407
1 0.5034722222222222 0.8987654320987655 0.04027777777777778 0.0691358024691358
1 0.36666666666666664 0.8209876543209876 0.030555555555555555 0.056790123456790124
1 0.2513888888888889 0.6666666666666666 0.03611111111111111 0.05925925925925926
3 0.43125 0.43703703703703706 0.05694444444444444 0.09876543209876543
3 0.6090277777777777 0.254320987654321 0.0763888888888889 0.11851851851851852
3 0.7409722222222223 0.35802469135802467 0.08472222222222223 0.11851851851851852
3 0.7611111111111111 0.9 0.08611111111111111 0.12098765432098765
3 0.49375 0.7925925925925926 0.0625 0.11358024691358025
3 0.49027777777777776 0.6049382716049383 0.044444444444444446 0.08395061728395062
3 0.5131944444444444 0.4654320987654321 0.06805555555555555 0.11604938271604938
3 0.8993055555555556 0.8123456790123457 0.1736111111111111 0.16296296296296298
3 0.4166666666666667 0.9567901234567902 0.05 0.07160493827160494
3 0.6111111111111112 0.8419753086419753 0.08333333333333333 0.1037037037037037
3 0.4409722222222222 0.654320987654321 0.04583333333333333 0.0691358024691358
3 0.41805555555555557 0.6802469135802469 0.03611111111111111 0.06666666666666667
3 0.34444444444444444 0.6679012345679012 0.03333333333333333 0.06172839506172839