0 0.42916666666666664 0.16666666666666666 0.07222222222222222 0.145679012345679
0 0.5111111111111111 0.508641975308642 0.06944444444444445 0.15308641975308643
0 0.5555555555555556 0.6345679012345679 0.05277777777777778 0.16790123456790124
0 0.5506944444444445 0.145679012345679 0.10972222222222222 0.07901234567901234
1 0.55 0.4160493827160494 0.10277777777777777 0.1654320987654321
1 0.84375 0.08024691358024691 0.14583333333333334 0.15555555555555556
1 0.6305555555555555 0.03580246913580247 0.1 0.06666666666666667
3 0.6090277777777777 0.6049382716049383 0.10138888888888889 0.16790123456790124
3 0.1076388888888889 0.945679012345679 0.09861111111111111 0.1037037037037037
3 0.3659722222222222 0.27901234567901234 0.04861111111111111 0.09876543209876543
3 0.43125 0.07654320987654321 0.05416666666666667 0.07407407407407407