0 0.81171875 0.5777777777777777 0.0953125 0.07962962962962963
1 0.753125 0.8675925925925926 0.05416666666666667 0.08888888888888889
1 0.60703125 0.8981481481481481 0.04635416666666667 0.07777777777777778
1 0.6747395833333333 0.3837962962962963 0.04114583333333333 0.0712962962962963
1 0.90703125 0.7888888888888889 0.06614583333333333 0.09444444444444444
1 0.5684895833333333 0.9541666666666667 0.05677083333333333 0.07685185185185185
1 0.63828125 0.9634259259259259 0.05260416666666667 0.06759259259259259
1 0.5776041666666667 0.5152777777777777 0.041666666666666664 0.0712962962962963
1 0.6864583333333333 0.2722222222222222 0.03958333333333333 0.06481481481481481
1 0.9768229166666667 0.5592592592592592 0.04635416666666667 0.07407407407407407
1 0.2828125 0.8842592592592593 0.04583333333333333 0.08703703703703704
1 0.71796875 0.3648148148148148 0.03697916666666667 0.06296296296296296
1 0.65703125 0.5421296296296296 0.03802083333333333 0.06759259259259259
1 0.19401041666666666 0.5893518518518519 0.0328125 0.05277777777777778
1 0.9057291666666667 0.46435185185185185 0.0375 0.05277777777777778
1 0.8411458333333334 0.42592592592592593 0.03333333333333333 0.05740740740740741
3 0.25442708333333336 0.5791666666666667 0.0609375 0.06944444444444445
3 0.5434895833333333 0.7236111111111111 0.06822916666666666 0.10462962962962963
3 0.525 0.34629629629629627 0.051041666666666666 0.053703703703703705