0 0.3338541666666667 0.5523148148148148 0.1125 0.08796296296296297
0 0.84453125 0.5319444444444444 0.0859375 0.125
1 0.62109375 0.3800925925925926 0.0421875 0.06944444444444445
1 0.37447916666666664 0.20462962962962963 0.03854166666666667 0.05925925925925926
1 0.1984375 0.43472222222222223 0.03958333333333333 0.06018518518518518
1 0.1578125 0.8495370370370371 0.07083333333333333 0.11203703703703703
1 0.11953125 0.3277777777777778 0.04114583333333333 0.06111111111111111
1 0.740625 0.3685185185185185 0.05416666666666667 0.08333333333333333
1 0.5604166666666667 0.23935185185185184 0.034375 0.05092592592592592
1 0.5 0.125 0.03229166666666667 0.05
1 0.22734375 0.16296296296296298 0.030729166666666665 0.05555555555555555
3 0.22734375 0.32314814814814813 0.050520833333333334 0.06851851851851852
3 0.8419270833333333 0.4148148148148148 0.06197916666666667 0.07407407407407407
3 0.5614583333333333 0.31157407407407406 0.053125 0.075
1 0.34765625 0.05277777777777778 0.025520833333333333 0.040740740740740744