1 0.4583333333333333 0.07407407407407407 0.11388888888888889 0.14320987654320988
1 0.6881944444444444 0.10617283950617284 0.10694444444444444 0.18271604938271604
1 0.94375 0.8962962962962963 0.1125 0.20246913580246914
3 0.5888888888888889 0.6481481481481481 0.10555555555555556 0.19506172839506172
3 0.10972222222222222 0.6259259259259259 0.09444444444444444 0.1654320987654321
3 0.6625 0.3925925925925926 0.08888888888888889 0.1580246913580247
3 0.9569444444444445 0.725925925925926 0.08611111111111111 0.13333333333333333
3 0.4284722222222222 0.43703703703703706 0.05694444444444444 0.09382716049382717
3 0.016666666666666666 0.32098765432098764 0.03333333333333333 0.11851851851851852
3 0.019444444444444445 0.8148148148148148 0.03888888888888889 0.14320987654320988
3 0.39861111111111114 0.9555555555555556 0.06666666666666667 0.08395061728395062