1 0.7645833333333333 0.8458333333333333 0.0375 0.05277777777777778
1 0.031901041666666664 0.6872685185185186 0.062239583333333334 0.09398148148148149
1 0.5509114583333333 0.8263888888888888 0.054427083333333334 0.06388888888888888
1 0.7430989583333333 0.9097222222222222 0.04348958333333333 0.07592592592592592
1 0.35846354166666666 0.6488425925925926 0.03671875 0.059722222222222225
3 0.31940104166666666 0.8543981481481482 0.05807291666666667 0.09305555555555556
3 0.18216145833333333 0.7854166666666667 0.05651041666666667 0.0837962962962963
3 0.22109375 0.8268518518518518 0.04583333333333333 0.06481481481481481
3 0.6697916666666667 0.9337962962962963 0.04583333333333333 0.0824074074074074
3 0.7248697916666667 0.9634259259259259 0.04296875 0.06481481481481481
3 0.23997395833333332 0.7662037037037037 0.07473958333333333 0.09444444444444444
3 0.07421875 0.9622685185185185 0.06875 0.06527777777777778
3 0.8559895833333333 0.9578703703703704 0.057291666666666664 0.07962962962962963
3 0.28203125 0.7118055555555556 0.04010416666666667 0.05694444444444444
3 0.7751302083333333 0.9208333333333333 0.039322916666666666 0.09537037037037037
1 0.5990885416666667 0.8238425925925926 0.03307291666666667 0.04675925925925926
3 0.5131510416666667 0.7462962962962963 0.02578125 0.03796296296296296
3 0.08059895833333333 0.5837962962962963 0.04088541666666667 0.025925925925925925