0 0.4423611111111111 0.2271604938271605 0.059722222222222225 0.06419753086419754
1 0.31875 0.36049382716049383 0.08194444444444444 0.14320987654320988
1 0.6541666666666667 0.15679012345679014 0.025 0.04197530864197531
1 0.7020833333333333 0.18024691358024691 0.043055555555555555 0.07407407407407407
1 0.5881944444444445 0.18024691358024691 0.0375 0.06419753086419754
1 0.5451388888888888 0.17160493827160495 0.0375 0.06172839506172839
1 0.4097222222222222 0.12098765432098765 0.05555555555555555 0.07901234567901234
1 0.8243055555555555 0.24691358024691357 0.04861111111111111 0.0691358024691358
1 0.9319444444444445 0.6333333333333333 0.09722222222222222 0.1654320987654321
3 0.7506944444444444 0.7592592592592593 0.12083333333333333 0.18024691358024691
3 0.5840277777777778 0.8691358024691358 0.08472222222222223 0.14320987654320988
3 0.15138888888888888 0.4506172839506173 0.07777777777777778 0.11604938271604938
3 0.20902777777777778 0.4567901234567901 0.06527777777777778 0.11358024691358025
3 0.12152777777777778 0.9666666666666667 0.0875 0.06172839506172839
1 0.6506944444444445 0.18271604938271604 0.02638888888888889 0.044444444444444446