1 0.23932291666666666 0.8097222222222222 0.044270833333333336 0.08055555555555556
1 0.8778645833333333 0.8583333333333333 0.0484375 0.06481481481481481
1 0.9440104166666666 0.9625 0.10260416666666666 0.0712962962962963
1 0.31015625 0.7754629629629629 0.0453125 0.06574074074074074
1 0.5940104166666667 0.8203703703703704 0.03697916666666667 0.06111111111111111
1 0.1703125 0.6962962962962963 0.036458333333333336 0.06111111111111111
1 0.7135416666666666 0.7972222222222223 0.03854166666666667 0.06111111111111111
1 0.28984375 0.7532407407407408 0.0453125 0.06574074074074074
1 0.8119791666666667 0.7814814814814814 0.03854166666666667 0.06111111111111111
1 0.8479166666666667 0.7296296296296296 0.03854166666666667 0.06111111111111111
1 0.9276041666666667 0.7601851851851852 0.04895833333333333 0.06851851851851852