1 0.7930555555555555 0.33827160493827163 0.09444444444444444 0.1382716049382716
1 0.4861111111111111 0.8728395061728395 0.06388888888888888 0.0962962962962963
1 0.7145833333333333 0.36049382716049383 0.0625 0.09382716049382717
1 0.5513888888888889 0.7592592592592593 0.06388888888888888 0.10123456790123457
1 0.6333333333333333 0.5432098765432098 0.06944444444444445 0.1037037037037037
1 0.029861111111111113 0.9419753086419753 0.05694444444444444 0.10617283950617284
3 0.7270833333333333 0.5950617283950618 0.09861111111111111 0.1728395061728395
3 0.7118055555555556 0.24567901234567902 0.07916666666666666 0.16049382716049382
3 0.8354166666666667 0.5950617283950618 0.09305555555555556 0.12345679012345678
3 0.05416666666666667 0.7580246913580246 0.10555555555555556 0.12839506172839507
3 0.3458333333333333 0.7 0.06944444444444445 0.10123456790123457
3 0.8180555555555555 0.9506172839506173 0.09722222222222222 0.08395061728395062