0 0.40347222222222223 0.6654320987654321 0.06527777777777778 0.10617283950617284
1 0.8361111111111111 0.49135802469135803 0.05 0.08395061728395062
1 0.3402777777777778 0.8148148148148148 0.08611111111111111 0.14814814814814814
1 0.21388888888888888 0.20987654320987653 0.05277777777777778 0.08395061728395062
1 0.8659722222222223 0.5691358024691358 0.04861111111111111 0.06666666666666667
1 0.9027777777777778 0.4160493827160494 0.058333333333333334 0.10123456790123457
3 0.24861111111111112 0.2641975308641975 0.05555555555555555 0.07901234567901234
3 0.6020833333333333 0.2580246913580247 0.04861111111111111 0.07160493827160494
3 0.31666666666666665 0.7407407407407407 0.07222222222222222 0.09876543209876543
3 0.06388888888888888 0.8950617283950617 0.07222222222222222 0.10123456790123457
3 0.94375 0.3802469135802469 0.05694444444444444 0.07407407407407407
1 0.5222222222222223 0.39382716049382716 0.04722222222222222 0.06172839506172839