0 0.32265625 0.6787037037037037 0.13697916666666668 0.11481481481481481
0 0.27265625 0.8050925925925926 0.06927083333333334 0.19166666666666668
0 0.6166666666666667 0.9324074074074075 0.11145833333333334 0.1259259259259259
1 0.4583333333333333 0.9212962962962963 0.05416666666666667 0.09074074074074075
1 0.14479166666666668 0.3648148148148148 0.051041666666666666 0.07222222222222222
1 0.30625 0.9342592592592592 0.07395833333333333 0.1111111111111111
1 0.5682291666666667 0.6416666666666667 0.03229166666666667 0.053703703703703705
1 0.4546875 0.3300925925925926 0.03958333333333333 0.06018518518518518
1 0.25703125 0.512962962962963 0.0484375 0.09259259259259259
1 0.11666666666666667 0.06759259259259259 0.05 0.06666666666666667
1 0.15703125 0.5097222222222222 0.04635416666666667 0.0787037037037037
1 0.28828125 0.39444444444444443 0.0421875 0.08148148148148149
1 0.31614583333333335 0.1361111111111111 0.03229166666666667 0.05185185185185185
1 0.7765625 0.8523148148148149 0.03333333333333333 0.05462962962962963
3 0.08489583333333334 0.11481481481481481 0.05416666666666667 0.06296296296296296
3 0.6166666666666667 0.9314814814814815 0.11041666666666666 0.12962962962962962