1 0.24166666666666667 0.528395061728395 0.06111111111111111 0.07901234567901234
1 0.7993055555555556 0.3728395061728395 0.09305555555555556 0.12839506172839507
1 0.10555555555555556 0.5555555555555556 0.06944444444444445 0.08888888888888889
1 0.31805555555555554 0.5 0.058333333333333334 0.08148148148148149
1 0.16944444444444445 0.9345679012345679 0.11388888888888889 0.1259259259259259
1 0.5388888888888889 0.4111111111111111 0.06666666666666667 0.10617283950617284
1 0.5277777777777778 0.9246913580246914 0.08888888888888889 0.1506172839506173
1 0.5201388888888889 0.7592592592592593 0.06527777777777778 0.1259259259259259
1 0.14930555555555555 0.48518518518518516 0.05694444444444444 0.07160493827160494
1 0.5763888888888888 0.3493827160493827 0.058333333333333334 0.06172839506172839
3 0.8673611111111111 0.5370370370370371 0.09027777777777778 0.1259259259259259
3 0.6847222222222222 0.6938271604938272 0.06666666666666667 0.11851851851851852
3 0.6555555555555556 0.48518518518518516 0.06666666666666667 0.07654320987654321
3 0.03263888888888889 0.6814814814814815 0.05694444444444444 0.11358024691358025
3 0.64375 0.854320987654321 0.05416666666666667 0.09382716049382717
3 0.7180555555555556 0.4123456790123457 0.06666666666666667 0.09382716049382717
3 0.1597222222222222 0.7246913580246913 0.06666666666666667 0.1111111111111111
3 0.2548611111111111 0.9617283950617284 0.07916666666666666 0.07654320987654321
3 0.6840277777777778 0.3654320987654321 0.05694444444444444 0.05925925925925926
3 0.32916666666666666 0.7444444444444445 0.04722222222222222 0.06666666666666667