1 0.448046875 0.48009259259259257 0.055989583333333336 0.09351851851851851
1 0.5876302083333333 0.12314814814814815 0.037760416666666664 0.06111111111111111
1 0.13151041666666666 0.9201388888888888 0.08125 0.12268518518518519
1 0.40677083333333336 0.10324074074074074 0.05 0.08796296296296297
1 0.3651041666666667 0.4613425925925926 0.04583333333333333 0.08009259259259259
1 0.42135416666666664 0.4 0.043229166666666666 0.06851851851851852
1 0.10911458333333333 0.7842592592592592 0.059375 0.09444444444444444
1 0.41901041666666666 0.2826388888888889 0.05520833333333333 0.09768518518518518
1 0.7998697916666667 0.22291666666666668 0.02890625 0.04583333333333333
1 0.9256510416666667 0.4273148148148148 0.03359375 0.05092592592592592
1 0.420703125 0.175 0.04401041666666667 0.05925925925925926
1 0.8153645833333333 0.5081018518518519 0.046875 0.07546296296296297
1 0.5326822916666667 0.3453703703703704 0.04921875 0.07314814814814814
1 0.7083333333333334 0.33240740740740743 0.03802083333333333 0.05740740740740741
1 0.7985677083333333 0.1386574074074074 0.030989583333333334 0.04861111111111111
1 0.75234375 0.07939814814814815 0.0296875 0.04398148148148148
1 0.054036458333333336 0.3226851851851852 0.054947916666666666 0.08518518518518518
1 0.92890625 0.19837962962962963 0.034375 0.059722222222222225
1 0.9580729166666667 0.3902777777777778 0.0421875 0.053703703703703705
1 0.6946614583333334 0.047453703703703706 0.031510416666666666 0.04861111111111111
1 0.0375 0.562962962962963 0.0734375 0.16111111111111112
3 0.666796875 0.42476851851851855 0.037760416666666664 0.04953703703703704
3 0.650390625 0.24305555555555555 0.053385416666666664 0.04537037037037037
3 0.7421875 0.3148148148148148 0.027604166666666666 0.037037037037037035
1 0.7536458333333333 0.04490740740740741 0.0234375 0.032407407407407406
1 0.8177083333333334 0.07314814814814814 0.0234375 0.032407407407407406
1 0.8276041666666667 0.11666666666666667 0.0234375 0.032407407407407406
1 0.8510416666666667 0.09953703703703703 0.0234375 0.032407407407407406
1 0.8713541666666667 0.15787037037037038 0.0234375 0.032407407407407406
1 0.8971354166666666 0.15324074074074073 0.0234375 0.032407407407407406
1 0.88203125 0.1162037037037037 0.0234375 0.032407407407407406
1 0.9432291666666667 0.2791666666666667 0.0234375 0.032407407407407406
1 0.95546875 0.2523148148148148 0.0234375 0.032407407407407406
1 0.9734375 0.2740740740740741 0.0234375 0.032407407407407406
1 0.9946614583333333 0.2761574074074074 0.011197916666666667 0.034722222222222224
1 0.950390625 0.44004629629629627 0.02734375 0.0412037037037037
1 0.6122395833333333 0.11388888888888889 0.0265625 0.046296296296296294