0 0.7784722222222222 0.5469135802469136 0.1125 0.22962962962962963
0 0.575 0.7950617283950617 0.11388888888888889 0.1382716049382716
0 0.5263888888888889 0.4604938271604938 0.11388888888888889 0.1308641975308642
1 0.2791666666666667 0.8975308641975308 0.10555555555555556 0.17037037037037037
1 0.3645833333333333 0.9395061728395062 0.11527777777777778 0.11604938271604938
1 0.15 0.9395061728395062 0.13055555555555556 0.11604938271604938
1 0.04652777777777778 0.9271604938271605 0.09305555555555556 0.14074074074074075
1 0.4986111111111111 0.9469135802469136 0.11388888888888889 0.10123456790123457
3 0.44930555555555557 0.8271604938271605 0.1375 0.2123456790123457
3 0.7388888888888889 0.9209876543209876 0.1111111111111111 0.1580246913580247
3 0.38333333333333336 0.6864197530864198 0.10555555555555556 0.20246913580246914
3 0.4722222222222222 0.30246913580246915 0.1 0.16049382716049382
3 0.28194444444444444 0.7851851851851852 0.09444444444444444 0.13333333333333333
3 0.2951388888888889 0.3469135802469136 0.0625 0.11604938271604938