0 0.06597222222222222 0.2679012345679012 0.12916666666666668 0.145679012345679
1 0.4638888888888889 0.10864197530864197 0.09722222222222222 0.15308641975308643
1 0.6055555555555555 0.35432098765432096 0.10833333333333334 0.1654320987654321
1 0.5930555555555556 0.6469135802469136 0.11388888888888889 0.18765432098765433
1 0.60625 0.49382716049382713 0.10416666666666667 0.1580246913580247
1 0.23402777777777778 0.32098765432098764 0.10972222222222222 0.1728395061728395
1 0.32708333333333334 0.5506172839506173 0.10972222222222222 0.18271604938271604
1 0.4125 0.37777777777777777 0.1 0.1728395061728395
1 0.49375 0.45555555555555555 0.11527777777777778 0.18024691358024691
1 0.28888888888888886 0.41728395061728396 0.1111111111111111 0.1580246913580247
1 0.7 0.7407407407407407 0.14722222222222223 0.26666666666666666
1 0.4340277777777778 0.5888888888888889 0.12361111111111112 0.20493827160493827
1 0.56875 0.8691358024691358 0.1375 0.25679012345679014
1 0.35347222222222224 0.26296296296296295 0.12083333333333333 0.21481481481481482
1 0.44375 0.8530864197530864 0.15694444444444444 0.27901234567901234
1 0.18541666666666667 0.5469135802469136 0.11527777777777778 0.2
1 0.24513888888888888 0.6987654320987654 0.15138888888888888 0.24691358024691357
1 0.0798611111111111 0.5185185185185185 0.13472222222222222 0.2074074074074074
1 0.24444444444444444 0.9061728395061729 0.1388888888888889 0.18765432098765433
1 0.5111111111111111 0.21604938271604937 0.10277777777777777 0.15555555555555556
1 0.10347222222222222 0.7530864197530864 0.15416666666666667 0.2271604938271605
1 0.09027777777777778 0.9037037037037037 0.1638888888888889 0.1925925925925926
1 0.04097222222222222 0.691358024691358 0.07916666666666666 0.16790123456790124
2 0.3388888888888889 0.7864197530864198 0.13333333333333333 0.23950617283950618
2 0.39166666666666666 0.4691358024691358 0.11944444444444445 0.17777777777777778
1 0.5222222222222223 0.30246913580246915 0.08333333333333333 0.10617283950617284