1 0.41744791666666664 0.5115740740740741 0.0484375 0.07037037037037037
1 0.13671875 0.9497685185185185 0.0984375 0.09305555555555556
1 0.46640625 0.5618055555555556 0.0515625 0.07824074074074074
1 0.7598958333333333 0.4537037037037037 0.0296875 0.044444444444444446
1 0.6768229166666667 0.40208333333333335 0.0265625 0.04212962962962963
1 0.296484375 0.4423611111111111 0.04192708333333333 0.060648148148148145
1 0.132421875 0.7206018518518519 0.054947916666666666 0.0763888888888889
1 0.29010416666666666 0.5615740740740741 0.04583333333333333 0.062037037037037036
1 0.5751302083333333 0.4101851851851852 0.03463541666666667 0.03796296296296296
1 0.944140625 0.17800925925925926 0.03984375 0.060648148148148145
1 0.22265625 0.6574074074074074 0.06822916666666666 0.09537037037037037
1 0.5131510416666667 0.4497685185185185 0.029947916666666668 0.04675925925925926
1 0.375390625 0.44722222222222224 0.030989583333333334 0.04722222222222222
1 0.5286458333333334 0.37546296296296294 0.0234375 0.041666666666666664
1 0.135546875 0.43796296296296294 0.031510416666666666 0.04259259259259259
1 0.43059895833333334 0.6648148148148149 0.04296875 0.04814814814814815
1 0.48216145833333335 0.45555555555555555 0.025260416666666667 0.040740740740740744
1 0.8264322916666667 0.43796296296296294 0.027864583333333335 0.03796296296296296
1 0.33424479166666665 0.430787037037037 0.025260416666666667 0.038425925925925926
3 0.93125 0.38587962962962963 0.0453125 0.05138888888888889
1 0.23802083333333332 0.39282407407407405 0.025520833333333333 0.0375
1 0.20130208333333333 0.4363425925925926 0.026041666666666668 0.03657407407407407
1 0.6764322916666666 0.5925925925925926 0.03828125 0.04351851851851852
1 0.5740885416666667 0.38055555555555554 0.023177083333333334 0.03333333333333333
1 0.7233072916666666 0.3685185185185185 0.020572916666666666 0.028703703703703703
1 0.7217447916666667 0.33819444444444446 0.020052083333333335 0.02824074074074074
1 0.6041666666666666 0.3939814814814815 0.017708333333333333 0.020370370370370372
1 0.8065104166666667 0.34953703703703703 0.0171875 0.028703703703703703
1 0.8817708333333333 0.1726851851851852 0.020833333333333332 0.03981481481481482
1 0.8609375 0.1300925925925926 0.020833333333333332 0.03981481481481482
1 0.9265625 0.10462962962962963 0.0203125 0.02962962962962963
1 0.9864583333333333 0.13495370370370371 0.027604166666666666 0.03935185185185185
1 0.7458333333333333 0.24328703703703702 0.01875 0.02824074074074074
1 0.7276041666666667 0.19328703703703703 0.01875 0.02824074074074074
1 0.7809895833333333 0.2604166666666667 0.01875 0.02824074074074074
1 0.7473958333333334 0.1136574074074074 0.01875 0.02824074074074074
1 0.6622395833333333 0.19814814814814816 0.016145833333333335 0.024074074074074074
1 0.790625 0.1310185185185185 0.016145833333333335 0.024074074074074074