0 0.0625 0.899537037037037 0.11458333333333333 0.19722222222222222
0 0.50859375 0.46574074074074073 0.07864583333333333 0.1111111111111111
0 0.61953125 0.5152777777777777 0.08072916666666667 0.10092592592592593
1 0.48072916666666665 0.7828703703703703 0.0625 0.0824074074074074
1 0.7260416666666667 0.9296296296296296 0.05625 0.08703703703703704
1 0.26223958333333336 0.34814814814814815 0.049479166666666664 0.08888888888888889
1 0.16458333333333333 0.8467592592592592 0.065625 0.08611111111111111
1 0.8619791666666666 0.8986111111111111 0.04895833333333333 0.06759259259259259
1 0.5953125 0.7125 0.034375 0.058333333333333334
1 0.6369791666666667 0.8078703703703703 0.04375 0.06388888888888888
1 0.53671875 0.7319444444444444 0.0359375 0.058333333333333334
1 0.5333333333333333 0.6708333333333333 0.035416666666666666 0.05277777777777778
1 0.6549479166666666 0.4583333333333333 0.027604166666666666 0.046296296296296294
1 0.65859375 0.7773148148148148 0.03802083333333333 0.0712962962962963
1 0.7075520833333333 0.45046296296296295 0.027604166666666666 0.05462962962962963
1 0.7533854166666667 0.6754629629629629 0.033854166666666664 0.05648148148148148
1 0.4010416666666667 0.45555555555555555 0.03854166666666667 0.06296296296296296
3 0.8221354166666667 0.9652777777777778 0.0671875 0.058333333333333334