0 0.5881944444444445 0.42098765432098767 0.0625 0.07160493827160494
0 0.6201388888888889 0.9234567901234568 0.10138888888888889 0.11358024691358025
0 0.30625 0.5802469135802469 0.04861111111111111 0.08395061728395062
1 0.39444444444444443 0.36049382716049383 0.05 0.09382716049382717
1 0.4340277777777778 0.16790123456790124 0.043055555555555555 0.08395061728395062
1 0.1736111111111111 0.5580246913580247 0.07777777777777778 0.13333333333333333
1 0.11875 0.1419753086419753 0.05416666666666667 0.08641975308641975
1 0.22569444444444445 0.07777777777777778 0.043055555555555555 0.06666666666666667
1 0.8173611111111111 0.2802469135802469 0.05694444444444444 0.10123456790123457
1 0.3951388888888889 0.10493827160493827 0.04583333333333333 0.08641975308641975
1 0.4263888888888889 0.06049382716049383 0.04722222222222222 0.08148148148148149
1 0.12708333333333333 0.05802469135802469 0.06527777777777778 0.0962962962962963
1 0.29930555555555555 0.4876543209876543 0.05138888888888889 0.10123456790123457
1 0.175 0.08271604938271605 0.04722222222222222 0.08641975308641975
1 0.22291666666666668 0.2580246913580247 0.04583333333333333 0.07654320987654321
1 0.017361111111111112 0.49753086419753084 0.03194444444444444 0.11604938271604938
1 0.18611111111111112 0.3234567901234568 0.06944444444444445 0.11851851851851852
1 0.23819444444444443 0.4666666666666667 0.06527777777777778 0.11358024691358025
1 0.47291666666666665 0.2074074074074074 0.034722222222222224 0.06419753086419754
1 0.18333333333333332 0.024691358024691357 0.05 0.044444444444444446
1 0.7458333333333333 0.16666666666666666 0.04722222222222222 0.08641975308641975
1 0.8229166666666666 0.16419753086419753 0.04027777777777778 0.07654320987654321
3 0.8736111111111111 0.09753086419753086 0.07222222222222222 0.06666666666666667