0 0.07569444444444444 0.49135802469135803 0.06805555555555555 0.16296296296296298
1 0.06458333333333334 0.29506172839506173 0.11805555555555555 0.16049382716049382
1 0.03611111111111111 0.6345679012345679 0.06944444444444445 0.2074074074074074
1 0.20833333333333334 0.12839506172839507 0.07222222222222222 0.12345679012345678
1 0.36041666666666666 0.1037037037037037 0.0763888888888889 0.11851851851851852
1 0.30486111111111114 0.06172839506172839 0.06527777777777778 0.10864197530864197
1 0.03333333333333333 0.11358024691358025 0.06388888888888888 0.1382716049382716
1 0.28194444444444444 0.26666666666666666 0.09166666666666666 0.1382716049382716
1 0.11805555555555555 0.6555555555555556 0.1 0.1506172839506173
1 0.36041666666666666 0.20987654320987653 0.07361111111111111 0.10864197530864197
1 0.19930555555555557 0.040740740740740744 0.0763888888888889 0.07654320987654321
1 0.3902777777777778 0.35802469135802467 0.1111111111111111 0.1925925925925926
1 0.14444444444444443 0.9407407407407408 0.15 0.11851851851851852
1 0.22569444444444445 0.39753086419753086 0.09861111111111111 0.1728395061728395
1 0.41388888888888886 0.4839506172839506 0.10555555555555556 0.1382716049382716
2 0.9347222222222222 0.6024691358024692 0.11944444444444445 0.18271604938271604
3 0.6881944444444444 0.44814814814814813 0.09861111111111111 0.15555555555555556
3 0.8840277777777777 0.23950617283950618 0.14027777777777778 0.16790123456790124
3 0.47638888888888886 0.23209876543209876 0.1 0.14814814814814814
3 0.5493055555555556 0.31234567901234567 0.09027777777777778 0.1506172839506173
3 0.8875 0.4506172839506173 0.10277777777777777 0.1308641975308642
3 0.4375 0.0728395061728395 0.07777777777777778 0.0962962962962963
3 0.55625 0.19753086419753085 0.06527777777777778 0.11851851851851852
3 0.7555555555555555 0.7728395061728395 0.12777777777777777 0.17777777777777778
3 0.19444444444444445 0.5839506172839506 0.14166666666666666 0.20987654320987653