1 0.36319444444444443 0.4901234567901235 0.0763888888888889 0.1308641975308642
1 0.71875 0.5185185185185185 0.10138888888888889 0.11851851851851852
1 0.3111111111111111 0.38641975308641974 0.07222222222222222 0.1308641975308642
1 0.08680555555555555 0.2716049382716049 0.05694444444444444 0.09876543209876543
2 0.6159722222222223 0.36666666666666664 0.0375 0.06172839506172839
3 0.6493055555555556 0.29259259259259257 0.0875 0.14074074074074075
3 0.7618055555555555 0.7790123456790123 0.12638888888888888 0.1654320987654321
3 0.3888888888888889 0.04938271604938271 0.09722222222222222 0.09382716049382717
3 0.7972222222222223 0.18765432098765433 0.07777777777777778 0.12839506172839507
3 0.9534722222222223 0.7592592592592593 0.09027777777777778 0.18518518518518517
3 0.6923611111111111 0.4419753086419753 0.0763888888888889 0.1037037037037037
3 0.9666666666666667 0.9259259259259259 0.06666666666666667 0.1382716049382716