1 0.38971354166666666 0.5722222222222222 0.04609375 0.08055555555555556
1 0.546484375 0.2074074074074074 0.037760416666666664 0.06574074074074074
1 0.7834635416666667 0.8581018518518518 0.07682291666666667 0.1310185185185185
1 0.444140625 0.32384259259259257 0.04296875 0.07824074074074074
1 0.5041666666666667 0.24282407407407408 0.04010416666666667 0.07731481481481481
1 0.5407552083333333 0.3773148148148148 0.039322916666666666 0.08148148148148149
1 0.17916666666666667 0.7344907407407407 0.049479166666666664 0.09212962962962963
1 0.5533854166666666 0.48657407407407405 0.05625 0.09166666666666666
1 0.23359375 0.19305555555555556 0.03333333333333333 0.05185185185185185
1 0.15598958333333332 0.31504629629629627 0.0328125 0.05694444444444444
1 0.16184895833333332 0.35671296296296295 0.03567708333333333 0.05787037037037037
1 0.6928385416666667 0.757175925925926 0.07109375 0.10138888888888889
1 0.8536458333333333 0.8388888888888889 0.07916666666666666 0.13425925925925927
1 0.3821614583333333 0.06967592592592593 0.03046875 0.052314814814814814
1 0.26171875 0.16643518518518519 0.025520833333333333 0.04583333333333333
1 0.358203125 0.10578703703703704 0.028385416666666666 0.055092592592592596
1 0.28997395833333334 0.16921296296296295 0.026822916666666665 0.04953703703703704
1 0.05221354166666667 0.5254629629629629 0.03828125 0.0712962962962963
1 0.29739583333333336 0.68125 0.0359375 0.0699074074074074
1 0.9815104166666667 0.32916666666666666 0.036458333333333336 0.11481481481481481
1 0.32174479166666664 0.7453703703703703 0.04505208333333333 0.062037037037037036
3 0.6940104166666666 0.6152777777777778 0.0671875 0.075