0 0.49166666666666664 0.9012345679012346 0.08611111111111111 0.18765432098765433
1 0.24930555555555556 0.291358024691358 0.09027777777777778 0.1580246913580247
1 0.28680555555555554 0.5851851851851851 0.0875 0.12839506172839507
1 0.3527777777777778 0.2345679012345679 0.04722222222222222 0.07901234567901234
1 0.23472222222222222 0.09382716049382717 0.05 0.07901234567901234
1 0.16458333333333333 0.20246913580246914 0.059722222222222225 0.09382716049382717
1 0.46111111111111114 0.6444444444444445 0.08333333333333333 0.1580246913580247
1 0.2638888888888889 0.03209876543209877 0.05 0.05925925925925926
1 0.12013888888888889 0.7839506172839507 0.06805555555555555 0.1259259259259259
3 0.31666666666666665 0.854320987654321 0.08888888888888889 0.12839506172839507
3 0.3638888888888889 0.345679012345679 0.044444444444444446 0.07407407407407407