1 0.11666666666666667 0.645679012345679 0.11944444444444445 0.20493827160493827
1 0.5458333333333333 0.2419753086419753 0.06388888888888888 0.10864197530864197
1 0.19027777777777777 0.20864197530864198 0.07222222222222222 0.0962962962962963
1 0.80625 0.39382716049382716 0.043055555555555555 0.08148148148148149
1 0.4527777777777778 0.09753086419753086 0.075 0.1259259259259259
1 0.9222222222222223 0.20864197530864198 0.05277777777777778 0.08148148148148149
3 0.27361111111111114 0.4111111111111111 0.08611111111111111 0.13580246913580246
3 0.05 0.454320987654321 0.1 0.18271604938271604
3 0.3194444444444444 0.254320987654321 0.06388888888888888 0.09382716049382717
3 0.68125 0.36790123456790125 0.06527777777777778 0.1037037037037037
3 0.4951388888888889 0.48148148148148145 0.06805555555555555 0.11358024691358025
3 0.5958333333333333 0.27901234567901234 0.06944444444444445 0.11358024691358025
3 0.7138888888888889 0.3074074074074074 0.05277777777777778 0.07654320987654321