1 0.72890625 0.7252314814814815 0.053125 0.08564814814814815
1 0.6119791666666666 0.6979166666666666 0.051041666666666666 0.07731481481481481
1 0.5651041666666666 0.5583333333333333 0.03125 0.04537037037037037
1 0.49244791666666665 0.6129629629629629 0.036458333333333336 0.06574074074074074
1 0.4901041666666667 0.8555555555555555 0.035416666666666666 0.0787037037037037
1 0.5533854166666666 0.700925925925926 0.051041666666666666 0.07314814814814814
1 0.54609375 0.5027777777777778 0.030729166666666665 0.05
1 0.126171875 0.9613425925925926 0.06692708333333333 0.0699074074074074
1 0.8322916666666667 0.9645833333333333 0.04114583333333333 0.07175925925925926
1 0.16627604166666668 0.41689814814814813 0.03411458333333333 0.05138888888888889
1 0.677734375 0.538425925925926 0.03619791666666667 0.05277777777777778
1 0.5076822916666667 0.6699074074074074 0.03463541666666667 0.07592592592592592
3 0.6333333333333333 0.5939814814814814 0.0359375 0.037037037037037035
3 0.13997395833333334 0.8967592592592593 0.054947916666666666 0.0712962962962963
1 0.5721354166666667 0.5884259259259259 0.025520833333333333 0.03333333333333333
1 0.062109375 0.9803240740740741 0.05859375 0.04027777777777778