1 0.6115885416666667 0.5636574074074074 0.055989583333333336 0.08287037037037037
1 0.6536458333333334 0.06388888888888888 0.03229166666666667 0.05277777777777778
1 0.8274739583333334 0.39652777777777776 0.03307291666666667 0.05324074074074074
1 0.7658854166666667 0.2814814814814815 0.03177083333333333 0.05277777777777778
1 0.8997395833333334 0.48865740740740743 0.030729166666666665 0.05324074074074074
1 0.1078125 0.3576388888888889 0.04635416666666667 0.06527777777777778
1 0.771484375 0.5291666666666667 0.054427083333333334 0.075
1 0.961328125 0.45092592592592595 0.032552083333333336 0.049074074074074076
1 0.90859375 0.30694444444444446 0.030729166666666665 0.05
1 0.38203125 0.35694444444444445 0.0328125 0.053703703703703705
1 0.4459635416666667 0.4340277777777778 0.030989583333333334 0.056018518518518516
1 0.42747395833333335 0.38263888888888886 0.02890625 0.04398148148148148
1 0.47018229166666664 0.17476851851851852 0.026822916666666665 0.04583333333333333
1 0.9395833333333333 0.3909722222222222 0.030208333333333334 0.055092592592592596
1 0.7826822916666667 0.46805555555555556 0.04765625 0.07407407407407407
1 0.021614583333333333 0.9222222222222223 0.042708333333333334 0.12129629629629629
1 0.733203125 0.028703703703703703 0.02421875 0.03888888888888889
1 0.7778645833333333 0.09050925925925926 0.025 0.04953703703703704
1 0.7479166666666667 0.2011574074074074 0.026041666666666668 0.04212962962962963
1 0.9352864583333333 0.3733796296296296 0.030989583333333334 0.06342592592592593
1 0.016796875 0.28888888888888886 0.03307291666666667 0.058333333333333334
3 0.077734375 0.8111111111111111 0.04921875 0.08055555555555556
3 0.32278645833333336 0.2564814814814815 0.03828125 0.03888888888888889
3 0.718359375 0.5564814814814815 0.04453125 0.06481481481481481
1 0.8799479166666667 0.25046296296296294 0.030729166666666665 0.05
1 0.9044270833333333 0.18287037037037038 0.030729166666666665 0.05
1 0.8497395833333333 0.1712962962962963 0.030729166666666665 0.05
1 0.8666666666666667 0.10046296296296296 0.030729166666666665 0.05
1 0.8252604166666667 0.09861111111111111 0.030729166666666665 0.05