1 0.41015625 0.6504629629629629 0.0703125 0.12129629629629629
1 0.7403645833333333 0.7902777777777777 0.0734375 0.11944444444444445
1 0.97578125 0.14305555555555555 0.04739583333333333 0.13240740740740742
1 0.8627604166666667 0.9699074074074074 0.06510416666666667 0.05462962962962963
1 0.5763020833333333 0.8828703703703704 0.034895833333333334 0.05462962962962963
3 0.42890625 0.8513888888888889 0.08802083333333334 0.1527777777777778
3 0.484375 0.5912037037037037 0.06041666666666667 0.10462962962962963
3 0.26484375 0.21666666666666667 0.0671875 0.10925925925925926
3 0.7450520833333333 0.6342592592592593 0.06822916666666666 0.1037037037037037
3 0.21067708333333332 0.07592592592592592 0.0765625 0.10555555555555556
3 0.12057291666666667 0.41759259259259257 0.07135416666666666 0.10740740740740741
3 0.46328125 0.5092592592592593 0.05677083333333333 0.08703703703703704
3 0.559375 0.9671296296296297 0.07395833333333333 0.058333333333333334