1 0.7416666666666667 0.5740740740740741 0.075 0.15555555555555556
1 0.4305555555555556 0.0691358024691358 0.08055555555555556 0.11358024691358025
1 0.20972222222222223 0.6901234567901234 0.044444444444444446 0.07160493827160494
1 0.6763888888888889 0.04567901234567901 0.058333333333333334 0.08641975308641975
1 0.85625 0.07407407407407407 0.0763888888888889 0.08888888888888889
3 0.6680555555555555 0.7790123456790123 0.08333333333333333 0.1259259259259259
3 0.3111111111111111 0.37530864197530867 0.06666666666666667 0.09876543209876543
3 0.2701388888888889 0.519753086419753 0.0625 0.10123456790123457
3 0.043055555555555555 0.27283950617283953 0.07777777777777778 0.08641975308641975
3 0.7430555555555556 0.8716049382716049 0.044444444444444446 0.07901234567901234
3 0.3527777777777778 0.1419753086419753 0.06666666666666667 0.07160493827160494
3 0.29583333333333334 0.08641975308641975 0.05 0.06419753086419754
3 0.7847222222222222 0.6506172839506172 0.06388888888888888 0.09135802469135802
3 0.3388888888888889 0.5592592592592592 0.05277777777777778 0.07654320987654321
3 0.825 0.7160493827160493 0.041666666666666664 0.0691358024691358