1 0.6153645833333333 0.37824074074074077 0.044270833333333336 0.0712962962962963
1 0.2557291666666667 0.6268518518518519 0.044270833333333336 0.06759259259259259
1 0.20572916666666666 0.3962962962962963 0.042708333333333334 0.07037037037037037
1 0.15768229166666667 0.23425925925925925 0.03671875 0.058333333333333334
1 0.25247395833333336 0.2023148148148148 0.03307291666666667 0.05925925925925926
1 0.030208333333333334 0.33287037037037037 0.0390625 0.06574074074074074
1 0.573828125 0.25833333333333336 0.03723958333333333 0.06111111111111111
1 0.269921875 0.3449074074074074 0.04505208333333333 0.07037037037037037
1 0.20690104166666667 0.24282407407407408 0.03671875 0.055092592592592596
1 0.4615885416666667 0.10185185185185185 0.03411458333333333 0.05925925925925926
1 0.031901041666666664 0.7541666666666667 0.046614583333333334 0.06851851851851852
1 0.5747395833333333 0.4212962962962963 0.052083333333333336 0.08611111111111111
1 0.6901041666666666 0.8865740740740741 0.03854166666666667 0.06481481481481481
1 0.345703125 0.5217592592592593 0.03359375 0.06759259259259259
1 0.5427083333333333 0.5546296296296296 0.03958333333333333 0.058333333333333334
1 0.34856770833333334 0.05277777777777778 0.02890625 0.05
1 0.15364583333333334 0.2912037037037037 0.034895833333333334 0.05462962962962963
1 0.6345052083333333 0.32384259259259257 0.04973958333333333 0.07453703703703704
3 0.23528645833333334 0.3752314814814815 0.04192708333333333 0.06527777777777778
3 0.5356770833333333 0.2831018518518518 0.04375 0.056018518518518516
3 0.7850260416666667 0.593287037037037 0.03463541666666667 0.08009259259259259
3 0.416015625 0.51875 0.062239583333333334 0.08194444444444444