1 0.32083333333333336 0.20416666666666666 0.034375 0.06481481481481481
1 0.8317708333333333 0.3458333333333333 0.0546875 0.08333333333333333
1 0.2877604166666667 0.9652777777777778 0.06875 0.06111111111111111
1 0.3670572916666667 0.15787037037037038 0.030989583333333334 0.062037037037037036
1 0.39557291666666666 0.1474537037037037 0.027604166666666666 0.052314814814814814
1 0.0890625 0.2099537037037037 0.03177083333333333 0.05138888888888889
1 0.08020833333333334 0.17800925925925926 0.030729166666666665 0.055092592592592596
1 0.14322916666666666 0.09467592592592593 0.03177083333333333 0.047685185185185185
1 0.4459635416666667 0.45023148148148145 0.05390625 0.055092592592592596
1 0.6263020833333334 0.33773148148148147 0.0359375 0.0699074074074074
1 0.5111979166666667 0.41226851851851853 0.04583333333333333 0.07268518518518519
1 0.401953125 0.2490740740740741 0.03619791666666667 0.06111111111111111
1 0.28125 0.33287037037037037 0.0359375 0.06388888888888888
3 0.26731770833333335 0.5092592592592593 0.04244791666666667 0.04722222222222222
1 0.38177083333333334 0.22800925925925927 0.022916666666666665 0.0375
1 0.45208333333333334 0.40370370370370373 0.0296875 0.03888888888888889
3 0.458984375 0.35138888888888886 0.03515625 0.03611111111111111
1 0.4875 0.41435185185185186 0.024479166666666666 0.05648148148148148
1 0.5002604166666667 0.48935185185185187 0.022916666666666665 0.049074074074074076
1 0.6053385416666667 0.38101851851851853 0.029947916666666668 0.05555555555555555