1 0.353125 0.7208333333333333 0.052083333333333336 0.08055555555555556
1 0.6036458333333333 0.7717592592592593 0.04895833333333333 0.0787037037037037
1 0.5234375 0.6083333333333333 0.041666666666666664 0.07037037037037037
1 0.4244791666666667 0.5370370370370371 0.04375 0.07407407407407407
1 0.784375 0.4532407407407407 0.034375 0.05648148148148148
1 0.25104166666666666 0.39444444444444443 0.040625 0.06481481481481481
1 0.7369791666666666 0.4638888888888889 0.03125 0.053703703703703705
1 0.15625 0.45046296296296295 0.0375 0.06018518518518518
1 0.28203125 0.44305555555555554 0.0328125 0.05462962962962963
1 0.11276041666666667 0.47685185185185186 0.03697916666666667 0.05555555555555555
1 0.6786458333333333 0.43287037037037035 0.030208333333333334 0.05092592592592592
1 0.40572916666666664 0.2967592592592593 0.027083333333333334 0.04351851851851852
1 0.16927083333333334 0.7546296296296297 0.06875 0.10185185185185185
1 0.13697916666666668 0.7148148148148148 0.06145833333333333 0.07777777777777778
3 0.228125 0.8486111111111111 0.090625 0.10833333333333334
3 0.3611979166666667 0.8736111111111111 0.06822916666666666 0.08425925925925926
3 0.0921875 0.8342592592592593 0.06979166666666667 0.09259259259259259
3 0.340625 0.7976851851851852 0.06875 0.08981481481481482
3 0.28125 0.8976851851851851 0.06875 0.07685185185185185
3 0.43828125 0.6888888888888889 0.0578125 0.07407407407407407
3 0.8752604166666667 0.7162037037037037 0.07135416666666666 0.075
3 0.7825520833333334 0.8930555555555556 0.059895833333333336 0.09907407407407408
3 0.8216145833333334 0.7361111111111112 0.058854166666666666 0.07592592592592592
1 0.4205729166666667 0.27361111111111114 0.027604166666666666 0.04351851851851852
1 0.40130208333333334 0.22175925925925927 0.027604166666666666 0.04351851851851852
1 0.5471354166666667 0.26435185185185184 0.027604166666666666 0.04351851851851852
1 0.6205729166666667 0.32175925925925924 0.027604166666666666 0.04351851851851852
1 0.75703125 0.2199074074074074 0.027604166666666666 0.04351851851851852