1 0.24270833333333333 0.3143518518518518 0.0546875 0.07314814814814814
1 0.3829427083333333 0.25300925925925927 0.038802083333333334 0.0587962962962963
1 0.9686197916666667 0.22569444444444445 0.040364583333333336 0.0625
1 0.217578125 0.6310185185185185 0.06536458333333334 0.09722222222222222
1 0.08971354166666666 0.18773148148148147 0.04401041666666667 0.06435185185185185
1 0.09791666666666667 0.8460648148148148 0.06614583333333333 0.09490740740740741
1 0.33255208333333336 0.1699074074074074 0.03333333333333333 0.05
1 0.7278645833333334 0.25578703703703703 0.030729166666666665 0.04861111111111111
1 0.6046875 0.3824074074074074 0.034895833333333334 0.05740740740740741
1 0.6462239583333333 0.4847222222222222 0.03463541666666667 0.053703703703703705
1 0.6419270833333334 0.43148148148148147 0.03177083333333333 0.046296296296296294
1 0.144140625 0.3108796296296296 0.030989583333333334 0.047685185185185185
1 0.21692708333333333 0.04490740740740741 0.03333333333333333 0.05
1 0.39453125 0.02546296296296296 0.03333333333333333 0.05
1 0.4895833333333333 0.02546296296296296 0.03333333333333333 0.05