1 0.481640625 0.6988425925925926 0.047135416666666666 0.07824074074074074
1 0.5234375 0.5840277777777778 0.0421875 0.09305555555555556
1 0.478515625 0.49583333333333335 0.03828125 0.07314814814814814
1 0.4803385416666667 0.16319444444444445 0.03619791666666667 0.06342592592592593
1 0.5352864583333333 0.4527777777777778 0.039322916666666666 0.08148148148148149
1 0.4454427083333333 0.39351851851851855 0.028385416666666666 0.05462962962962963
1 0.33893229166666666 0.7668981481481482 0.028385416666666666 0.05416666666666667
1 0.3561197916666667 0.8525462962962963 0.028385416666666666 0.05416666666666667
1 0.24544270833333334 0.9733796296296297 0.028385416666666666 0.05416666666666667
1 0.23671875 0.6763888888888889 0.024479166666666666 0.044444444444444446
1 0.25143229166666664 0.6543981481481481 0.02109375 0.04212962962962963
1 0.16783854166666667 0.8261574074074074 0.03463541666666667 0.052314814814814814
1 0.291015625 0.5025462962962963 0.02109375 0.04212962962962963
1 0.30690104166666665 0.48171296296296295 0.02109375 0.04212962962962963
1 0.6509114583333333 0.9053240740740741 0.047135416666666666 0.07824074074074074