0 0.5333333333333333 0.7444444444444445 0.06666666666666667 0.254320987654321
0 0.4201388888888889 0.8123456790123457 0.07361111111111111 0.2419753086419753
0 0.45416666666666666 0.25925925925925924 0.04722222222222222 0.13333333333333333
1 0.4861111111111111 0.8839506172839506 0.13333333333333333 0.23209876543209876
1 0.4361111111111111 0.145679012345679 0.06111111111111111 0.12345679012345678
1 0.35833333333333334 0.145679012345679 0.06111111111111111 0.09876543209876543
3 0.7013888888888888 0.5691358024691358 0.125 0.20987654320987653
3 0.4 0.27037037037037037 0.08888888888888889 0.1506172839506173
3 0.4875 0.41358024691358025 0.05555555555555555 0.08641975308641975
3 0.4895833333333333 0.10617283950617284 0.06527777777777778 0.09876543209876543
3 0.47708333333333336 0.2271604938271605 0.05138888888888889 0.07407407407407407