0 0.6041666666666666 0.6234567901234568 0.08055555555555556 0.22962962962962963
0 0.7604166666666666 0.7950617283950617 0.19583333333333333 0.2617283950617284
1 0.6340277777777777 0.10493827160493827 0.11805555555555555 0.17530864197530865
1 0.39791666666666664 0.9259259259259259 0.10972222222222222 0.14320987654320988
1 0.8513888888888889 0.6654320987654321 0.1111111111111111 0.18518518518518517
1 0.6625 0.4123456790123457 0.11388888888888889 0.18765432098765433
1 0.7055555555555556 0.23703703703703705 0.09166666666666666 0.14320987654320988
1 0.8895833333333333 0.9444444444444444 0.09305555555555556 0.10617283950617284
1 0.38819444444444445 0.3 0.07361111111111111 0.1259259259259259
1 0.9305555555555556 0.3333333333333333 0.1361111111111111 0.2716049382716049
1 0.7666666666666667 0.1037037037037037 0.06666666666666667 0.12345679012345678
1 0.03680555555555556 0.2716049382716049 0.07083333333333333 0.1580246913580247
1 0.41597222222222224 0.7728395061728395 0.13194444444444445 0.19753086419753085
1 0.20277777777777778 0.18024691358024691 0.12777777777777777 0.18765432098765433
3 0.8263888888888888 0.05185185185185185 0.10555555555555556 0.09876543209876543
3 0.9694444444444444 0.6283950617283951 0.06111111111111111 0.2
3 0.5402777777777777 0.32592592592592595 0.13333333333333333 0.2222222222222222
3 0.9083333333333333 0.8308641975308642 0.08055555555555556 0.1308641975308642
3 0.5215277777777778 0.6802469135802469 0.10416666666666667 0.15555555555555556
3 0.5666666666666667 0.5185185185185185 0.08611111111111111 0.13333333333333333
3 0.04027777777777778 0.5234567901234568 0.07777777777777778 0.18765432098765433