1 0.08046875 0.7726851851851851 0.09739583333333333 0.13796296296296295
1 0.3924479166666667 0.8412037037037037 0.058854166666666666 0.10092592592592593
1 0.7770833333333333 0.6152777777777778 0.04791666666666667 0.08055555555555556
1 0.48072916666666665 0.637962962962963 0.05 0.09074074074074075
1 0.7153645833333333 0.5148148148148148 0.03697916666666667 0.06296296296296296
1 0.88125 0.7333333333333333 0.046875 0.07962962962962963
1 0.6104166666666667 0.7736111111111111 0.05520833333333333 0.08425925925925926
1 0.38567708333333334 0.9666666666666667 0.07239583333333334 0.06296296296296296
1 0.6880208333333333 0.12222222222222222 0.03229166666666667 0.05185185185185185
1 0.675 0.4513888888888889 0.03333333333333333 0.058333333333333334
1 0.5763020833333333 0.28194444444444444 0.04010416666666667 0.06759259259259259
1 0.796875 0.31574074074074077 0.04375 0.07222222222222222