0 0.5395833333333333 0.6518518518518519 0.0625 0.23703703703703705
0 0.5847222222222223 0.7864197530864198 0.07777777777777778 0.15555555555555556
0 0.49375 0.33827160493827163 0.07916666666666666 0.15308641975308643
1 0.4465277777777778 0.5987654320987654 0.10694444444444444 0.18024691358024691
1 0.4048611111111111 0.8308641975308642 0.0875 0.16049382716049382
1 0.6354166666666666 0.08024691358024691 0.10694444444444444 0.15555555555555556
1 0.5326388888888889 0.050617283950617285 0.10694444444444444 0.0962962962962963
1 0.5020833333333333 0.7790123456790123 0.10138888888888889 0.19506172839506172
1 0.7361111111111112 0.3592592592592593 0.10277777777777777 0.2
1 0.9319444444444445 0.7962962962962963 0.13055555555555556 0.20493827160493827
3 0.3784722222222222 0.4148148148148148 0.10138888888888889 0.18765432098765433
3 0.6826388888888889 0.5333333333333333 0.0763888888888889 0.16790123456790124
3 0.5597222222222222 0.12098765432098765 0.08611111111111111 0.12345679012345678
3 0.3902777777777778 0.6839506172839506 0.06111111111111111 0.1382716049382716
3 0.5895833333333333 0.22962962962962963 0.10972222222222222 0.12839506172839507
3 0.39444444444444443 0.9580246913580247 0.1111111111111111 0.07901234567901234