1 0.6098958333333333 0.7101851851851851 0.04479166666666667 0.07962962962962963
1 0.20416666666666666 0.2763888888888889 0.042708333333333334 0.075
1 0.42994791666666665 0.5217592592592593 0.033854166666666664 0.05462962962962963
1 0.1515625 0.9569444444444445 0.09791666666666667 0.0824074074074074
1 0.709375 0.9412037037037037 0.06770833333333333 0.10833333333333334
3 0.17421875 0.6916666666666667 0.08072916666666667 0.11666666666666667
3 0.271875 0.7717592592592593 0.0625 0.12314814814814815
1 0.490625 0.42268518518518516 0.042708333333333334 0.075
1 0.65625 0.26157407407407407 0.042708333333333334 0.075
1 0.3848958333333333 0.4273148148148148 0.042708333333333334 0.075
1 0.3533854166666667 0.4740740740740741 0.03177083333333333 0.05925925925925926
1 0.3263020833333333 0.462037037037037 0.03177083333333333 0.05925925925925926
0 0.5622395833333333 0.7958333333333333 0.059895833333333336 0.1638888888888889