0 0.03307291666666667 0.5069444444444444 0.06510416666666667 0.17314814814814813
0 0.8734375 0.7097222222222223 0.16145833333333334 0.13425925925925927
1 0.7869791666666667 0.4587962962962963 0.04479166666666667 0.07685185185185185
1 0.5268229166666667 0.3398148148148148 0.04114583333333333 0.06296296296296296
1 0.18723958333333332 0.25046296296296294 0.0484375 0.08055555555555556
1 0.35703125 0.21898148148148147 0.04635416666666667 0.07685185185185185
1 0.3541666666666667 0.5541666666666667 0.034375 0.06574074074074074
1 0.09114583333333333 0.19953703703703704 0.03229166666666667 0.05092592592592592
3 0.41328125 0.2064814814814815 0.06614583333333333 0.1111111111111111
3 0.8390625 0.4930555555555556 0.06979166666666667 0.10092592592592593
3 0.41744791666666664 0.45555555555555555 0.0515625 0.08703703703703704