1 0.5034722222222222 0.44074074074074077 0.10416666666666667 0.18518518518518517
1 0.7194444444444444 0.7679012345679013 0.08055555555555556 0.14320987654320988
1 0.6152777777777778 0.7123456790123457 0.07777777777777778 0.1506172839506173
1 0.6888888888888889 0.09012345679012346 0.1 0.1654320987654321
1 0.7784722222222222 0.18271604938271604 0.07083333333333333 0.12345679012345678
1 0.8166666666666667 0.571604938271605 0.07777777777777778 0.14074074074074075
1 0.5923611111111111 0.23703703703703705 0.10138888888888889 0.19753086419753085
1 0.9666666666666667 0.8506172839506173 0.06388888888888888 0.19012345679012346
1 0.5423611111111111 0.8604938271604938 0.13194444444444445 0.20493827160493827
3 0.08194444444444444 0.5518518518518518 0.15 0.2345679012345679
3 0.05763888888888889 0.3308641975308642 0.1125 0.23209876543209876
3 0.5972222222222222 0.10493827160493827 0.08888888888888889 0.145679012345679
3 0.6833333333333333 0.2679012345679012 0.13055555555555556 0.20493827160493827
3 0.7486111111111111 0.3 0.08611111111111111 0.14074074074074075