0 0.6881944444444444 0.7 0.07083333333333333 0.2839506172839506
0 0.35 0.5444444444444444 0.1527777777777778 0.20987654320987653
1 0.20347222222222222 0.8493827160493828 0.10138888888888889 0.1728395061728395
1 0.3326388888888889 0.29506172839506173 0.08472222222222223 0.14074074074074075
1 0.11875 0.4148148148148148 0.07361111111111111 0.11358024691358025
1 0.05138888888888889 0.408641975308642 0.06944444444444445 0.12098765432098765
1 0.17222222222222222 0.2518518518518518 0.05555555555555555 0.09382716049382717
1 0.1909722222222222 0.12962962962962962 0.06527777777777778 0.0962962962962963
1 0.08819444444444445 0.1271604938271605 0.09027777777777778 0.13580246913580246
1 0.11666666666666667 0.31851851851851853 0.06944444444444445 0.08888888888888889
1 0.20069444444444445 0.04691358024691358 0.07083333333333333 0.07901234567901234
1 0.04027777777777778 0.27037037037037037 0.07777777777777778 0.1259259259259259
2 0.9541666666666667 0.7802469135802469 0.06388888888888888 0.08888888888888889
2 0.4625 0.7728395061728395 0.07222222222222222 0.12839506172839507
2 0.17083333333333334 0.4901234567901235 0.075 0.12098765432098765
2 0.26458333333333334 0.9580246913580247 0.0763888888888889 0.08395061728395062
2 0.86875 0.782716049382716 0.05694444444444444 0.08888888888888889
3 0.6736111111111112 0.42962962962962964 0.11666666666666667 0.16790123456790124