0 0.8173611111111111 0.6333333333333333 0.10138888888888889 0.21481481481481482
0 0.3277777777777778 0.08765432098765433 0.09444444444444444 0.08641975308641975
1 0.18611111111111112 0.41728395061728396 0.11388888888888889 0.1728395061728395
1 0.4826388888888889 0.3790123456790123 0.10416666666666667 0.15555555555555556
1 0.31875 0.48271604938271606 0.10416666666666667 0.15555555555555556
1 0.13680555555555557 0.07037037037037037 0.10972222222222222 0.1308641975308642
1 0.24791666666666667 0.9271604938271605 0.13194444444444445 0.14074074074074075
1 0.6784722222222223 0.7 0.12361111111111112 0.2
1 0.044444444444444446 0.5271604938271605 0.08888888888888889 0.254320987654321
1 0.3763888888888889 0.7308641975308642 0.1361111111111111 0.2074074074074074
2 0.90625 0.7987654320987654 0.07361111111111111 0.10617283950617284
3 0.59375 0.4506172839506173 0.1625 0.254320987654321
3 0.5222222222222223 0.662962962962963 0.125 0.145679012345679
3 0.03611111111111111 0.7382716049382716 0.07222222222222222 0.18271604938271604
3 0.2625 0.18641975308641975 0.125 0.17530864197530865
3 0.14097222222222222 0.6530864197530865 0.14027777777777778 0.18024691358024691
3 0.3923611111111111 0.18395061728395062 0.12083333333333333 0.17037037037037037
3 0.7666666666666667 0.5407407407407407 0.12222222222222222 0.17777777777777778
3 0.25 0.5851851851851851 0.11944444444444445 0.15308641975308643
3 0.8194444444444444 0.9296296296296296 0.11666666666666667 0.14074074074074075
3 0.4125 0.1111111111111111 0.08333333333333333 0.1037037037037037