1 0.35694444444444445 0.6333333333333333 0.05277777777777778 0.08148148148148149
1 0.41805555555555557 0.5370370370370371 0.05277777777777778 0.08641975308641975
1 0.5770833333333333 0.6049382716049383 0.04583333333333333 0.07901234567901234
1 0.4861111111111111 0.8469135802469135 0.05277777777777778 0.09382716049382717
1 0.35555555555555557 0.7358024691358025 0.04722222222222222 0.08395061728395062
1 0.29930555555555555 0.5135802469135803 0.05138888888888889 0.07407407407407407
1 0.5180555555555556 0.4345679012345679 0.05 0.07407407407407407
1 0.9791666666666666 0.8765432098765432 0.041666666666666664 0.11358024691358025
1 0.9229166666666667 0.5740740740740741 0.06805555555555555 0.11604938271604938
1 0.20277777777777778 0.48518518518518516 0.03611111111111111 0.056790123456790124
1 0.8833333333333333 0.3172839506172839 0.058333333333333334 0.10123456790123457
1 0.3388888888888889 0.3419753086419753 0.05277777777777778 0.07160493827160494