1 0.4984375 0.549537037037037 0.04583333333333333 0.09166666666666666
1 0.1734375 0.40046296296296297 0.04375 0.07314814814814814
1 0.5606770833333333 0.35509259259259257 0.0421875 0.08055555555555556
1 0.80546875 0.5717592592592593 0.0453125 0.07314814814814814
1 0.8822916666666667 0.45185185185185184 0.04375 0.10740740740740741
1 0.63046875 0.5958333333333333 0.0390625 0.062037037037037036
1 0.014322916666666666 0.22962962962962963 0.028645833333333332 0.07592592592592592
1 0.7721354166666666 0.5273148148148148 0.0421875 0.06574074074074074
1 0.2046875 0.1259259259259259 0.03229166666666667 0.06111111111111111
3 0.31666666666666665 0.8425925925925926 0.0875 0.11851851851851852
3 0.3515625 0.7379629629629629 0.052083333333333336 0.07777777777777778
3 0.14453125 0.8981481481481481 0.0640625 0.10925925925925926
3 0.5645833333333333 0.7912037037037037 0.053125 0.08796296296296297
3 0.29140625 0.7337962962962963 0.06822916666666666 0.10092592592592593
3 0.10963541666666667 0.399537037037037 0.0640625 0.09722222222222222