1 0.675 0.5419753086419753 0.05 0.09135802469135802
1 0.8472222222222222 0.43703703703703706 0.07222222222222222 0.12345679012345678
1 0.7486111111111111 0.7086419753086419 0.06666666666666667 0.11851851851851852
1 0.7541666666666667 0.5123456790123457 0.058333333333333334 0.10123456790123457
1 0.4125 0.8555555555555555 0.058333333333333334 0.1259259259259259
1 0.45069444444444445 0.725925925925926 0.06527777777777778 0.11358024691358025
1 0.5027777777777778 0.3148148148148148 0.05555555555555555 0.07160493827160494
1 0.6409722222222223 0.49876543209876545 0.04861111111111111 0.06419753086419754
1 0.6284722222222222 0.43333333333333335 0.06527777777777778 0.0962962962962963
3 0.9375 0.7716049382716049 0.10555555555555556 0.13580246913580246
3 0.7409722222222223 0.6160493827160494 0.05416666666666667 0.08148148148148149