0 0.06805555555555555 0.7506172839506173 0.11944444444444445 0.2271604938271605
0 0.9652777777777778 0.40370370370370373 0.06666666666666667 0.23950617283950618
1 0.8826388888888889 0.21481481481481482 0.09305555555555556 0.14320987654320988
1 0.05347222222222222 0.6123456790123457 0.0875 0.12839506172839507
1 0.6180555555555556 0.06172839506172839 0.06111111111111111 0.09876543209876543
1 0.7256944444444444 0.25679012345679014 0.10416666666666667 0.1728395061728395
1 0.9013888888888889 0.3814814814814815 0.1111111111111111 0.19506172839506172
1 0.23055555555555557 0.16049382716049382 0.05555555555555555 0.1037037037037037
1 0.3055555555555556 0.3037037037037037 0.06388888888888888 0.12345679012345678
1 0.9701388888888889 0.562962962962963 0.059722222222222225 0.21728395061728395
1 0.28125 0.20864197530864198 0.034722222222222224 0.06666666666666667