0 0.9361111111111111 0.4111111111111111 0.125 0.15555555555555556
0 0.8993055555555556 0.27037037037037037 0.15138888888888888 0.10617283950617284
0 0.7229166666666667 0.3148148148148148 0.1125 0.11604938271604938
1 0.24305555555555555 0.6518518518518519 0.1 0.1580246913580247
1 0.5236111111111111 0.1111111111111111 0.06111111111111111 0.09876543209876543
1 0.06458333333333334 0.7320987654320987 0.12361111111111112 0.18518518518518517
1 0.6076388888888888 0.11234567901234568 0.0625 0.10123456790123457
1 0.029166666666666667 0.4666666666666667 0.058333333333333334 0.1728395061728395
1 0.75625 0.1111111111111111 0.0763888888888889 0.11358024691358025
1 0.7152777777777778 0.19135802469135801 0.07222222222222222 0.11604938271604938
1 0.5076388888888889 0.9432098765432099 0.14305555555555555 0.10864197530864197
1 0.6708333333333333 0.11851851851851852 0.06388888888888888 0.08888888888888889
1 0.7368055555555556 0.025925925925925925 0.06527777777777778 0.05185185185185185
3 0.45208333333333334 0.8407407407407408 0.07361111111111111 0.1259259259259259
3 0.5743055555555555 0.16790123456790124 0.05138888888888889 0.05925925925925926