1 0.49027777777777776 0.26296296296296295 0.07777777777777778 0.14074074074074075
1 0.4576388888888889 0.8703703703703703 0.0875 0.1506172839506173
1 0.36319444444444443 0.043209876543209874 0.09861111111111111 0.08148148148148149
3 0.3194444444444444 0.32469135802469135 0.10833333333333334 0.17530864197530865
3 0.14305555555555555 0.22469135802469137 0.11388888888888889 0.17777777777777778
3 0.5590277777777778 0.16049382716049382 0.0763888888888889 0.13333333333333333
3 0.18194444444444444 0.8148148148148148 0.08611111111111111 0.13333333333333333
3 0.5097222222222222 0.056790123456790124 0.08611111111111111 0.1037037037037037
3 0.14583333333333334 0.9481481481481482 0.09166666666666666 0.09382716049382717
3 0.8326388888888889 0.4049382716049383 0.09305555555555556 0.14320987654320988
3 0.24097222222222223 0.9074074074074074 0.06805555555555555 0.10617283950617284