0 0.6541666666666667 0.6962962962962963 0.15833333333333333 0.2074074074074074
0 0.8826388888888889 0.562962962962963 0.12916666666666668 0.2074074074074074
0 0.32013888888888886 0.7950617283950617 0.05694444444444444 0.18271604938271604
0 0.7506944444444444 0.5456790123456791 0.10694444444444444 0.24691358024691357
0 0.1986111111111111 0.6061728395061728 0.08055555555555556 0.07654320987654321
1 0.5361111111111111 0.050617283950617285 0.09722222222222222 0.0962962962962963
1 0.65625 0.05925925925925926 0.09305555555555556 0.10864197530864197
1 0.5881944444444445 0.8493827160493828 0.11805555555555555 0.2123456790123457
1 0.36875 0.5530864197530864 0.04583333333333333 0.14814814814814814
1 0.43472222222222223 0.3 0.05555555555555555 0.12098765432098765
2 0.8159722222222222 0.8555555555555555 0.04861111111111111 0.10617283950617284
3 0.5215277777777778 0.14444444444444443 0.09861111111111111 0.1506172839506173
3 0.13402777777777777 0.47160493827160493 0.10416666666666667 0.20246913580246914
3 0.8729166666666667 0.7604938271604939 0.15138888888888888 0.2222222222222222
3 0.5 0.9444444444444444 0.09722222222222222 0.1111111111111111
3 0.7652777777777777 0.1814814814814815 0.07222222222222222 0.10123456790123457