0 0.6923611111111111 0.8148148148148148 0.09583333333333334 0.23209876543209876
1 0.08194444444444444 0.27037037037037037 0.09722222222222222 0.12098765432098765
1 0.05763888888888889 0.5234567901234568 0.10138888888888889 0.1580246913580247
1 0.2798611111111111 0.2234567901234568 0.08194444444444444 0.1259259259259259
1 0.5284722222222222 0.8851851851851852 0.09861111111111111 0.18024691358024691
1 0.20972222222222223 0.11481481481481481 0.06388888888888888 0.10617283950617284
1 0.18055555555555555 0.7975308641975308 0.13333333333333333 0.2123456790123457
1 0.15416666666666667 0.5172839506172839 0.075 0.12098765432098765
1 0.375 0.2814814814814815 0.09444444444444444 0.14814814814814814
1 0.050694444444444445 0.854320987654321 0.09861111111111111 0.23703703703703705
1 0.45208333333333334 0.45925925925925926 0.07361111111111111 0.12839506172839507
1 0.4 0.9123456790123456 0.125 0.17037037037037037
1 0.24375 0.3234567901234568 0.10138888888888889 0.1580246913580247
1 0.3423611111111111 0.16913580246913582 0.0625 0.10123456790123457
1 0.3423611111111111 0.09135802469135802 0.06527777777777778 0.1037037037037037
1 0.2951388888888889 0.05308641975308642 0.0625 0.0962962962962963
1 0.31319444444444444 0.4160493827160494 0.0875 0.1654320987654321
1 0.01875 0.37407407407407406 0.034722222222222224 0.0962962962962963
1 0.20069444444444445 0.07777777777777778 0.08194444444444444 0.145679012345679
2 0.825 0.4345679012345679 0.09166666666666666 0.14320987654320988
2 0.7402777777777778 0.362962962962963 0.05555555555555555 0.08888888888888889
2 0.9465277777777777 0.42592592592592593 0.09861111111111111 0.15555555555555556
2 0.4777777777777778 0.837037037037037 0.06944444444444445 0.1037037037037037
2 0.7951388888888888 0.7555555555555555 0.12083333333333333 0.2074074074074074
3 0.7888888888888889 0.15925925925925927 0.1111111111111111 0.145679012345679
3 0.6319444444444444 0.3419753086419753 0.07777777777777778 0.13580246913580246
3 0.6923611111111111 0.591358024691358 0.11805555555555555 0.19012345679012346
3 0.5083333333333333 0.23703703703703705 0.075 0.11358024691358025
3 0.44166666666666665 0.18271604938271604 0.1 0.1382716049382716
3 0.5131944444444444 0.14444444444444443 0.0763888888888889 0.11604938271604938