0 0.5006944444444444 0.2234567901234568 0.06805555555555555 0.06172839506172839
0 0.42777777777777776 0.10864197530864197 0.07222222222222222 0.07407407407407407
1 0.18333333333333332 0.3493827160493827 0.08333333333333333 0.1506172839506173
1 0.8027777777777778 0.2641975308641975 0.06111111111111111 0.09876543209876543
1 0.6916666666666667 0.11975308641975309 0.044444444444444446 0.09135802469135802
1 0.8145833333333333 0.45555555555555555 0.04583333333333333 0.10123456790123457
1 0.2569444444444444 0.8444444444444444 0.08333333333333333 0.14814814814814814
1 0.14930555555555555 0.6864197530864198 0.0875 0.13333333333333333
1 0.6305555555555555 0.6024691358024692 0.07222222222222222 0.12345679012345678
1 0.3111111111111111 0.6802469135802469 0.06666666666666667 0.10617283950617284
1 0.5513888888888889 0.15925925925925927 0.04722222222222222 0.07160493827160494
1 0.6194444444444445 0.13209876543209875 0.05 0.08641975308641975
1 0.21805555555555556 0.4802469135802469 0.058333333333333334 0.0962962962962963
1 0.525 0.11975308641975309 0.04722222222222222 0.07160493827160494
1 0.016666666666666666 0.18271604938271604 0.030555555555555555 0.11358024691358025
1 0.3576388888888889 0.06790123456790123 0.04583333333333333 0.06172839506172839
1 0.23958333333333334 0.725925925925926 0.043055555555555555 0.11851851851851852
1 0.3958333333333333 0.5691358024691358 0.09444444444444444 0.145679012345679
3 0.5715277777777777 0.9234567901234568 0.09583333333333334 0.15308641975308643
3 0.9520833333333333 0.5592592592592592 0.09305555555555556 0.145679012345679
3 0.022916666666666665 0.28641975308641976 0.043055555555555555 0.08395061728395062
3 0.4284722222222222 0.6876543209876543 0.05416666666666667 0.08641975308641975
3 0.05625 0.2765432098765432 0.059722222222222225 0.12839506172839507