0 0.10138888888888889 0.5962962962962963 0.08888888888888889 0.07160493827160494
1 0.7868055555555555 0.8209876543209876 0.10138888888888889 0.1654320987654321
1 0.4909722222222222 0.6296296296296297 0.05416666666666667 0.1037037037037037
1 0.8451388888888889 0.38395061728395063 0.0625 0.0962962962962963
1 0.6777777777777778 0.11604938271604938 0.041666666666666664 0.05925925925925926
1 0.17291666666666666 0.38271604938271603 0.06527777777777778 0.10864197530864197
1 0.5826388888888889 0.09876543209876543 0.034722222222222224 0.05432098765432099
1 0.6354166666666666 0.6925925925925925 0.04583333333333333 0.10123456790123457
1 0.47638888888888886 0.43580246913580245 0.05 0.07654320987654321
1 0.8694444444444445 0.35432098765432096 0.04722222222222222 0.06666666666666667
3 0.7104166666666667 0.8308641975308642 0.08194444444444444 0.10617283950617284