1 0.17916666666666667 0.6865740740740741 0.036458333333333336 0.05462962962962963
1 0.5901041666666667 0.6925925925925925 0.0375 0.06481481481481481
1 0.54140625 0.7013888888888888 0.034895833333333334 0.062037037037037036
1 0.184375 0.5333333333333333 0.035416666666666666 0.05925925925925926
1 0.48359375 0.6337962962962963 0.04114583333333333 0.06388888888888888
1 0.4375 0.6259259259259259 0.035416666666666666 0.05555555555555555
1 0.51953125 0.6064814814814815 0.030729166666666665 0.053703703703703705
1 0.33984375 0.3421296296296296 0.03177083333333333 0.05092592592592592
1 0.7666666666666667 0.775 0.040625 0.06111111111111111
1 0.3143229166666667 0.37175925925925923 0.0296875 0.049074074074074076
1 0.8627604166666667 0.961574074074074 0.0484375 0.0712962962962963
1 0.21796875 0.6587962962962963 0.0359375 0.05648148148148148
1 0.20026041666666666 0.9152777777777777 0.04739583333333333 0.05277777777777778
1 0.22838541666666667 0.4078703703703704 0.028645833333333332 0.04351851851851852
1 0.5924479166666666 0.6083333333333333 0.030729166666666665 0.053703703703703705
1 0.5903645833333333 0.5370370370370371 0.030729166666666665 0.053703703703703705
1 0.56484375 0.5398148148148149 0.030729166666666665 0.053703703703703705
1 0.5263020833333333 0.5157407407407407 0.030729166666666665 0.053703703703703705
1 0.6169270833333333 0.4759259259259259 0.030729166666666665 0.053703703703703705
1 0.6216145833333333 0.4083333333333333 0.030729166666666665 0.053703703703703705
1 0.6794270833333333 0.46111111111111114 0.030729166666666665 0.053703703703703705
1 0.65390625 0.4222222222222222 0.030729166666666665 0.053703703703703705
1 0.6252604166666667 0.3527777777777778 0.030729166666666665 0.053703703703703705
1 0.7486979166666666 0.48703703703703705 0.030729166666666665 0.053703703703703705
1 0.8268229166666666 0.4046296296296296 0.030729166666666665 0.053703703703703705
1 0.8424479166666666 0.4305555555555556 0.030729166666666665 0.053703703703703705
1 0.13098958333333333 0.5097222222222222 0.028645833333333332 0.04351851851851852
1 0.10807291666666667 0.5032407407407408 0.028645833333333332 0.04351851851851852
1 0.11015625 0.4486111111111111 0.028645833333333332 0.04351851851851852
1 0.12994791666666666 0.4162037037037037 0.028645833333333332 0.04351851851851852
1 0.10494791666666667 0.3958333333333333 0.028645833333333332 0.04351851851851852
1 0.11588541666666667 0.36898148148148147 0.028645833333333332 0.04351851851851852
1 0.39791666666666664 0.587037037037037 0.035416666666666666 0.05555555555555555
1 0.3328125 0.5425925925925926 0.035416666666666666 0.05555555555555555