1 0.183984375 0.6541666666666667 0.037760416666666664 0.05740740740740741
1 0.268359375 0.6469907407407407 0.03463541666666667 0.05416666666666667
1 0.21588541666666666 0.819675925925926 0.0265625 0.04675925925925926
1 0.22916666666666666 0.6189814814814815 0.0296875 0.04722222222222222
1 0.4055989583333333 0.6277777777777778 0.02890625 0.04537037037037037
1 0.496484375 0.6303240740740741 0.03203125 0.04953703703703704
1 0.371875 0.6300925925925925 0.026041666666666668 0.037037037037037035
1 0.5638020833333334 0.5789351851851852 0.025520833333333333 0.04398148148148148
1 0.53984375 0.5488425925925926 0.025520833333333333 0.04398148148148148
1 0.54375 0.5164351851851852 0.025520833333333333 0.04398148148148148
1 0.61015625 0.5381944444444444 0.025520833333333333 0.04398148148148148
1 0.5885416666666666 0.43310185185185185 0.025520833333333333 0.04398148148148148
1 0.3411458333333333 0.47476851851851853 0.025520833333333333 0.04398148148148148
1 0.32109375 0.4363425925925926 0.025520833333333333 0.04398148148148148
1 0.3020833333333333 0.44699074074074074 0.025520833333333333 0.04398148148148148
1 0.16666666666666666 0.46782407407407406 0.025520833333333333 0.04398148148148148
1 0.19661458333333334 0.3127314814814815 0.025520833333333333 0.04398148148148148
1 0.1953125 0.18310185185185185 0.025520833333333333 0.04398148148148148
1 0.26953125 0.18078703703703702 0.025520833333333333 0.04398148148148148
1 0.27903645833333335 0.19953703703703704 0.018489583333333334 0.03148148148148148
1 0.35625 0.3335648148148148 0.025520833333333333 0.04398148148148148
1 0.45260416666666664 0.33587962962962964 0.025520833333333333 0.04398148148148148
1 0.5221354166666666 0.38078703703703703 0.025520833333333333 0.04398148148148148
1 0.65703125 0.4840277777777778 0.025520833333333333 0.04398148148148148
1 0.6861979166666666 0.4363425925925926 0.025520833333333333 0.04398148148148148
1 0.6930989583333333 0.36921296296296297 0.01953125 0.033796296296296297
1 0.7260416666666667 0.3645833333333333 0.019270833333333334 0.033796296296296297
1 0.6955729166666667 0.30300925925925926 0.019270833333333334 0.033796296296296297
1 0.67734375 0.2951388888888889 0.019270833333333334 0.033796296296296297
1 0.6606770833333333 0.2877314814814815 0.019270833333333334 0.033796296296296297
1 0.5966145833333333 0.3173611111111111 0.019270833333333334 0.033796296296296297
1 0.5859375 0.28680555555555554 0.019270833333333334 0.033796296296296297
1 0.5734375 0.30439814814814814 0.019270833333333334 0.033796296296296297
1 0.7669270833333334 0.33078703703703705 0.019270833333333334 0.033796296296296297
1 0.7364583333333333 0.2775462962962963 0.019270833333333334 0.033796296296296297
1 0.6770833333333334 0.22893518518518519 0.019270833333333334 0.033796296296296297
1 0.6549479166666666 0.2196759259259259 0.019270833333333334 0.033796296296296297
1 0.6059895833333333 0.21736111111111112 0.019270833333333334 0.033796296296296297
1 0.64453125 0.16412037037037036 0.019270833333333334 0.033796296296296297
1 0.5893229166666667 0.12939814814814815 0.019270833333333334 0.033796296296296297
1 0.5703125 0.18171296296296297 0.019270833333333334 0.033796296296296297
1 0.5442708333333334 0.1909722222222222 0.019270833333333334 0.033796296296296297
1 0.5002604166666667 0.22800925925925927 0.019270833333333334 0.033796296296296297
1 0.3104166666666667 0.2175925925925926 0.018229166666666668 0.03148148148148148
1 0.35052083333333334 0.21296296296296297 0.018229166666666668 0.03148148148148148
1 0.36614583333333334 0.19490740740740742 0.018229166666666668 0.03148148148148148
1 0.39348958333333334 0.18518518518518517 0.018229166666666668 0.03148148148148148
1 0.4075520833333333 0.16712962962962963 0.018229166666666668 0.03148148148148148
1 0.43723958333333335 0.17314814814814813 0.018229166666666668 0.03148148148148148
1 0.23671875 0.11712962962962963 0.018229166666666668 0.03148148148148148
1 0.28229166666666666 0.1162037037037037 0.018229166666666668 0.03148148148148148