1 0.359375 0.8375 0.04895833333333333 0.0787037037037037
1 0.5796875 0.9402777777777778 0.05 0.09351851851851851
1 0.85 0.5259259259259259 0.06145833333333333 0.08888888888888889
1 0.8244791666666667 0.6800925925925926 0.04791666666666667 0.075
1 0.7109375 0.37222222222222223 0.041666666666666664 0.06481481481481481
1 0.50703125 0.16620370370370371 0.034895833333333334 0.06018518518518518
1 0.7135416666666666 0.5277777777777778 0.036458333333333336 0.05925925925925926
1 0.6244791666666667 0.4203703703703704 0.036458333333333336 0.05740740740740741
1 0.9625 0.47824074074074074 0.046875 0.06574074074074074
1 0.6255208333333333 0.38055555555555554 0.03854166666666667 0.05
1 0.4752604166666667 0.07268518518518519 0.03802083333333333 0.05462962962962963
3 0.2630208333333333 0.27824074074074073 0.06354166666666666 0.0712962962962963