1 0.19270833333333334 0.5060185185185185 0.058854166666666666 0.09259259259259259
1 0.287890625 0.09745370370370371 0.03307291666666667 0.052314814814814814
1 0.4217447916666667 0.412962962962963 0.03359375 0.06388888888888888
1 0.45 0.1553240740740741 0.022395833333333334 0.043055555555555555
1 0.75234375 0.6717592592592593 0.06510416666666667 0.10833333333333334
1 0.7947916666666667 0.5840277777777778 0.034375 0.0625
1 0.374609375 0.30671296296296297 0.03046875 0.056018518518518516
1 0.34010416666666665 0.18009259259259258 0.03125 0.05
1 0.28515625 0.04537037037037037 0.027083333333333334 0.03888888888888889
1 0.33294270833333334 0.1449074074074074 0.02734375 0.046296296296296294
1 0.42018229166666665 0.22546296296296298 0.023177083333333334 0.04351851851851852
1 0.47369791666666666 0.4099537037037037 0.026041666666666668 0.038425925925925926
1 0.17981770833333333 0.0375 0.03046875 0.041666666666666664
1 0.9143229166666667 0.8261574074074074 0.0359375 0.07083333333333333
1 0.227734375 0.03888888888888889 0.02734375 0.03888888888888889
1 0.37330729166666665 0.05115740740740741 0.026822916666666665 0.04027777777777778
3 0.617578125 0.5594907407407408 0.05234375 0.052314814814814814
3 0.345703125 0.8650462962962963 0.05130208333333333 0.0763888888888889
3 0.03828125 0.5037037037037037 0.04479166666666667 0.05648148148148148
3 0.6674479166666667 0.4527777777777778 0.03229166666666667 0.04537037037037037
3 0.6591145833333333 0.5365740740740741 0.028645833333333332 0.03148148148148148