1 0.5309895833333333 0.31342592592592594 0.0359375 0.05277777777777778
1 0.262109375 0.42476851851851855 0.05130208333333333 0.07824074074074074
1 0.12981770833333334 0.23680555555555555 0.046614583333333334 0.06435185185185185
1 0.22669270833333333 0.66875 0.05026041666666667 0.07546296296296297
1 0.029036458333333334 0.5900462962962963 0.05182291666666667 0.08009259259259259
1 0.08190104166666666 0.5215277777777778 0.05078125 0.07268518518518519
1 0.3984375 0.12708333333333333 0.03333333333333333 0.05324074074074074
1 0.45143229166666665 0.04189814814814815 0.03567708333333333 0.052314814814814814
1 0.5908854166666667 0.36018518518518516 0.028645833333333332 0.04814814814814815
1 0.65078125 0.2 0.028645833333333332 0.04814814814814815
1 0.6091145833333333 0.19722222222222222 0.0203125 0.02962962962962963
1 0.68046875 0.425462962962963 0.0265625 0.046296296296296294
1 0.7600260416666667 0.3993055555555556 0.024739583333333332 0.04212962962962963
1 0.5873697916666667 0.12314814814814815 0.02734375 0.04722222222222222
1 0.5365885416666667 0.06666666666666667 0.02734375 0.04722222222222222
1 0.56640625 0.1986111111111111 0.027083333333333334 0.041666666666666664
1 0.6490885416666666 0.37777777777777777 0.03463541666666667 0.05277777777777778
1 0.47877604166666665 0.3699074074074074 0.02734375 0.05185185185185185
1 0.17369791666666667 0.6743055555555556 0.03802083333333333 0.05324074074074074
3 0.22135416666666666 0.21736111111111112 0.034375 0.04953703703703704
3 0.057291666666666664 0.33217592592592593 0.041666666666666664 0.055092592592592596
3 0.054947916666666666 0.12777777777777777 0.08333333333333333 0.06851851851851852
1 0.45143229166666665 0.34120370370370373 0.02734375 0.05185185185185185
1 0.7846354166666667 0.387037037037037 0.020833333333333332 0.03333333333333333
1 0.68515625 0.3314814814814815 0.020833333333333332 0.03333333333333333
1 0.7325520833333333 0.26944444444444443 0.020833333333333332 0.03333333333333333
1 0.75234375 0.23703703703703705 0.020833333333333332 0.03333333333333333
1 0.7841145833333333 0.20879629629629629 0.020833333333333332 0.03333333333333333
1 0.7825520833333334 0.17546296296296296 0.020833333333333332 0.03333333333333333
1 0.7359375 0.1375 0.020833333333333332 0.03333333333333333
1 0.771875 0.12222222222222222 0.020833333333333332 0.03333333333333333
1 0.7971354166666667 0.13472222222222222 0.020833333333333332 0.03333333333333333
1 0.840625 0.14444444444444443 0.020833333333333332 0.03333333333333333
1 0.8770833333333333 0.16620370370370371 0.020833333333333332 0.03333333333333333
1 0.8850260416666667 0.2275462962962963 0.017447916666666667 0.02638888888888889
1 0.903515625 0.25625 0.017447916666666667 0.02638888888888889
1 0.865234375 0.26689814814814816 0.017447916666666667 0.02638888888888889
1 0.872265625 0.33402777777777776 0.017447916666666667 0.02638888888888889
1 0.8592447916666667 0.36226851851851855 0.017447916666666667 0.02638888888888889
1 0.832421875 0.3298611111111111 0.017447916666666667 0.02638888888888889
1 0.8420572916666667 0.1951388888888889 0.017447916666666667 0.02638888888888889
1 0.9201822916666667 0.2196759259259259 0.017447916666666667 0.02638888888888889
1 0.953515625 0.2886574074074074 0.017447916666666667 0.02638888888888889
1 0.9118489583333333 0.4321759259259259 0.017447916666666667 0.02638888888888889
1 0.9326822916666667 0.4386574074074074 0.017447916666666667 0.02638888888888889
1 0.901953125 0.4673611111111111 0.017447916666666667 0.02638888888888889
1 0.9055989583333334 0.3715277777777778 0.017447916666666667 0.02638888888888889
1 0.8147135416666667 0.2011574074074074 0.017447916666666667 0.02638888888888889
1 0.60859375 0.18055555555555555 0.0203125 0.02962962962962963
1 0.5557291666666667 0.10324074074074074 0.0203125 0.02962962962962963
1 0.625 0.10601851851851851 0.0203125 0.02962962962962963
1 0.5813802083333334 0.06365740740740741 0.026302083333333334 0.034722222222222224
1 0.5063802083333333 0.02199074074074074 0.026302083333333334 0.034722222222222224
1 0.561328125 0.017592592592592594 0.026302083333333334 0.03425925925925926
1 0.5989583333333334 0.04560185185185185 0.018229166666666668 0.027314814814814816
1 0.6026041666666667 0.02060185185185185 0.018229166666666668 0.027314814814814816
1 0.6380208333333334 0.019675925925925927 0.018229166666666668 0.027314814814814816
1 0.6630208333333333 0.03125 0.018229166666666668 0.027314814814814816
1 0.6690104166666667 0.052083333333333336 0.018229166666666668 0.027314814814814816