0 0.4979166666666667 0.32098765432098764 0.15416666666666667 0.11358024691358025
0 0.39305555555555555 0.14938271604938272 0.13055555555555556 0.13580246913580246
0 0.29791666666666666 0.5555555555555556 0.13472222222222222 0.14320987654320988
0 0.6444444444444445 0.5135802469135803 0.15555555555555556 0.20246913580246914
0 0.3590277777777778 0.03333333333333333 0.10138888888888889 0.06666666666666667
0 0.4326388888888889 0.5950617283950618 0.059722222222222225 0.16296296296296298
0 0.45625 0.5469135802469136 0.07916666666666666 0.08148148148148149
1 0.17152777777777778 0.13950617283950617 0.10138888888888889 0.17037037037037037
1 0.022222222222222223 0.5876543209876544 0.044444444444444446 0.1728395061728395
2 0.8548611111111111 0.6345679012345679 0.059722222222222225 0.0691358024691358
3 0.36666666666666664 0.4222222222222222 0.10833333333333334 0.15308641975308643
3 0.10138888888888889 0.7283950617283951 0.14444444444444443 0.23703703703703705
3 0.7541666666666667 0.745679012345679 0.13055555555555556 0.26666666666666666
3 0.1597222222222222 0.3592592592592593 0.10277777777777777 0.17037037037037037
3 0.875 0.754320987654321 0.1361111111111111 0.24938271604938272
3 0.24861111111111112 0.2962962962962963 0.09722222222222222 0.16296296296296298
3 0.20277777777777778 0.9148148148148149 0.08611111111111111 0.1308641975308642