1 0.28194444444444444 0.20246913580246914 0.06111111111111111 0.10864197530864197
1 0.175 0.891358024691358 0.08055555555555556 0.15308641975308643
1 0.30277777777777776 0.04938271604938271 0.05277777777777778 0.07407407407407407
1 0.34791666666666665 0.10740740740740741 0.04861111111111111 0.08641975308641975
1 0.34444444444444444 0.5160493827160494 0.07222222222222222 0.12345679012345678
1 0.36875 0.9111111111111111 0.09305555555555556 0.1382716049382716
1 0.48819444444444443 0.2518518518518518 0.06527777777777778 0.1037037037037037
1 0.2659722222222222 0.5851851851851851 0.06805555555555555 0.10864197530864197
1 0.8465277777777778 0.15679012345679014 0.05694444444444444 0.07160493827160494
3 0.2861111111111111 0.7037037037037037 0.07777777777777778 0.12345679012345678
3 0.15347222222222223 0.562962962962963 0.0875 0.12345679012345678
3 0.06875 0.7913580246913581 0.10416666666666667 0.15555555555555556
3 0.225 0.5370370370370371 0.06388888888888888 0.10617283950617284
1 0.65625 0.09506172839506173 0.05694444444444444 0.07160493827160494