1 0.6235677083333333 0.20277777777777778 0.03723958333333333 0.06018518518518518
1 0.8134114583333333 0.3613425925925926 0.04401041666666667 0.06898148148148148
1 0.232421875 0.3476851851851852 0.05390625 0.07685185185185185
1 0.6798177083333333 0.23819444444444443 0.03359375 0.0587962962962963
1 0.53671875 0.3696759259259259 0.03802083333333333 0.0625
1 0.7225260416666667 0.24375 0.029947916666666668 0.04953703703703704
1 0.4842447916666667 0.2835648148148148 0.04088541666666667 0.06805555555555555
1 0.66640625 0.17800925925925926 0.028645833333333332 0.04953703703703704
1 0.5731770833333333 0.07453703703703704 0.03125 0.05277777777777778
1 0.09700520833333333 0.3939814814814815 0.053385416666666664 0.0787037037037037
1 0.6850260416666667 0.4173611111111111 0.03307291666666667 0.055092592592592596
1 0.451171875 0.09212962962962963 0.03567708333333333 0.05648148148148148
1 0.26705729166666664 0.41087962962962965 0.04453125 0.0699074074074074
1 0.5424479166666667 0.07662037037037037 0.0265625 0.047685185185185185
1 0.8186197916666667 0.262037037037037 0.029947916666666668 0.04722222222222222
1 0.5973958333333333 0.12083333333333333 0.0203125 0.03518518518518519
1 0.666796875 0.4761574074074074 0.032552083333333336 0.050462962962962966
3 0.601171875 0.4305555555555556 0.03567708333333333 0.06296296296296296
3 0.5744791666666667 0.3189814814814815 0.021875 0.03518518518518519
3 0.9919270833333333 0.37962962962962965 0.016666666666666666 0.028703703703703703