0 0.2798611111111111 0.03950617283950617 0.12361111111111112 0.07407407407407407
1 0.1451388888888889 0.12962962962962962 0.14583333333333334 0.21975308641975308
1 0.7430555555555556 0.2641975308641975 0.175 0.3802469135802469
1 0.70625 0.8469135802469135 0.14027777777777778 0.23209876543209876
1 0.3333333333333333 0.46296296296296297 0.17222222222222222 0.22469135802469137
1 0.3451388888888889 0.8679012345679012 0.12916666666666668 0.20987654320987653
1 0.13680555555555557 0.38395061728395063 0.1763888888888889 0.2740740740740741
1 0.5486111111111112 0.6209876543209877 0.21944444444444444 0.22962962962962963
1 0.06944444444444445 0.9530864197530864 0.10277777777777777 0.09382716049382717
1 0.2659722222222222 0.6012345679012345 0.11527777777777778 0.17037037037037037
1 0.2777777777777778 0.03950617283950617 0.12222222222222222 0.07407407407407407
1 0.6006944444444444 0.6 0.1125 0.1925925925925926
1 0.03611111111111111 0.08765432098765433 0.06944444444444445 0.17037037037037037
3 0.5590277777777778 0.4012345679012346 0.2791666666666667 0.4271604938271605
3 0.60625 0.8975308641975308 0.10416666666666667 0.19506172839506172
3 0.11736111111111111 0.7012345679012346 0.09305555555555556 0.15308641975308643
0 0.16458333333333333 0.9296296296296296 0.07361111111111111 0.145679012345679
1 0.03263888888888889 0.32098765432098764 0.0625 0.11851851851851852
1 0.03263888888888889 0.21481481481481482 0.0625 0.11851851851851852