0 0.409375 0.4638888888888889 0.08854166666666667 0.1111111111111111
0 0.5411458333333333 0.4912037037037037 0.084375 0.10277777777777777
1 0.5671875 0.8833333333333333 0.05 0.07962962962962963
1 0.5184895833333333 0.7439814814814815 0.03697916666666667 0.062037037037037036
1 0.7953125 0.9185185185185185 0.051041666666666666 0.07407407407407407
1 0.45234375 0.8041666666666667 0.04114583333333333 0.06759259259259259
1 0.4471354166666667 0.736574074074074 0.03802083333333333 0.06018518518518518
1 0.38645833333333335 0.9041666666666667 0.075 0.10462962962962963
1 0.5864583333333333 0.8013888888888889 0.035416666666666666 0.062037037037037036
1 0.09921875 0.3675925925925926 0.0703125 0.1111111111111111
1 0.5765625 0.4134259259259259 0.029166666666666667 0.049074074074074076
1 0.6309895833333333 0.39490740740740743 0.0296875 0.058333333333333334
1 0.6799479166666667 0.65 0.034895833333333334 0.05925925925925926
1 0.2830729166666667 0.47453703703703703 0.0390625 0.06388888888888888
1 0.6611979166666667 0.9768518518518519 0.07552083333333333 0.04259259259259259
1 0.3536458333333333 0.5828703703703704 0.028125 0.049074074074074076
1 0.53828125 0.274537037037037 0.024479166666666666 0.041666666666666664
3 0.30364583333333334 0.5166666666666667 0.04583333333333333 0.08518518518518518