0 0.49309895833333334 0.5527777777777778 0.08046875 0.11481481481481481
1 0.40989583333333335 0.1574074074074074 0.03229166666666667 0.05092592592592592
1 0.9311197916666667 0.11736111111111111 0.04296875 0.056018518518518516
1 0.5842447916666667 0.1761574074074074 0.05286458333333333 0.07268518518518519
1 0.17213541666666668 0.3101851851851852 0.0453125 0.044444444444444446
3 0.6114583333333333 0.5229166666666667 0.06927083333333334 0.06805555555555555
3 0.80078125 0.418287037037037 0.0609375 0.050462962962962966
3 0.45846354166666664 0.4134259259259259 0.06328125 0.08333333333333333
3 0.21861979166666667 0.32175925925925924 0.05859375 0.04814814814814815
3 0.7829427083333333 0.34699074074074077 0.05703125 0.04675925925925926
3 0.6904947916666667 0.3337962962962963 0.04088541666666667 0.04259259259259259