1 0.11736111111111111 0.937037037037037 0.1125 0.12098765432098765
1 0.40069444444444446 0.46296296296296297 0.05416666666666667 0.08641975308641975
1 0.3902777777777778 0.5888888888888889 0.06111111111111111 0.10123456790123457
1 0.8854166666666666 0.7901234567901234 0.059722222222222225 0.10864197530864197
1 0.2701388888888889 0.43209876543209874 0.05138888888888889 0.09876543209876543
1 0.9506944444444444 0.4 0.07361111111111111 0.10864197530864197
1 0.18263888888888888 0.5888888888888889 0.07361111111111111 0.12098765432098765
1 0.34305555555555556 0.37037037037037035 0.06388888888888888 0.10864197530864197
3 0.19305555555555556 0.9037037037037037 0.06944444444444445 0.09382716049382717
3 0.22430555555555556 0.774074074074074 0.0625 0.0962962962962963
3 0.25555555555555554 0.9666666666666667 0.09166666666666666 0.056790123456790124