0 0.4486111111111111 0.18888888888888888 0.125 0.11604938271604938
0 0.3284722222222222 0.5135802469135803 0.09027777777777778 0.25679012345679014
0 0.7951388888888888 0.23703703703703705 0.2569444444444444 0.16790123456790124
0 0.4201388888888889 0.5456790123456791 0.20416666666666666 0.25679012345679014
0 0.80625 0.4444444444444444 0.1125 0.1925925925925926
0 0.6291666666666667 0.6135802469135803 0.175 0.3037037037037037
0 0.6923611111111111 0.8320987654320988 0.21805555555555556 0.3160493827160494
0 0.6111111111111112 0.3506172839506173 0.19722222222222222 0.18765432098765433
0 0.8534722222222222 0.6074074074074074 0.2875 0.2419753086419753
0 0.8152777777777778 0.825925925925926 0.25555555555555554 0.3530864197530864
0 0.7236111111111111 0.05802469135802469 0.11388888888888889 0.1111111111111111
0 0.4736111111111111 0.28888888888888886 0.16111111111111112 0.2271604938271605
0 0.5604166666666667 0.4222222222222222 0.11527777777777778 0.14320987654320988
0 0.7368055555555556 0.1814814814814815 0.21805555555555556 0.1654320987654321
0 0.9236111111111112 0.5 0.15 0.4222222222222222
0 0.47430555555555554 0.38395061728395063 0.09583333333333334 0.10123456790123457
1 0.6333333333333333 0.11481481481481481 0.1 0.13580246913580246
1 0.9416666666666667 0.8950617283950617 0.11388888888888889 0.2
2 0.9409722222222222 0.8925925925925926 0.11805555555555555 0.20493827160493827
0 0.6208333333333333 0.19135802469135801 0.125 0.11604938271604938