0 0.8972222222222223 0.5222222222222223 0.06111111111111111 0.2
0 0.2569444444444444 0.22098765432098766 0.15555555555555556 0.32839506172839505
1 0.6826388888888889 0.6753086419753086 0.1125 0.18024691358024691
1 0.375 0.8407407407407408 0.12222222222222222 0.18024691358024691
1 0.27361111111111114 0.6938271604938272 0.125 0.2419753086419753
1 0.04236111111111111 0.8308641975308642 0.08194444444444444 0.32839506172839505
1 0.9763888888888889 0.9308641975308642 0.04722222222222222 0.1382716049382716
1 0.14305555555555555 0.937037037037037 0.09444444444444444 0.1259259259259259
1 0.9784722222222222 0.5382716049382716 0.043055555555555555 0.19753086419753085
3 0.55625 0.22839506172839505 0.14027777777777778 0.24444444444444444
3 0.5354166666666667 0.4617283950617284 0.09583333333333334 0.16790123456790124
3 0.9104166666666667 0.9197530864197531 0.11527777777777778 0.16049382716049382
3 0.1951388888888889 0.3333333333333333 0.15138888888888888 0.2962962962962963
3 0.38125 0.1506172839506173 0.12638888888888888 0.2419753086419753
3 0.8402777777777778 0.4419753086419753 0.07222222222222222 0.14814814814814814
3 0.5791666666666667 0.6407407407407407 0.09722222222222222 0.20987654320987653