1 0.6486111111111111 0.7530864197530864 0.04722222222222222 0.07901234567901234
1 0.6354166666666666 0.6197530864197531 0.04583333333333333 0.07901234567901234
1 0.8909722222222223 0.7950617283950617 0.06527777777777778 0.08395061728395062
1 0.36736111111111114 0.5469135802469136 0.043055555555555555 0.06666666666666667
1 0.39791666666666664 0.6839506172839506 0.04861111111111111 0.09382716049382717
1 0.9486111111111111 0.908641975308642 0.10277777777777777 0.14814814814814814
1 0.41041666666666665 0.5172839506172839 0.04027777777777778 0.056790123456790124
1 0.7263888888888889 0.5135802469135803 0.044444444444444446 0.06419753086419754
1 0.0375 0.4382716049382716 0.07222222222222222 0.10617283950617284
1 0.46597222222222223 0.6209876543209877 0.043055555555555555 0.08148148148148149
1 0.9840277777777777 0.6407407407407407 0.03194444444444444 0.08641975308641975
1 0.5638888888888889 0.5444444444444444 0.044444444444444446 0.07654320987654321
1 0.6694444444444444 0.2641975308641975 0.041666666666666664 0.07407407407407407
1 0.5847222222222223 0.20864197530864198 0.03611111111111111 0.06666666666666667
1 0.5652777777777778 0.7790123456790123 0.044444444444444446 0.07654320987654321
1 0.8083333333333333 0.4111111111111111 0.058333333333333334 0.08641975308641975
3 0.7784722222222222 0.6790123456790124 0.05138888888888889 0.0691358024691358
3 0.5854166666666667 0.8814814814814815 0.04583333333333333 0.07901234567901234
3 0.46041666666666664 0.9506172839506173 0.06527777777777778 0.09876543209876543
3 0.08888888888888889 0.5407407407407407 0.06388888888888888 0.07901234567901234
3 0.74375 0.6283950617283951 0.05138888888888889 0.06172839506172839