0 0.8715277777777778 0.3111111111111111 0.06527777777777778 0.16790123456790124
1 0.7326388888888888 0.1765432098765432 0.05138888888888889 0.07654320987654321
1 0.7208333333333333 0.554320987654321 0.1111111111111111 0.19012345679012346
1 0.8118055555555556 0.6975308641975309 0.10972222222222222 0.17037037037037037
1 0.5201388888888889 0.2777777777777778 0.05416666666666667 0.09135802469135802
1 0.6263888888888889 0.19135802469135801 0.04722222222222222 0.07654320987654321
1 0.38680555555555557 0.7024691358024692 0.12361111111111112 0.20987654320987653
1 0.6222222222222222 0.6679012345679012 0.058333333333333334 0.17530864197530865
1 0.7736111111111111 0.24938271604938272 0.05277777777777778 0.09876543209876543
1 0.17847222222222223 0.9641975308641976 0.10972222222222222 0.06666666666666667
1 0.6680555555555555 0.15679012345679014 0.041666666666666664 0.06172839506172839
1 0.5611111111111111 0.26049382716049385 0.044444444444444446 0.08148148148148149
3 0.9631944444444445 0.26666666666666666 0.06805555555555555 0.14320987654320988
3 0.5104166666666666 0.408641975308642 0.05138888888888889 0.06666666666666667