1 0.15911458333333334 0.5740740740740741 0.03333333333333333 0.05
1 0.426953125 0.5527777777777778 0.02890625 0.04814814814814815
1 0.43502604166666664 0.36157407407407405 0.027864583333333335 0.04351851851851852
1 0.2591145833333333 0.6446759259259259 0.034375 0.05416666666666667
1 0.6149739583333333 0.35347222222222224 0.023697916666666666 0.04212962962962963
1 0.44361979166666665 0.6555555555555556 0.03046875 0.046296296296296294
1 0.062890625 0.6157407407407407 0.039322916666666666 0.06666666666666667
1 0.6647135416666666 0.4310185185185185 0.02734375 0.05
1 0.8553385416666667 0.4689814814814815 0.026822916666666665 0.04259259259259259
1 0.080859375 0.7368055555555556 0.03203125 0.047685185185185185
1 0.8747395833333333 0.5069444444444444 0.0296875 0.049074074074074076
1 0.7567708333333333 0.5511574074074074 0.029166666666666667 0.04861111111111111
1 0.06536458333333334 0.5025462962962963 0.0390625 0.055092592592592596
1 0.745703125 0.2638888888888889 0.027864583333333335 0.046296296296296294
1 0.1109375 0.36944444444444446 0.034375 0.05277777777777778
1 0.22161458333333334 0.31805555555555554 0.029166666666666667 0.046296296296296294
1 0.47291666666666665 0.49212962962962964 0.024479166666666666 0.03796296296296296
1 0.5889322916666667 0.33194444444444443 0.027864583333333335 0.04351851851851852
1 0.5311197916666667 0.28703703703703703 0.027864583333333335 0.04351851851851852
1 0.5165364583333333 0.26851851851851855 0.027864583333333335 0.04351851851851852
1 0.6334635416666666 0.28564814814814815 0.027864583333333335 0.04351851851851852
1 0.23723958333333334 0.24768518518518517 0.029166666666666667 0.046296296296296294
1 0.10625 0.2625 0.029166666666666667 0.046296296296296294
1 0.92890625 0.5152777777777777 0.0296875 0.049074074074074076
1 0.9854166666666667 0.49675925925925923 0.0296875 0.049074074074074076
1 0.9328125 0.4398148148148148 0.0296875 0.049074074074074076
1 0.8684895833333334 0.4305555555555556 0.0296875 0.049074074074074076
1 0.8408854166666667 0.38101851851851853 0.0296875 0.049074074074074076
1 0.83203125 0.33564814814814814 0.0296875 0.049074074074074076
1 0.8162760416666667 0.30300925925925926 0.02578125 0.03657407407407407
1 0.8486979166666667 0.2967592592592593 0.0296875 0.049074074074074076
1 0.890625 0.33819444444444446 0.020833333333333332 0.0375
1 0.9576822916666666 0.31180555555555556 0.02109375 0.03657407407407407
1 0.9447916666666667 0.27708333333333335 0.021354166666666667 0.0375
1 0.6875 0.2972222222222222 0.0296875 0.049074074074074076