1 0.45902777777777776 0.5567901234567901 0.05694444444444444 0.0962962962962963
1 0.7333333333333333 0.16790123456790124 0.044444444444444446 0.0691358024691358
1 0.18263888888888888 0.03580246913580247 0.07361111111111111 0.06666666666666667
1 0.9652777777777778 0.13950617283950617 0.05277777777777778 0.0962962962962963
1 0.3388888888888889 0.23703703703703705 0.05555555555555555 0.14814814814814814
3 0.07152777777777777 0.3037037037037037 0.09027777777777778 0.12839506172839507
3 0.7625 0.5419753086419753 0.08055555555555556 0.17530864197530865
3 0.7555555555555555 0.3506172839506173 0.04722222222222222 0.08395061728395062
3 0.05 0.16296296296296298 0.058333333333333334 0.07407407407407407
3 0.7222222222222222 0.04197530864197531 0.05555555555555555 0.07407407407407407
3 0.625 0.08518518518518518 0.05 0.07160493827160494