1 0.3854166666666667 0.5606481481481481 0.04635416666666667 0.07314814814814814
1 0.038671875 0.4703703703703704 0.05234375 0.0712962962962963
1 0.17747395833333332 0.5 0.040364583333333336 0.05277777777777778
1 0.46393229166666666 0.3715277777777778 0.04296875 0.06435185185185185
1 0.6134114583333333 0.4599537037037037 0.04088541666666667 0.06620370370370371
1 0.24114583333333334 0.6953703703703704 0.044270833333333336 0.0712962962962963
1 0.6526041666666667 0.3449074074074074 0.030208333333333334 0.049074074074074076
1 0.07265625 0.18611111111111112 0.03697916666666667 0.058333333333333334
1 0.0359375 0.8881944444444444 0.06666666666666667 0.10231481481481482
1 0.16119791666666666 0.32569444444444445 0.049479166666666664 0.06527777777777778
1 0.24622395833333333 0.13680555555555557 0.03619791666666667 0.05416666666666667
1 0.42330729166666664 0.19282407407407406 0.03203125 0.04490740740740741
1 0.287109375 0.34976851851851853 0.04453125 0.0699074074074074
1 0.883203125 0.4724537037037037 0.029427083333333333 0.04861111111111111
1 0.46875 0.24282407407407408 0.034895833333333334 0.055092592592592596
1 0.7442708333333333 0.3854166666666667 0.025520833333333333 0.04490740740740741
1 0.7166666666666667 0.34421296296296294 0.025 0.043055555555555555
1 0.580078125 0.2988425925925926 0.029427083333333333 0.04675925925925926
1 0.37473958333333335 0.12916666666666668 0.03854166666666667 0.06018518518518518
1 0.4979166666666667 0.23425925925925925 0.023958333333333335 0.041666666666666664
1 0.489453125 0.26944444444444443 0.02109375 0.03981481481481482
3 0.4649739583333333 0.29074074074074074 0.04088541666666667 0.05
3 0.32890625 0.23541666666666666 0.03697916666666667 0.04212962962962963
3 0.34518229166666664 0.39375 0.04192708333333333 0.05694444444444444
3 0.03411458333333333 0.6504629629629629 0.06666666666666667 0.09907407407407408
3 0.018880208333333332 0.18912037037037038 0.03723958333333333 0.06527777777777778
3 0.7748697916666667 0.3747685185185185 0.03046875 0.03657407407407407
1 0.981640625 0.4761574074074074 0.029427083333333333 0.04861111111111111
1 0.947265625 0.44699074074074074 0.029427083333333333 0.04861111111111111
1 0.8904947916666667 0.4085648148148148 0.029427083333333333 0.04861111111111111
1 0.8247395833333333 0.35833333333333334 0.028125 0.03425925925925926
1 0.80234375 0.3351851851851852 0.028125 0.03425925925925926
1 0.7462239583333333 0.2900462962962963 0.01796875 0.02824074074074074
1 0.734765625 0.27847222222222223 0.01796875 0.02824074074074074
1 0.7102864583333334 0.2377314814814815 0.01796875 0.02824074074074074
1 0.6470052083333333 0.3053240740740741 0.01796875 0.02824074074074074
1 0.6287760416666667 0.28541666666666665 0.01796875 0.02824074074074074
1 0.5897135416666667 0.18217592592592594 0.01796875 0.02824074074074074
1 0.5368489583333333 0.18819444444444444 0.01796875 0.02824074074074074
1 0.829296875 0.22060185185185185 0.01796875 0.02824074074074074
1 0.579296875 0.26875 0.01796875 0.02824074074074074