1 0.24583333333333332 0.6654320987654321 0.12222222222222222 0.15555555555555556
1 0.8048611111111111 0.6962962962962963 0.09305555555555556 0.11358024691358025
1 0.47291666666666665 0.050617283950617285 0.07083333333333333 0.0962962962962963
1 0.9743055555555555 0.7654320987654321 0.05138888888888889 0.11358024691358025
1 0.6534722222222222 0.645679012345679 0.07361111111111111 0.10123456790123457
1 0.5118055555555555 0.18024691358024691 0.06527777777777778 0.10864197530864197
1 0.01875 0.11851851851851852 0.034722222222222224 0.1037037037037037
3 0.48541666666666666 0.2814814814814815 0.0763888888888889 0.12839506172839507
3 0.5298611111111111 0.7728395061728395 0.0875 0.14320987654320988
3 0.22777777777777777 0.9407407407407408 0.09444444444444444 0.10864197530864197
3 0.8409722222222222 0.6407407407407407 0.10416666666666667 0.12098765432098765
3 0.42083333333333334 0.6493827160493827 0.08611111111111111 0.1382716049382716
3 0.9368055555555556 0.662962962962963 0.0875 0.10123456790123457