1 0.7567708333333333 0.37199074074074073 0.04479166666666667 0.07268518518518519
1 0.4549479166666667 0.32013888888888886 0.04010416666666667 0.06805555555555555
1 0.2171875 0.18194444444444444 0.04791666666666667 0.0712962962962963
1 0.7571614583333334 0.17592592592592593 0.027864583333333335 0.04722222222222222
1 0.28880208333333335 0.2074074074074074 0.0375 0.06481481481481481
1 0.3279947916666667 0.5030092592592592 0.04505208333333333 0.07361111111111111
1 0.125 0.4305555555555556 0.051041666666666666 0.07592592592592592
1 0.9811197916666666 0.3337962962962963 0.03515625 0.06018518518518518
1 0.9220052083333333 0.29791666666666666 0.029947916666666668 0.04583333333333333
1 0.3287760416666667 0.41782407407407407 0.032552083333333336 0.055092592592592596
1 0.26223958333333336 0.1414351851851852 0.0296875 0.052314814814814814
1 0.11497395833333333 0.026157407407407407 0.04505208333333333 0.05138888888888889
1 0.3360677083333333 0.20810185185185184 0.027864583333333335 0.04861111111111111
1 0.16158854166666667 0.07916666666666666 0.02734375 0.04351851851851852
1 0.42213541666666665 0.19699074074074074 0.01875 0.027314814814814816
1 0.23333333333333334 0.07777777777777778 0.033854166666666664 0.03796296296296296
3 0.17291666666666666 0.3451388888888889 0.029166666666666667 0.04490740740740741
3 0.16783854166666667 0.4060185185185185 0.04140625 0.04722222222222222
3 0.23098958333333333 0.47662037037037036 0.04583333333333333 0.08009259259259259
3 0.58203125 0.2935185185185185 0.020833333333333332 0.03333333333333333
3 0.7013020833333333 0.5643518518518519 0.030208333333333334 0.03796296296296296
1 0.912890625 0.16597222222222222 0.01796875 0.02824074074074074
1 0.83046875 0.17777777777777778 0.022916666666666665 0.027777777777777776
1 0.6955729166666667 0.23194444444444445 0.022916666666666665 0.027777777777777776
1 0.6438802083333334 0.11967592592592592 0.021614583333333333 0.029166666666666667
1 0.62578125 0.12129629629629629 0.016666666666666666 0.027777777777777776
1 0.6326822916666667 0.07314814814814814 0.01171875 0.021296296296296296
1 0.615234375 0.06944444444444445 0.01171875 0.021296296296296296
1 0.8299479166666667 0.17685185185185184 0.022916666666666665 0.027777777777777776
1 0.931640625 0.16782407407407407 0.01796875 0.02824074074074074
1 0.6072916666666667 0.5840277777777778 0.025520833333333333 0.04490740740740741
1 0.43125 0.21597222222222223 0.01875 0.027314814814814816