1 0.5777777777777777 0.40617283950617283 0.06111111111111111 0.09135802469135802
1 0.6409722222222223 0.5024691358024691 0.07083333333333333 0.12098765432098765
1 0.5097222222222222 0.5111111111111111 0.06666666666666667 0.10864197530864197
1 0.5527777777777778 0.18518518518518517 0.03888888888888889 0.0691358024691358
1 0.7194444444444444 0.22098765432098766 0.05 0.09135802469135802
1 0.6465277777777778 0.1345679012345679 0.04027777777777778 0.06666666666666667
1 0.6798611111111111 0.22962962962962963 0.05694444444444444 0.10864197530864197
1 0.6729166666666667 0.19506172839506172 0.05694444444444444 0.08888888888888889
3 0.45694444444444443 0.645679012345679 0.058333333333333334 0.08148148148148149
3 0.45069444444444445 0.5530864197530864 0.0625 0.09382716049382717
3 0.5361111111111111 0.4222222222222222 0.05 0.07901234567901234
3 0.3611111111111111 0.5135802469135803 0.06666666666666667 0.1037037037037037
3 0.49930555555555556 0.36666666666666664 0.043055555555555555 0.056790123456790124
1 0.51875 0.16790123456790124 0.029166666666666667 0.06419753086419754