1 0.271875 0.7430555555555556 0.05416666666666667 0.08425925925925926
1 0.9888020833333333 0.3416666666666667 0.0234375 0.08888888888888889
1 0.80234375 0.4023148148148148 0.06302083333333333 0.08425925925925926
1 0.7184895833333333 0.5513888888888889 0.058854166666666666 0.08981481481481482
1 0.62578125 0.7833333333333333 0.059895833333333336 0.09074074074074075
1 0.6768229166666667 0.6921296296296297 0.0609375 0.08055555555555556
1 0.5184895833333333 0.5680555555555555 0.06614583333333333 0.1175925925925926
1 0.328125 0.7680555555555556 0.078125 0.11574074074074074
3 0.8703125 0.46111111111111114 0.04375 0.05925925925925926
3 0.7966145833333333 0.5236111111111111 0.06927083333333334 0.10277777777777777
3 0.73046875 0.3921296296296296 0.04010416666666667 0.09351851851851851
3 0.5380208333333333 0.9638888888888889 0.057291666666666664 0.07407407407407407
3 0.5065104166666666 0.6365740740740741 0.05677083333333333 0.075
3 0.3026041666666667 0.6833333333333333 0.07083333333333333 0.09074074074074075