1 0.83671875 0.7976851851851852 0.08072916666666667 0.125
1 0.8455729166666667 0.637962962962963 0.06510416666666667 0.1
1 0.8205729166666667 0.9486111111111111 0.09739583333333333 0.09907407407407408
1 0.4791666666666667 0.18888888888888888 0.0375 0.07037037037037037
1 0.47994791666666664 0.11712962962962963 0.0421875 0.075
1 0.40625 0.8152777777777778 0.036458333333333336 0.058333333333333334
3 0.22890625 0.6444444444444445 0.07239583333333334 0.12222222222222222
3 0.08177083333333333 0.08425925925925926 0.09895833333333333 0.13148148148148148
3 0.09791666666666667 0.6407407407407407 0.075 0.11666666666666667
3 0.7044270833333334 0.8935185185185185 0.08489583333333334 0.0962962962962963
3 0.5645833333333333 0.4925925925925926 0.06041666666666667 0.08333333333333333
3 0.49947916666666664 0.4222222222222222 0.06458333333333334 0.08148148148148149
3 0.30807291666666664 0.687962962962963 0.0609375 0.1
3 0.5533854166666666 0.4324074074074074 0.059895833333333336 0.08333333333333333
3 0.4317708333333333 0.3138888888888889 0.058333333333333334 0.1037037037037037
3 0.8830729166666667 0.4726851851851852 0.059895833333333336 0.06388888888888888
0 0.7403645833333333 0.5009259259259259 0.050520833333333334 0.1037037037037037