3 0.8143229166666667 0.09074074074074075 0.06197916666666667 0.08333333333333333
2 0.08229166666666667 0.6018518518518519 0.042708333333333334 0.05
2 0.48984375 0.1571759259259259 0.05 0.04398148148148148
2 0.45559895833333336 0.2414351851851852 0.031510416666666666 0.027314814814814816
2 0.4713541666666667 0.2724537037037037 0.04010416666666667 0.043055555555555555
2 0.37161458333333336 0.3351851851851852 0.03697916666666667 0.03981481481481482
2 0.42669270833333334 0.3574074074074074 0.04921875 0.058333333333333334
2 0.42747395833333335 0.45555555555555555 0.04921875 0.06296296296296296
2 0.369921875 0.5141203703703704 0.06588541666666667 0.10601851851851851
2 0.4290364583333333 0.2793981481481482 0.039322916666666666 0.04027777777777778
3 0.6032552083333333 0.8486111111111111 0.11276041666666667 0.19166666666666668
3 0.21341145833333333 0.7050925925925926 0.07317708333333334 0.12129629629629629
3 0.112109375 0.780787037037037 0.11484375 0.15601851851851853
3 0.65234375 0.38819444444444445 0.07864583333333333 0.12268518518518519
3 0.69453125 0.23796296296296296 0.09895833333333333 0.15185185185185185
3 0.7942708333333334 0.16666666666666666 0.10520833333333333 0.1287037037037037
3 0.9407552083333334 0.08564814814814815 0.09869791666666666 0.13333333333333333
3 0.46848958333333335 0.5270833333333333 0.078125 0.05138888888888889
3 0.26783854166666665 0.5113425925925926 0.048177083333333336 0.04861111111111111
3 0.06588541666666667 0.30162037037037037 0.09010416666666667 0.056018518518518516
3 0.07708333333333334 0.38958333333333334 0.0578125 0.08287037037037037
0 0.43268229166666666 0.7506944444444444 0.09505208333333333 0.12453703703703704
2 0.6390625 0.9668981481481481 0.09270833333333334 0.06712962962962964
2 0.14622395833333332 0.5962962962962963 0.061197916666666664 0.05277777777777778
2 0.22395833333333334 0.5664351851851852 0.044270833333333336 0.03009259259259259