0 0.8131944444444444 0.7037037037037037 0.07083333333333333 0.1728395061728395
1 0.5597222222222222 0.7851851851851852 0.1 0.16790123456790124
1 0.5861111111111111 0.6691358024691358 0.08333333333333333 0.13333333333333333
1 0.38819444444444445 0.41358024691358025 0.0625 0.10123456790123457
1 0.5486111111111112 0.04197530864197531 0.06666666666666667 0.07901234567901234
1 0.08194444444444444 0.5395061728395062 0.06944444444444445 0.12098765432098765
1 0.3326388888888889 0.5148148148148148 0.06805555555555555 0.10123456790123457
1 0.19583333333333333 0.6296296296296297 0.05555555555555555 0.09382716049382717
1 0.24722222222222223 0.12469135802469136 0.058333333333333334 0.10617283950617284
3 0.7055555555555556 0.6814814814814815 0.1 0.1382716049382716
3 0.24930555555555556 0.7271604938271605 0.0625 0.08641975308641975
3 0.3298611111111111 0.4123456790123457 0.0625 0.09382716049382717
3 0.46805555555555556 0.3037037037037037 0.05277777777777778 0.07901234567901234
3 0.4076388888888889 0.5222222222222223 0.06805555555555555 0.10617283950617284
3 0.13819444444444445 0.43580246913580245 0.0625 0.0962962962962963