1 0.23046875 0.7733796296296296 0.050520833333333334 0.08101851851851852
1 0.6315104166666666 0.5905092592592592 0.035416666666666666 0.04953703703703704
1 0.25546875 0.6092592592592593 0.03958333333333333 0.053703703703703705
1 0.185546875 0.5958333333333333 0.03307291666666667 0.044444444444444446
1 0.5662760416666667 0.5356481481481481 0.03307291666666667 0.05
1 0.445703125 0.5168981481481482 0.031510416666666666 0.047685185185185185
1 0.46953125 0.625462962962963 0.046875 0.05925925925925926
1 0.24244791666666668 0.5511574074074074 0.030729166666666665 0.043055555555555555
1 0.2994791666666667 0.6541666666666667 0.033854166666666664 0.044444444444444446
1 0.25677083333333334 0.6916666666666667 0.04010416666666667 0.05648148148148148
1 0.6864583333333333 0.5854166666666667 0.035416666666666666 0.04490740740740741
1 0.30221354166666664 0.5340277777777778 0.023177083333333334 0.03194444444444444
1 0.21380208333333334 0.4997685185185185 0.025 0.03657407407407407
3 0.49973958333333335 0.6180555555555556 0.033854166666666664 0.03981481481481482
1 0.25390625 0.5136574074074074 0.025 0.03657407407407407
1 0.23880208333333333 0.4900462962962963 0.025 0.03657407407407407
1 0.28229166666666666 0.5094907407407407 0.025 0.03657407407407407
1 0.30911458333333336 0.48541666666666666 0.025 0.03657407407407407
1 0.38046875 0.5155092592592593 0.025 0.03657407407407407
1 0.38255208333333335 0.47939814814814813 0.025 0.03657407407407407
1 0.35911458333333335 0.47847222222222224 0.025 0.03657407407407407
1 0.4908854166666667 0.5340277777777778 0.025 0.03657407407407407
1 0.54609375 0.4238425925925926 0.025 0.03657407407407407
1 0.6091145833333333 0.39467592592592593 0.025 0.03657407407407407
1 0.6122395833333333 0.3821759259259259 0.025 0.03657407407407407
1 0.6463541666666667 0.3905092592592593 0.025 0.03657407407407407
1 0.646875 0.29467592592592595 0.025 0.03657407407407407
1 0.54140625 0.27291666666666664 0.025 0.03657407407407407
1 0.5776041666666667 0.3178240740740741 0.025 0.03657407407407407
1 0.5369791666666667 0.3210648148148148 0.025 0.03657407407407407
1 0.49322916666666666 0.32060185185185186 0.025 0.03657407407407407
1 0.597265625 0.5532407407407407 0.03307291666666667 0.05
1 0.12434895833333333 0.5643518518518519 0.03307291666666667 0.044444444444444446
1 0.083203125 0.5597222222222222 0.03307291666666667 0.044444444444444446
1 0.8092447916666666 0.4587962962962963 0.03307291666666667 0.044444444444444446
1 0.7147135416666667 0.41388888888888886 0.03307291666666667 0.044444444444444446