0 0.36736111111111114 0.6185185185185185 0.15138888888888888 0.10123456790123457
0 0.059027777777777776 0.5259259259259259 0.11527777777777778 0.1037037037037037
0 0.5520833333333334 0.6987654320987654 0.0875 0.08888888888888889
0 0.64375 0.9049382716049382 0.06527777777777778 0.18518518518518517
0 0.09861111111111111 0.6987654320987654 0.19444444444444445 0.17777777777777778
1 0.10138888888888889 0.7246913580246913 0.06388888888888888 0.09135802469135802
1 0.6743055555555556 0.717283950617284 0.043055555555555555 0.06666666666666667
1 0.7256944444444444 0.7148148148148148 0.04027777777777778 0.06172839506172839
1 0.24027777777777778 0.9543209876543209 0.08888888888888889 0.08641975308641975
1 0.22777777777777777 0.47160493827160493 0.03888888888888889 0.06419753086419754
1 0.6979166666666666 0.6197530864197531 0.034722222222222224 0.05925925925925926
1 0.6958333333333333 0.4839506172839506 0.05 0.0691358024691358
3 0.7152777777777778 0.8654320987654321 0.1 0.15555555555555556
3 0.04236111111111111 0.3160493827160494 0.07916666666666666 0.08888888888888889