0 0.49375 0.6864197530864198 0.08194444444444444 0.19753086419753085
0 0.36041666666666666 0.4012345679012346 0.08472222222222223 0.14074074074074075
0 0.6347222222222222 0.8962962962962963 0.058333333333333334 0.1580246913580247
1 0.10069444444444445 0.7185185185185186 0.1125 0.18271604938271604
1 0.7701388888888889 0.24691358024691357 0.07083333333333333 0.14814814814814814
1 0.2125 0.40370370370370373 0.09166666666666666 0.1654320987654321
1 0.37083333333333335 0.14074074074074075 0.058333333333333334 0.1037037037037037
1 0.6861111111111111 0.6308641975308642 0.14444444444444443 0.21975308641975308
1 0.2611111111111111 0.10123456790123457 0.06944444444444445 0.12345679012345678
1 0.11041666666666666 0.05432098765432099 0.07361111111111111 0.1037037037037037
3 0.44583333333333336 0.6493827160493827 0.08888888888888889 0.1580246913580247
0 0.13055555555555556 0.908641975308642 0.11666666666666667 0.18765432098765433
0 0.17569444444444443 0.9469135802469136 0.0763888888888889 0.1111111111111111