3 0.40703125 0.48541666666666666 0.035416666666666666 0.05694444444444444
2 0.61171875 0.175 0.03125 0.028703703703703703
2 0.6704427083333333 0.14212962962962963 0.03307291666666667 0.04259259259259259
3 0.815234375 0.030555555555555555 0.06536458333333334 0.05740740740740741
3 0.8252604166666667 0.1622685185185185 0.1125 0.08009259259259259
3 0.93828125 0.20925925925925926 0.12291666666666666 0.09166666666666666
3 0.7041666666666667 0.3111111111111111 0.08125 0.13148148148148148
3 0.6688802083333333 0.42453703703703705 0.10703125 0.17314814814814813
3 0.5967447916666667 0.3701388888888889 0.08515625 0.09861111111111111
3 0.508203125 0.4740740740740741 0.09817708333333333 0.18333333333333332
3 0.028255208333333334 0.8150462962962963 0.055989583333333336 0.12453703703703704
3 0.30520833333333336 0.5891203703703703 0.04895833333333333 0.06712962962962964
3 0.4471354166666667 0.3875 0.06614583333333333 0.11574074074074074
3 0.36796875 0.5881944444444445 0.058854166666666666 0.08009259259259259
3 0.21223958333333334 0.7657407407407407 0.07239583333333334 0.12314814814814815
3 0.29192708333333334 0.7287037037037037 0.05625 0.06296296296296296
3 0.4173177083333333 0.6935185185185185 0.06432291666666666 0.1962962962962963
3 0.356640625 0.7506944444444444 0.05546875 0.12731481481481483
3 0.29518229166666665 0.8157407407407408 0.07734375 0.12314814814814815
3 0.3390625 0.8523148148148149 0.044270833333333336 0.11018518518518519
3 0.34817708333333336 0.9231481481481482 0.04010416666666667 0.15462962962962962
3 0.13020833333333334 0.9590277777777778 0.059375 0.08287037037037037
3 0.03528645833333333 0.9375 0.06588541666666667 0.1259259259259259
3 0.2811197916666667 0.9402777777777778 0.08932291666666667 0.12037037037037036
0 0.5216145833333333 0.6398148148148148 0.09270833333333334 0.2861111111111111
2 0.17565104166666667 0.5990740740740741 0.04921875 0.058333333333333334
3 0.112890625 0.43125 0.05546875 0.05138888888888889
3 0.5907552083333333 0.2375 0.06015625 0.0787037037037037