1 0.5885416666666666 0.7777777777777778 0.1 0.12222222222222222
1 0.3528645833333333 0.6611111111111111 0.0828125 0.1111111111111111
1 0.16015625 0.8 0.0953125 0.10555555555555556
1 0.3958333333333333 0.5166666666666667 0.12916666666666668 0.21296296296296297
1 0.45755208333333336 0.11574074074074074 0.1359375 0.21666666666666667
1 0.5885416666666666 0.9296296296296296 0.09479166666666666 0.12222222222222222
1 0.56796875 0.9041666666666667 0.05572916666666667 0.07314814814814814
3 0.240625 0.07685185185185185 0.13125 0.15185185185185185
3 0.4236979166666667 0.29444444444444445 0.13385416666666666 0.18333333333333332
3 0.1109375 0.33425925925925926 0.16145833333333334 0.23333333333333334
3 0.9044270833333333 0.7375 0.08072916666666667 0.09351851851851851
3 0.75390625 0.044444444444444446 0.06197916666666667 0.08703703703703704
3 0.9619791666666667 0.6050925925925926 0.041666666666666664 0.058333333333333334