1 0.36666666666666664 0.9277777777777778 0.11145833333333334 0.14074074074074075
1 0.48776041666666664 0.3726851851851852 0.08697916666666666 0.14351851851851852
1 0.15390625 0.4203703703703704 0.0796875 0.12962962962962962
1 0.60859375 0.03287037037037037 0.05364583333333333 0.06574074074074074
1 0.7895833333333333 0.25416666666666665 0.06979166666666667 0.11018518518518519
1 0.8690104166666667 0.03287037037037037 0.06302083333333333 0.06388888888888888
3 0.3859375 0.2800925925925926 0.07395833333333333 0.08981481481481482
3 0.21875 0.0824074074074074 0.08958333333333333 0.0962962962962963
3 0.5859375 0.6611111111111111 0.071875 0.10185185185185185
3 0.33177083333333335 0.14074074074074075 0.06041666666666667 0.07962962962962963
3 0.6096354166666667 0.15787037037037038 0.06614583333333333 0.08796296296296297
3 0.73046875 0.14305555555555555 0.07447916666666667 0.09166666666666666