1 0.6875 0.291358024691358 0.058333333333333334 0.09382716049382717
1 0.3388888888888889 0.774074074074074 0.07222222222222222 0.13580246913580246
1 0.21458333333333332 0.3567901234567901 0.10138888888888889 0.18024691358024691
1 0.10416666666666667 0.05432098765432099 0.08611111111111111 0.1037037037037037
1 0.775 0.028395061728395062 0.06388888888888888 0.056790123456790124
1 0.44166666666666665 0.16790123456790124 0.04722222222222222 0.07901234567901234
1 0.10625 0.19382716049382717 0.07361111111111111 0.1308641975308642
1 0.07430555555555556 0.6283950617283951 0.1486111111111111 0.21975308641975308
1 0.5395833333333333 0.32839506172839505 0.0763888888888889 0.12839506172839507
3 0.2923611111111111 0.9222222222222223 0.1125 0.1506172839506173
3 0.5868055555555556 0.6703703703703704 0.0763888888888889 0.1259259259259259
3 0.3472222222222222 0.5555555555555556 0.08611111111111111 0.10864197530864197
3 0.30416666666666664 0.662962962962963 0.075 0.11604938271604938
3 0.04097222222222222 0.21975308641975308 0.08194444444444444 0.09382716049382717
3 0.46319444444444446 0.42592592592592593 0.043055555555555555 0.06172839506172839