0 0.5298611111111111 0.928395061728395 0.09027777777777778 0.09876543209876543
0 0.1875 0.1962962962962963 0.07777777777777778 0.11604938271604938
0 0.4409722222222222 0.7358024691358025 0.059722222222222225 0.15308641975308643
0 0.37083333333333335 0.528395061728395 0.08055555555555556 0.15308641975308643
1 0.425 0.9135802469135802 0.08611111111111111 0.1728395061728395
1 0.21666666666666667 0.3493827160493827 0.058333333333333334 0.09135802469135802
1 0.1076388888888889 0.2 0.06805555555555555 0.1037037037037037
1 0.1326388888888889 0.37777777777777777 0.0625 0.11851851851851852
1 0.3590277777777778 0.06419753086419754 0.08194444444444444 0.11358024691358025
1 0.5076388888888889 0.2074074074074074 0.06527777777777778 0.11358024691358025
3 0.5736111111111111 0.8123456790123457 0.08333333333333333 0.15308641975308643
3 0.7319444444444444 0.6518518518518519 0.08333333333333333 0.11851851851851852
3 0.03888888888888889 0.07037037037037037 0.07777777777777778 0.08641975308641975
3 0.18125 0.345679012345679 0.04583333333333333 0.09382716049382717
3 0.04375 0.15925925925925927 0.06527777777777778 0.08148148148148149