1 0.4153645833333333 0.8458333333333333 0.04739583333333333 0.08055555555555556
1 0.2947916666666667 0.7407407407407407 0.04791666666666667 0.08518518518518518
1 0.10598958333333333 0.5342592592592592 0.044270833333333336 0.07222222222222222
1 0.12994791666666666 0.5986111111111111 0.0390625 0.06018518518518518
1 0.67578125 0.6699074074074074 0.0328125 0.058333333333333334
1 0.7244791666666667 0.6638888888888889 0.034375 0.05740740740740741
1 0.97109375 0.8444444444444444 0.04010416666666667 0.06851851851851852
1 0.6130208333333333 0.6291666666666667 0.030208333333333334 0.05277777777777778
1 0.33932291666666664 0.42407407407407405 0.033854166666666664 0.05555555555555555
1 0.16692708333333334 0.9708333333333333 0.07135416666666666 0.05092592592592592
1 0.5567708333333333 0.5023148148148148 0.027083333333333334 0.04351851851851852
1 0.6846354166666667 0.5773148148148148 0.0265625 0.04537037037037037
1 0.47708333333333336 0.4263888888888889 0.027083333333333334 0.04537037037037037
1 0.31979166666666664 0.3592592592592593 0.028125 0.044444444444444446
3 0.31354166666666666 0.812962962962963 0.053125 0.07222222222222222
3 0.29010416666666666 0.95 0.07291666666666667 0.09444444444444444
3 0.5799479166666667 0.9611111111111111 0.04635416666666667 0.07222222222222222
3 0.4864583333333333 0.725462962962963 0.052083333333333336 0.08425925925925926
1 0.3151041666666667 0.4439814814814815 0.041666666666666664 0.04722222222222222
1 0.7463541666666667 0.6277777777777778 0.025 0.03888888888888889
1 0.6981770833333333 0.4134259259259259 0.030729166666666665 0.05462962962962963
1 0.8734375 0.662962962962963 0.025 0.03888888888888889
1 0.8143229166666667 0.3578703703703704 0.021354166666666667 0.03981481481481482
1 0.83359375 0.34675925925925927 0.021354166666666667 0.03981481481481482