1 0.973828125 0.4449074074074074 0.046614583333333334 0.08055555555555556
1 0.24049479166666668 0.6474537037037037 0.05130208333333333 0.0837962962962963
1 0.188671875 0.625462962962963 0.05286458333333333 0.10648148148148148
1 0.4563802083333333 0.11319444444444444 0.05390625 0.0912037037037037
1 0.8501302083333333 0.1414351851851852 0.03723958333333333 0.07083333333333333
1 0.6283854166666667 0.9497685185185185 0.06354166666666666 0.10138888888888889
1 0.54765625 0.9650462962962963 0.05625 0.06527777777777778
1 0.28515625 0.9645833333333333 0.05364583333333333 0.06898148148148148
1 0.10924479166666666 0.3106481481481482 0.06901041666666667 0.10555555555555556
1 0.7920572916666667 0.1613425925925926 0.05390625 0.08194444444444444
1 0.8748697916666667 0.5571759259259259 0.053385416666666664 0.056018518518518516
1 0.7643229166666666 0.0849537037037037 0.05260416666666667 0.07546296296296297
3 0.5494791666666666 0.3699074074074074 0.046875 0.0824074074074074
3 0.6162760416666667 0.034027777777777775 0.05286458333333333 0.06712962962962964
3 0.6805989583333333 0.43495370370370373 0.04765625 0.0763888888888889
3 0.75546875 0.44513888888888886 0.04114583333333333 0.06157407407407407