1 0.46640625 0.9324074074074075 0.05677083333333333 0.1037037037037037
1 0.9736979166666667 0.7787037037037037 0.0484375 0.08148148148148149
1 0.16171875 0.7587962962962963 0.0578125 0.10092592592592593
1 0.8372395833333334 0.9680555555555556 0.05677083333333333 0.058333333333333334
1 0.4635416666666667 0.5425925925925926 0.03229166666666667 0.05185185185185185
1 0.3703125 0.5314814814814814 0.03125 0.05
3 0.59453125 0.8245370370370371 0.050520833333333334 0.07314814814814814
3 0.24713541666666666 0.6486111111111111 0.06197916666666667 0.08055555555555556
1 0.503125 0.5518518518518518 0.03229166666666667 0.05185185185185185
1 0.5401041666666667 0.5981481481481481 0.03229166666666667 0.05185185185185185
0 0.5005208333333333 0.8935185185185185 0.07604166666666666 0.05