1 0.365234375 0.1574074074074074 0.07682291666666667 0.12777777777777777
1 0.67109375 0.2847222222222222 0.04375 0.0787037037037037
1 0.5244791666666667 0.12222222222222222 0.0421875 0.06574074074074074
1 0.8408854166666667 0.51875 0.041666666666666664 0.0625
1 0.7016927083333333 0.3509259259259259 0.03567708333333333 0.05648148148148148
1 0.5079427083333333 0.060648148148148145 0.032552083333333336 0.05185185185185185
1 0.8416666666666667 0.4703703703703704 0.0453125 0.07592592592592592
1 0.7346354166666667 0.3506944444444444 0.0359375 0.05787037037037037
1 0.8920572916666667 0.3784722222222222 0.03463541666666667 0.05416666666666667
1 0.8877604166666667 0.22592592592592592 0.0265625 0.04351851851851852
1 0.8309895833333333 0.1613425925925926 0.023958333333333335 0.0375
1 0.8106770833333333 0.13217592592592592 0.019270833333333334 0.029166666666666667
1 0.7981770833333334 0.0824074074074074 0.021354166666666667 0.03148148148148148
1 0.7755208333333333 0.08009259259259259 0.021354166666666667 0.03148148148148148
1 0.7651041666666667 0.11296296296296296 0.021354166666666667 0.03148148148148148
1 0.7861979166666667 0.29097222222222224 0.01875 0.027314814814814816
1 0.8600260416666666 0.2655092592592593 0.022135416666666668 0.033796296296296297