0 0.5395833333333333 0.8234567901234567 0.05694444444444444 0.1654320987654321
0 0.14166666666666666 0.8839506172839506 0.06666666666666667 0.2271604938271605
1 0.33055555555555555 0.35432098765432096 0.058333333333333334 0.10617283950617284
1 0.2569444444444444 0.8160493827160494 0.08333333333333333 0.14074074074074075
1 0.5333333333333333 0.21728395061728395 0.058333333333333334 0.09382716049382717
1 0.4423611111111111 0.7296296296296296 0.06805555555555555 0.11604938271604938
1 0.19583333333333333 0.3074074074074074 0.06944444444444445 0.1111111111111111
1 0.4388888888888889 0.022222222222222223 0.06111111111111111 0.044444444444444446
3 0.6861111111111111 0.2271604938271605 0.058333333333333334 0.08395061728395062
3 0.27152777777777776 0.6172839506172839 0.06527777777777778 0.10864197530864197
3 0.6194444444444445 0.38395061728395063 0.05277777777777778 0.07654320987654321
3 0.3111111111111111 0.48271604938271606 0.05555555555555555 0.09135802469135802
3 0.5965277777777778 0.7703703703703704 0.0625 0.07407407407407407
3 0.4979166666666667 0.9530864197530864 0.07916666666666666 0.09382716049382717
3 0.3472222222222222 0.8185185185185185 0.06944444444444445 0.10617283950617284
3 0.8986111111111111 0.8839506172839506 0.08333333333333333 0.1382716049382716