0 0.9256510416666667 0.530787037037037 0.14088541666666668 0.14212962962962963
1 0.7727864583333334 0.6243055555555556 0.11848958333333333 0.18194444444444444
1 0.805859375 0.4708333333333333 0.11848958333333333 0.17962962962962964
1 0.8049479166666667 0.8465277777777778 0.10260416666666666 0.17546296296296296
1 0.9126302083333333 0.3363425925925926 0.12526041666666668 0.1726851851851852
1 0.7557291666666667 0.9555555555555556 0.109375 0.08148148148148149
1 0.6860677083333333 0.8483796296296297 0.12421875 0.22175925925925927
1 0.8908854166666667 0.6891203703703703 0.12239583333333333 0.20972222222222223
1 0.9653645833333333 0.5782407407407407 0.0671875 0.17407407407407408
1 0.9188802083333333 0.868287037037037 0.13255208333333332 0.21712962962962962
2 0.603515625 0.4300925925925926 0.07369791666666667 0.11018518518518519
2 0.7154947916666666 0.44837962962962963 0.03984375 0.04027777777777778
2 0.6515625 0.6053240740740741 0.0515625 0.06620370370370371
3 0.4075520833333333 0.6932870370370371 0.1109375 0.15694444444444444