0 0.68359375 0.7814814814814814 0.05572916666666667 0.12222222222222222
1 0.23411458333333332 0.8074074074074075 0.07760416666666667 0.11666666666666667
1 0.3802083333333333 0.6185185185185185 0.05625 0.0962962962962963
1 0.6111979166666667 0.274537037037037 0.034895833333333334 0.058333333333333334
1 0.8041666666666667 0.7546296296296297 0.053125 0.08518518518518518
1 0.85234375 0.8976851851851851 0.0609375 0.09907407407407408
1 0.66484375 0.3425925925925926 0.033854166666666664 0.05555555555555555
1 0.76953125 0.524074074074074 0.04114583333333333 0.06666666666666667
1 0.7911458333333333 0.850462962962963 0.05416666666666667 0.08611111111111111
1 0.5596354166666667 0.4722222222222222 0.0390625 0.06481481481481481
1 0.52890625 0.17037037037037037 0.033854166666666664 0.053703703703703705
1 0.9739583333333334 0.4439814814814815 0.046875 0.08425925925925926
1 0.6026041666666667 0.4009259259259259 0.034375 0.05925925925925926
1 0.40286458333333336 0.1837962962962963 0.03697916666666667 0.0712962962962963
1 0.18984375 0.9722222222222222 0.07760416666666667 0.05185185185185185
1 0.3299479166666667 0.14444444444444443 0.0296875 0.05555555555555555
3 0.40572916666666664 0.7560185185185185 0.065625 0.09351851851851851
1 0.4861979166666667 0.1712962962962963 0.033854166666666664 0.053703703703703705
1 0.48984375 0.12962962962962962 0.033854166666666664 0.053703703703703705
0 0.20755208333333333 0.7384259259259259 0.12447916666666667 0.07685185185185185
0 0.3776041666666667 0.6722222222222223 0.08020833333333334 0.12222222222222222