1 0.4674479166666667 0.6958333333333333 0.05260416666666667 0.075
1 0.26640625 0.9356481481481481 0.05364583333333333 0.10092592592592593
1 0.6192708333333333 0.7967592592592593 0.07708333333333334 0.13055555555555556
1 0.8986979166666667 0.6324074074074074 0.05364583333333333 0.08703703703703704
1 0.79296875 0.48518518518518516 0.04010416666666667 0.05925925925925926
1 0.103125 0.7754629629629629 0.046875 0.06759259259259259
1 0.3625 0.4981481481481482 0.036458333333333336 0.05555555555555555
1 0.85 0.4759259259259259 0.040625 0.06851851851851852
1 0.36380208333333336 0.28379629629629627 0.033854166666666664 0.04722222222222222
1 0.19036458333333334 0.4064814814814815 0.0421875 0.05555555555555555
1 0.38671875 0.36064814814814816 0.0328125 0.04722222222222222
1 0.6252604166666667 0.38564814814814813 0.033854166666666664 0.05277777777777778
1 0.12135416666666667 0.4273148148148148 0.03125 0.04537037037037037
1 0.4700520833333333 0.27824074074074073 0.027604166666666666 0.04351851851851852
1 0.31197916666666664 0.29259259259259257 0.025 0.04259259259259259
1 0.7768229166666667 0.2212962962962963 0.0296875 0.044444444444444446
1 0.6075520833333333 0.20925925925925926 0.03177083333333333 0.04814814814814815
3 0.32447916666666665 0.799537037037037 0.08541666666666667 0.12129629629629629
1 0.36380208333333336 0.24861111111111112 0.027604166666666666 0.032407407407407406