0 0.8340277777777778 0.7222222222222222 0.09027777777777778 0.07654320987654321
0 0.3770833333333333 0.7567901234567901 0.05138888888888889 0.09135802469135802
0 0.5770833333333333 0.7518518518518519 0.08194444444444444 0.08641975308641975
1 0.34652777777777777 0.837037037037037 0.05694444444444444 0.08888888888888889
1 0.4576388888888889 0.654320987654321 0.04861111111111111 0.07407407407407407
1 0.2625 0.6518518518518519 0.044444444444444446 0.07901234567901234
1 0.016666666666666666 0.6358024691358025 0.030555555555555555 0.08641975308641975
3 0.09861111111111111 0.8851851851851852 0.058333333333333334 0.09135802469135802
3 0.6777777777777778 0.49506172839506174 0.05 0.06666666666666667
1 0.425 0.3345679012345679 0.027777777777777776 0.04691358024691358
0 0.4395833333333333 0.6074074074074074 0.059722222222222225 0.04938271604938271