0 0.4652777777777778 0.8493827160493828 0.1361111111111111 0.10864197530864197
0 0.8791666666666667 0.6432098765432098 0.07777777777777778 0.2
0 0.7361111111111112 0.35432098765432096 0.08888888888888889 0.1308641975308642
0 0.10833333333333334 0.6246913580246913 0.1111111111111111 0.10864197530864197
0 0.3298611111111111 0.9185185185185185 0.06527777777777778 0.1580246913580247
1 0.6298611111111111 0.06419753086419754 0.10138888888888889 0.12345679012345678
1 0.05416666666666667 0.3271604938271605 0.10555555555555556 0.17037037037037037
1 0.3375 0.6074074074074074 0.09166666666666666 0.13333333333333333
1 0.8263888888888888 0.21975308641975308 0.11388888888888889 0.2123456790123457
1 0.6506944444444445 0.6024691358024692 0.059722222222222225 0.09876543209876543
1 0.04722222222222222 0.8580246913580247 0.09444444444444444 0.2839506172839506