0 0.8033854166666666 0.6671296296296296 0.10260416666666666 0.24537037037037038
0 0.5427083333333333 0.7416666666666667 0.12708333333333333 0.1425925925925926
0 0.6864583333333333 0.10787037037037037 0.05625 0.058333333333333334
1 0.5403645833333334 0.3578703703703704 0.04114583333333333 0.06944444444444445
1 0.7848958333333333 0.13148148148148148 0.035416666666666666 0.05555555555555555
1 0.73984375 0.13194444444444445 0.030729166666666665 0.05462962962962963
1 0.35598958333333336 0.5421296296296296 0.05260416666666667 0.09537037037037037
1 0.24244791666666668 0.2986111111111111 0.03697916666666667 0.05462962962962963
1 0.5294270833333333 0.2462962962962963 0.0359375 0.05740740740740741
1 0.5166666666666667 0.1935185185185185 0.029166666666666667 0.044444444444444446
1 0.3106770833333333 0.2861111111111111 0.028645833333333332 0.046296296296296294
1 0.5973958333333333 0.16157407407407406 0.028125 0.041666666666666664
3 0.6940104166666666 0.16620370370370371 0.04010416666666667 0.04351851851851852