1 0.5966145833333333 0.5828703703703704 0.049479166666666664 0.075
1 0.8661458333333333 0.25601851851851853 0.05520833333333333 0.07685185185185185
1 0.5895833333333333 0.6791666666666667 0.04791666666666667 0.08055555555555556
1 0.6494791666666667 0.1476851851851852 0.04791666666666667 0.06574074074074074
1 0.22786458333333334 0.6416666666666667 0.04010416666666667 0.06666666666666667
1 0.9140625 0.09583333333333334 0.06979166666666667 0.09351851851851851
1 0.47421875 0.8319444444444445 0.050520833333333334 0.08425925925925926
1 0.2640625 0.7412037037037037 0.035416666666666666 0.05648148148148148
1 0.20260416666666667 0.5949074074074074 0.03333333333333333 0.05648148148148148
1 0.42864583333333334 0.8388888888888889 0.04895833333333333 0.08888888888888889
1 0.19114583333333332 0.6685185185185185 0.030208333333333334 0.05185185185185185
3 0.65234375 0.6509259259259259 0.07135416666666666 0.1111111111111111
3 0.15598958333333332 0.6310185185185185 0.05364583333333333 0.09537037037037037