0 0.28671875 0.8893518518518518 0.08177083333333333 0.2064814814814815
0 0.6223958333333334 0.7217592592592592 0.146875 0.14166666666666666
1 0.32109375 0.29398148148148145 0.04739583333333333 0.0824074074074074
1 0.04375 0.1125 0.059375 0.09537037037037037
1 0.6958333333333333 0.25324074074074077 0.036458333333333336 0.058333333333333334
1 0.575 0.3314814814814815 0.03958333333333333 0.06666666666666667
1 0.024739583333333332 0.31574074074074077 0.0484375 0.11296296296296296
3 0.04010416666666667 0.8148148148148148 0.078125 0.1425925925925926
3 0.40390625 0.5675925925925925 0.08697916666666666 0.1388888888888889
3 0.28098958333333335 0.5041666666666667 0.09947916666666666 0.15092592592592594
3 0.5369791666666667 0.49212962962962964 0.0875 0.12685185185185185
3 0.67109375 0.5583333333333333 0.10989583333333333 0.1962962962962963
3 0.7572916666666667 0.5787037037037037 0.109375 0.2111111111111111
3 0.8984375 0.8495370370370371 0.08854166666666667 0.14537037037037037
3 0.2638020833333333 0.34814814814814815 0.08072916666666667 0.07407407407407407