0 0.4791666666666667 0.4012345679012346 0.10277777777777777 0.0962962962962963
0 0.4895833333333333 0.2506172839506173 0.08194444444444444 0.10617283950617284
1 0.3506944444444444 0.9222222222222223 0.13194444444444445 0.1506172839506173
1 0.2791666666666667 0.09012345679012346 0.05555555555555555 0.08641975308641975
1 0.11666666666666667 0.18024691358024691 0.1 0.14814814814814814
1 0.4513888888888889 0.22962962962962963 0.04722222222222222 0.08395061728395062
1 0.4375 0.14444444444444443 0.044444444444444446 0.07654320987654321
1 0.44305555555555554 0.06419753086419754 0.044444444444444446 0.07901234567901234
1 0.42430555555555555 0.4728395061728395 0.06527777777777778 0.1259259259259259
3 0.4486111111111111 0.6172839506172839 0.08611111111111111 0.12839506172839507
3 0.5333333333333333 0.5012345679012346 0.08055555555555556 0.11358024691358025