0 0.49444444444444446 0.09753086419753086 0.15 0.12098765432098765
0 0.7319444444444444 0.8419753086419753 0.1388888888888889 0.25679012345679014
0 0.6416666666666667 0.2975308641975309 0.1527777777777778 0.19506172839506172
0 0.3013888888888889 0.3419753086419753 0.1361111111111111 0.1506172839506173
1 0.025694444444444443 0.3691358024691358 0.04861111111111111 0.18518518518518517
3 0.85625 0.5061728395061729 0.12638888888888888 0.2518518518518518
3 0.12916666666666668 0.48518518518518516 0.14444444444444443 0.2691358024691358
3 0.7465277777777778 0.5012345679012346 0.12638888888888888 0.2518518518518518
3 0.16041666666666668 0.1271604938271605 0.13194444444444445 0.2
3 0.36875 0.2123456790123457 0.09583333333333334 0.1580246913580247
3 0.2604166666666667 0.09753086419753086 0.11527777777777778 0.16049382716049382