1 0.1840277777777778 0.8592592592592593 0.08472222222222223 0.1382716049382716
1 0.4465277777777778 0.3345679012345679 0.04861111111111111 0.08641975308641975
1 0.3645833333333333 0.4604938271604938 0.04861111111111111 0.07160493827160494
1 0.79375 0.8160493827160494 0.05416666666666667 0.09135802469135802
1 0.11041666666666666 0.571604938271605 0.06805555555555555 0.0962962962962963
1 0.9291666666666667 0.5111111111111111 0.044444444444444446 0.07407407407407407
1 0.5013888888888889 0.48518518518518516 0.041666666666666664 0.07160493827160494
1 0.7451388888888889 0.4617283950617284 0.0375 0.0691358024691358
1 0.8027777777777778 0.9703703703703703 0.058333333333333334 0.06419753086419754
3 0.325 0.9222222222222223 0.06111111111111111 0.10617283950617284
3 0.6138888888888889 0.6790123456790124 0.044444444444444446 0.06419753086419754
3 0.13472222222222222 0.6493827160493827 0.05277777777777778 0.06419753086419754
3 0.5027777777777778 0.9407407407407408 0.05277777777777778 0.11358024691358025
3 0.44722222222222224 0.49382716049382713 0.044444444444444446 0.06419753086419754
1 0.6236111111111111 0.2345679012345679 0.041666666666666664 0.06419753086419754
1 0.7263888888888889 0.3530864197530864 0.041666666666666664 0.06419753086419754
1 0.8236111111111111 0.4123456790123457 0.041666666666666664 0.06419753086419754
1 0.8902777777777777 0.27901234567901234 0.041666666666666664 0.06419753086419754