1 0.3546875 0.5115740740740741 0.07291666666666667 0.13240740740740742
1 0.64609375 0.0712962962962963 0.050520833333333334 0.08148148148148149
1 0.8802083333333334 0.21388888888888888 0.053125 0.0962962962962963
1 0.7731770833333333 0.888425925925926 0.0515625 0.07685185185185185
1 0.7427083333333333 0.15462962962962962 0.06458333333333334 0.10925925925925926
1 0.5734375 0.5314814814814814 0.07083333333333333 0.1037037037037037
1 0.5708333333333333 0.025925925925925925 0.04895833333333333 0.05
1 0.6731770833333334 0.5847222222222223 0.05260416666666667 0.09351851851851851
1 0.7114583333333333 0.6106481481481482 0.051041666666666666 0.09166666666666666
1 0.9703125 0.07777777777777778 0.046875 0.07407407407407407
1 0.9671875 0.15833333333333333 0.053125 0.0962962962962963