1 0.4947916666666667 0.2625 0.0875 0.13240740740740742
1 0.46171875 0.0763888888888889 0.04010416666666667 0.062037037037037036
1 0.39140625 0.15 0.0515625 0.06851851851851852
1 0.6981770833333333 0.28194444444444444 0.04114583333333333 0.06018518518518518
1 0.85234375 0.23564814814814813 0.033854166666666664 0.05277777777777778
3 0.28619791666666666 0.6708333333333333 0.1171875 0.1824074074074074
3 0.41953125 0.30833333333333335 0.14114583333333333 0.16666666666666666
3 0.48411458333333335 0.8458333333333333 0.23802083333333332 0.30092592592592593
3 0.5684895833333333 0.17916666666666667 0.0609375 0.0824074074074074
3 0.6885416666666667 0.35833333333333334 0.09895833333333333 0.08703703703703704
3 0.19270833333333334 0.37083333333333335 0.14583333333333334 0.20277777777777778
3 0.04921875 0.950462962962963 0.09739583333333333 0.08981481481481482
3 0.5096354166666667 0.04722222222222222 0.05677083333333333 0.07037037037037037