1 0.43307291666666664 0.6564814814814814 0.044270833333333336 0.05740740740740741
1 0.6161458333333333 0.48842592592592593 0.030208333333333334 0.05
1 0.9377604166666667 0.45717592592592593 0.03177083333333333 0.027314814814814816
1 0.6561197916666667 0.5365740740740741 0.020572916666666666 0.025925925925925925
1 0.8889322916666667 0.45694444444444443 0.03046875 0.05277777777777778
1 0.6251302083333333 0.5594907407407408 0.030989583333333334 0.052314814814814814
1 0.8307291666666666 0.43495370370370373 0.021354166666666667 0.034722222222222224
3 0.8225260416666667 0.49212962962962964 0.04453125 0.04537037037037037
0 0.5356770833333333 0.5152777777777777 0.05 0.03425925925925926
0 0.415625 0.5027777777777778 0.04010416666666667 0.03148148148148148
1 0.6657552083333333 0.5162037037037037 0.020572916666666666 0.025925925925925925
1 0.664453125 0.4976851851851852 0.020572916666666666 0.025925925925925925
1 0.6826822916666667 0.5152777777777777 0.020572916666666666 0.025925925925925925
1 0.690234375 0.49675925925925923 0.020572916666666666 0.025925925925925925
0 0.6471354166666666 0.48055555555555557 0.04010416666666667 0.03148148148148148
1 0.86640625 0.4844907407407407 0.021354166666666667 0.034722222222222224