1 0.25555555555555554 0.20246913580246914 0.05277777777777778 0.07901234567901234
1 0.4791666666666667 0.891358024691358 0.10833333333333334 0.19753086419753085
1 0.5770833333333333 0.2839506172839506 0.07916666666666666 0.12839506172839507
1 0.4361111111111111 0.22839506172839505 0.06388888888888888 0.10617283950617284
1 0.16319444444444445 0.5567901234567901 0.0625 0.10123456790123457
1 0.7270833333333333 0.02345679012345679 0.059722222222222225 0.04197530864197531
1 0.0375 0.6493827160493827 0.05555555555555555 0.12345679012345678
3 0.7888888888888889 0.15555555555555556 0.06111111111111111 0.07407407407407407
3 0.08611111111111111 0.674074074074074 0.06388888888888888 0.08395061728395062
3 0.7909722222222222 0.07037037037037037 0.059722222222222225 0.06666666666666667
3 0.9763888888888889 0.8962962962962963 0.04722222222222222 0.12345679012345678
3 0.21944444444444444 0.17901234567901234 0.05555555555555555 0.07654320987654321
3 0.7854166666666667 0.24074074074074073 0.05694444444444444 0.06666666666666667