1 0.2654947916666667 0.9391203703703703 0.04765625 0.07731481481481481
1 0.21575520833333334 0.8807870370370371 0.03984375 0.0699074074074074
1 0.42630208333333336 0.9162037037037037 0.03958333333333333 0.062037037037037036
1 0.18059895833333334 0.4791666666666667 0.021614583333333333 0.03518518518518519
1 0.225 0.5849537037037037 0.01875 0.03194444444444444
1 0.32591145833333335 0.32546296296296295 0.022135416666666668 0.04351851851851852
1 0.47161458333333334 0.24837962962962962 0.016145833333333335 0.02638888888888889
1 0.5813802083333334 0.5833333333333334 0.01953125 0.03148148148148148
1 0.4119791666666667 0.4041666666666667 0.019791666666666666 0.032407407407407406
1 0.39140625 0.5773148148148148 0.01875 0.028703703703703703
1 0.4434895833333333 0.45949074074074076 0.015625 0.02546296296296296
1 0.31692708333333336 0.20277777777777778 0.0296875 0.05277777777777778