1 0.2733072916666667 0.4275462962962963 0.027864583333333335 0.04583333333333333
1 0.1765625 0.37962962962962965 0.029166666666666667 0.04351851851851852
1 0.07057291666666667 0.5069444444444444 0.034895833333333334 0.05555555555555555
1 0.66796875 0.5863425925925926 0.029166666666666667 0.04398148148148148
1 0.5993489583333333 0.5569444444444445 0.023177083333333334 0.04259259259259259
1 0.743359375 0.4877314814814815 0.029427083333333333 0.047685185185185185
1 0.20377604166666666 0.2604166666666667 0.023697916666666666 0.0375
1 0.548046875 0.5180555555555556 0.02734375 0.04722222222222222
1 0.579296875 0.5995370370370371 0.023177083333333334 0.04351851851851852
1 0.3104166666666667 0.29907407407407405 0.026041666666666668 0.041666666666666664
1 0.23411458333333332 0.4516203703703704 0.021875 0.038425925925925926
1 0.4337239583333333 0.48171296296296295 0.02421875 0.043055555555555555
1 0.19166666666666668 0.9650462962962963 0.0375 0.05416666666666667
1 0.519140625 0.42453703703703705 0.02265625 0.04351851851851852
1 0.14283854166666668 0.9645833333333333 0.03828125 0.056018518518518516
1 0.75078125 0.3736111111111111 0.028645833333333332 0.049074074074074076
3 0.12708333333333333 0.8543981481481482 0.05416666666666667 0.07453703703703704
1 0.5873697916666667 0.47453703703703703 0.02265625 0.04351851851851852
1 0.6876302083333333 0.4976851851851852 0.02265625 0.04351851851851852
1 0.729296875 0.5296296296296297 0.02265625 0.04351851851851852
1 0.6272135416666667 0.3699074074074074 0.02265625 0.04351851851851852
1 0.604296875 0.37037037037037035 0.02265625 0.04351851851851852
1 0.47877604166666665 0.35185185185185186 0.02265625 0.04351851851851852
1 0.42278645833333334 0.3189814814814815 0.02265625 0.04351851851851852
1 0.405859375 0.2800925925925926 0.02265625 0.04351851851851852
1 0.37721354166666665 0.2777777777777778 0.02265625 0.04351851851851852
1 0.758203125 0.26944444444444443 0.02265625 0.04351851851851852
1 0.793359375 0.34444444444444444 0.02265625 0.04351851851851852
1 0.6537760416666667 0.24953703703703703 0.02265625 0.04351851851851852
1 0.016145833333333335 0.2824074074074074 0.029166666666666667 0.04351851851851852
1 0.048177083333333336 0.24305555555555555 0.029166666666666667 0.04351851851851852