0 0.3840277777777778 0.25925925925925924 0.09583333333333334 0.1382716049382716
1 0.5597222222222222 0.5962962962962963 0.05555555555555555 0.09135802469135802
1 0.4284722222222222 0.6814814814814815 0.059722222222222225 0.1037037037037037
1 0.7201388888888889 0.8222222222222222 0.10138888888888889 0.16790123456790124
1 0.5840277777777778 0.7481481481481481 0.05138888888888889 0.08888888888888889
1 0.5145833333333333 0.9641975308641976 0.06527777777777778 0.06666666666666667
1 0.6854166666666667 0.917283950617284 0.07083333333333333 0.1111111111111111
1 0.6388888888888888 0.7493827160493827 0.06111111111111111 0.12098765432098765
1 0.6388888888888888 0.15432098765432098 0.05 0.10123456790123457
3 0.3888888888888889 0.7790123456790123 0.075 0.12098765432098765
3 0.16527777777777777 0.49135802469135803 0.075 0.12345679012345678
3 0.9701388888888889 0.2802469135802469 0.059722222222222225 0.145679012345679
3 0.46944444444444444 0.31851851851851853 0.06666666666666667 0.11851851851851852
3 0.029166666666666667 0.11358024691358025 0.05555555555555555 0.10864197530864197
3 0.7222222222222222 0.26296296296296295 0.044444444444444446 0.07654320987654321