1 0.15559895833333334 0.8018518518518518 0.11536458333333334 0.18055555555555555
1 0.32734375 0.3013888888888889 0.059375 0.08425925925925926
1 0.7303385416666667 0.3296296296296296 0.03359375 0.05185185185185185
1 0.47369791666666666 0.29791666666666666 0.025 0.0375
1 0.226171875 0.18449074074074073 0.04609375 0.06712962962962964
1 0.3782552083333333 0.38055555555555554 0.06484375 0.08888888888888889
1 0.634375 0.5444444444444444 0.050520833333333334 0.07962962962962963
1 0.8234375 0.42662037037037037 0.03697916666666667 0.05416666666666667
1 0.5575520833333333 0.24351851851851852 0.03177083333333333 0.04814814814814815
1 0.2828125 0.48356481481481484 0.05416666666666667 0.07453703703703704
1 0.16354166666666667 0.29421296296296295 0.0546875 0.06898148148148148
1 0.4513020833333333 0.5842592592592593 0.06770833333333333 0.10925925925925926
1 0.9227864583333333 0.44166666666666665 0.03567708333333333 0.046296296296296294
1 0.6248697916666667 0.2708333333333333 0.026302083333333334 0.041666666666666664
1 0.759765625 0.5615740740740741 0.05078125 0.049074074074074076
1 0.8139322916666667 0.32222222222222224 0.023697916666666666 0.026851851851851852
1 0.926953125 0.3296296296296296 0.03046875 0.044444444444444446
1 0.32265625 0.22847222222222222 0.0359375 0.04953703703703704
1 0.28763020833333336 0.20092592592592592 0.03046875 0.03888888888888889
3 0.18997395833333333 0.9479166666666666 0.10286458333333333 0.08935185185185185
1 0.7 0.20162037037037037 0.017708333333333333 0.027314814814814816
1 0.6528645833333333 0.3025462962962963 0.017708333333333333 0.027314814814814816
1 0.4979166666666667 0.2974537037037037 0.028645833333333332 0.04583333333333333
1 0.77890625 0.11828703703703704 0.017708333333333333 0.027314814814814816
1 0.8627604166666667 0.13402777777777777 0.0234375 0.03287037037037037
1 0.876171875 0.1875 0.01953125 0.02962962962962963
1 0.9252604166666667 0.22175925925925927 0.028125 0.04537037037037037
1 0.820703125 0.29259259259259257 0.023697916666666666 0.026851851851851852
1 0.9028645833333333 0.03009259259259259 0.0265625 0.030555555555555555