1 0.17265625 0.5513888888888889 0.05677083333333333 0.08425925925925926
1 0.44296875 0.4527777777777778 0.0765625 0.13148148148148148
1 0.6158854166666666 0.1125 0.04010416666666667 0.06574074074074074
1 0.60546875 0.31851851851851853 0.05572916666666667 0.10555555555555556
1 0.22213541666666667 0.05740740740740741 0.05364583333333333 0.08888888888888889
1 0.2903645833333333 0.5074074074074074 0.06614583333333333 0.10555555555555556
1 0.7622395833333333 0.13657407407407407 0.034895833333333334 0.062037037037037036
1 0.62890625 0.9337962962962963 0.0640625 0.11388888888888889
1 0.6471354166666666 0.1712962962962963 0.05677083333333333 0.09074074074074075
1 0.5786458333333333 0.9597222222222223 0.059375 0.075
1 0.6682291666666667 0.1375 0.04375 0.06759259259259259
1 0.46015625 0.09583333333333334 0.03177083333333333 0.05277777777777778
3 0.3411458333333333 0.3509259259259259 0.078125 0.1259259259259259
3 0.5296875 0.44722222222222224 0.06145833333333333 0.1
3 0.28072916666666664 0.3472222222222222 0.06145833333333333 0.08518518518518518