1 0.25442708333333336 0.5231481481481481 0.09114583333333333 0.13333333333333333
1 0.852734375 0.37916666666666665 0.09505208333333333 0.11018518518518519
1 0.12252604166666667 0.7631944444444444 0.11380208333333333 0.16712962962962963
1 0.115234375 0.4826388888888889 0.10703125 0.1597222222222222
1 0.8104166666666667 0.48032407407407407 0.07604166666666666 0.11064814814814815
1 0.029817708333333335 0.46412037037037035 0.05807291666666667 0.09583333333333334
1 0.19075520833333334 0.2969907407407407 0.038802083333333334 0.06435185185185185
1 0.708203125 0.33078703703703705 0.07213541666666666 0.09398148148148149
1 0.9751302083333333 0.1337962962962963 0.04140625 0.07314814814814814
1 0.6471354166666666 0.1625 0.024479166666666666 0.041666666666666664
1 0.546484375 0.21064814814814814 0.02578125 0.03333333333333333
1 0.39283854166666665 0.2689814814814815 0.025260416666666667 0.03981481481481482
1 0.017838541666666666 0.33125 0.03515625 0.08009259259259259
1 0.908984375 0.1414351851851852 0.029947916666666668 0.052314814814814814
1 0.266796875 0.430787037037037 0.029427083333333333 0.03657407407407407
1 0.523828125 0.34328703703703706 0.04869791666666667 0.07083333333333333
1 0.27513020833333335 0.21134259259259258 0.02890625 0.04490740740740741
3 0.19466145833333334 0.4273148148148148 0.053385416666666664 0.05185185185185185
3 0.03854166666666667 0.3488425925925926 0.04635416666666667 0.052314814814814814
3 0.8158854166666667 0.2604166666666667 0.035416666666666666 0.050462962962962966
3 0.4186197916666667 0.4270833333333333 0.08151041666666667 0.07916666666666666
3 0.18684895833333334 0.387037037037037 0.027864583333333335 0.03981481481481482
3 0.24270833333333333 0.7752314814814815 0.03333333333333333 0.07916666666666666
3 0.8921875 0.16064814814814815 0.034375 0.040740740740740744
3 0.027864583333333335 0.6210648148148148 0.0390625 0.04675925925925926
3 0.5341145833333333 0.18541666666666667 0.01875 0.024537037037037038
1 0.14453125 0.25439814814814815 0.035416666666666666 0.0412037037037037
1 0.16106770833333334 0.0650462962962963 0.025260416666666667 0.03564814814814815
1 0.15247395833333333 0.12060185185185185 0.025260416666666667 0.03564814814814815
1 0.26419270833333336 0.10810185185185185 0.025260416666666667 0.03564814814814815
1 0.3006510416666667 0.11342592592592593 0.018489583333333334 0.023148148148148147
1 0.3015625 0.13449074074074074 0.015625 0.022685185185185187
1 0.380859375 0.1125 0.018489583333333334 0.023148148148148147
1 0.41888020833333334 0.09282407407407407 0.017447916666666667 0.031018518518518518
1 0.41888020833333334 0.14375 0.017447916666666667 0.031018518518518518
1 0.458203125 0.12476851851851851 0.017447916666666667 0.031018518518518518
1 0.46731770833333336 0.15625 0.017447916666666667 0.031018518518518518
1 0.466796875 0.2465277777777778 0.017447916666666667 0.031018518518518518
1 0.5040364583333333 0.17708333333333334 0.017447916666666667 0.031018518518518518
1 0.405859375 0.14074074074074075 0.01171875 0.018518518518518517
1 0.4016927083333333 0.04351851851851852 0.01171875 0.018518518518518517
1 0.2916666666666667 0.23587962962962963 0.024479166666666666 0.034722222222222224
1 0.6282552083333334 0.09930555555555555 0.018489583333333334 0.024537037037037038
1 0.6529947916666666 0.08402777777777778 0.018489583333333334 0.024537037037037038
1 0.6600260416666667 0.10347222222222222 0.018489583333333334 0.024537037037037038
1 0.676171875 0.09236111111111112 0.018489583333333334 0.024537037037037038
1 0.7141927083333334 0.035416666666666666 0.018489583333333334 0.024537037037037038
1 0.6063802083333333 0.09513888888888888 0.018489583333333334 0.024537037037037038
1 0.89765625 0.021064814814814814 0.0265625 0.03657407407407407
1 0.8727864583333333 0.030787037037037036 0.018489583333333334 0.029166666666666667