1 0.13411458333333334 0.5326388888888889 0.029166666666666667 0.04490740740740741
1 0.16744791666666667 0.9597222222222223 0.036458333333333336 0.05555555555555555
1 0.31497395833333336 0.5282407407407408 0.028385416666666666 0.04537037037037037
1 0.10325520833333333 0.7425925925925926 0.030989583333333334 0.046296296296296294
1 0.2540364583333333 0.6770833333333334 0.026822916666666665 0.04583333333333333
1 0.340234375 0.4979166666666667 0.023697916666666666 0.03564814814814815
1 0.42721354166666664 0.5106481481481482 0.015364583333333333 0.021296296296296296
1 0.5205729166666667 0.43657407407407406 0.019791666666666666 0.021296296296296296
1 0.57109375 0.41064814814814815 0.009895833333333333 0.022222222222222223
1 0.6588541666666666 0.3997685185185185 0.011458333333333333 0.01898148148148148
1 0.6772135416666667 0.4060185185185185 0.01328125 0.025
1 0.7033854166666667 0.4131944444444444 0.013020833333333334 0.024537037037037038
1 0.735546875 0.4773148148148148 0.014322916666666666 0.028703703703703703
1 0.5899739583333333 0.44814814814814813 0.01484375 0.020370370370370372
1 0.5630208333333333 0.4375 0.011458333333333333 0.017592592592592594
1 0.5399739583333333 0.47291666666666665 0.012760416666666666 0.01712962962962963
1 0.47578125 0.3696759259259259 0.016145833333333335 0.024537037037037038
1 0.5209635416666667 0.32037037037037036 0.015364583333333333 0.020370370370370372
1 0.5533854166666666 0.28703703703703703 0.011979166666666667 0.021296296296296296
1 0.370703125 0.30925925925925923 0.014322916666666666 0.022222222222222223
1 0.3546875 0.33055555555555555 0.013541666666666667 0.018518518518518517
1 0.3990885416666667 0.3055555555555556 0.012760416666666666 0.017592592592592594
1 0.42682291666666666 0.3039351851851852 0.011979166666666667 0.01712962962962963
1 0.4375 0.2793981481481482 0.016666666666666666 0.018055555555555554
1 0.5717447916666667 0.2199074074074074 0.01328125 0.016666666666666666
1 0.59765625 0.33055555555555555 0.014583333333333334 0.023148148148148147
1 0.17994791666666668 0.3423611111111111 0.0140625 0.01898148148148148
1 0.125390625 0.3840277777777778 0.01328125 0.02361111111111111
1 0.3282552083333333 0.27800925925925923 0.01796875 0.024537037037037038
1 0.30611979166666664 0.38263888888888886 0.012760416666666666 0.02175925925925926
1 0.25885416666666666 0.33287037037037037 0.0125 0.021296296296296296
1 0.7731770833333333 0.3988425925925926 0.013541666666666667 0.020833333333333332
1 0.7825520833333334 0.41875 0.015104166666666667 0.02175925925925926
1 0.7463541666666667 0.3576388888888889 0.021875 0.027314814814814816
1 0.7372395833333333 0.3025462962962963 0.024479166666666666 0.03194444444444444
1 0.6364583333333333 0.24259259259259258 0.0171875 0.025
1 0.6944010416666667 0.5583333333333333 0.017447916666666667 0.026851851851851852
1 0.6529947916666666 0.4224537037037037 0.015885416666666666 0.02638888888888889
1 0.5643229166666667 0.5175925925925926 0.017708333333333333 0.026851851851851852
1 0.705078125 0.48935185185185187 0.01796875 0.025925925925925925