0 0.5736111111111111 0.7419753086419754 0.12777777777777777 0.0962962962962963
0 0.41875 0.6987654320987654 0.10138888888888889 0.1925925925925926
1 0.6888888888888889 0.6123456790123457 0.10277777777777777 0.1580246913580247
1 0.66875 0.2876543209876543 0.09305555555555556 0.17037037037037037
1 0.23541666666666666 0.29012345679012347 0.0625 0.08641975308641975
1 0.4652777777777778 0.1111111111111111 0.06666666666666667 0.11851851851851852
1 0.9583333333333334 0.17777777777777778 0.06666666666666667 0.08888888888888889
1 0.8694444444444445 0.30493827160493825 0.05277777777777778 0.0962962962962963
1 0.3736111111111111 0.4185185185185185 0.06111111111111111 0.07654320987654321
1 0.8256944444444444 0.5654320987654321 0.07361111111111111 0.11358024691358025
3 0.47291666666666665 0.4049382716049383 0.0763888888888889 0.12345679012345678
3 0.31875 0.8975308641975308 0.05138888888888889 0.1111111111111111
3 0.44375 0.5222222222222223 0.05416666666666667 0.09135802469135802
3 0.37222222222222223 0.2518518518518518 0.07222222222222222 0.07901234567901234