0 0.17135416666666667 0.7037037037037037 0.12083333333333333 0.08703703703703704
0 0.55234375 0.7481481481481481 0.07552083333333333 0.16666666666666666
1 0.38229166666666664 0.5231481481481481 0.051041666666666666 0.07777777777777778
1 0.19791666666666666 0.39166666666666666 0.04375 0.07037037037037037
1 0.3221354166666667 0.5523148148148148 0.050520833333333334 0.09166666666666666
1 0.9388020833333334 0.9171296296296296 0.05572916666666667 0.08055555555555556
1 0.58046875 0.8041666666666667 0.04739583333333333 0.0787037037037037
1 0.69453125 0.9638888888888889 0.05364583333333333 0.06666666666666667
1 0.33671875 0.6481481481481481 0.04010416666666667 0.06296296296296296
1 0.6575520833333334 0.5504629629629629 0.0328125 0.05648148148148148
1 0.15182291666666667 0.1675925925925926 0.0359375 0.05925925925925926
1 0.7606770833333333 0.7777777777777778 0.03802083333333333 0.05740740740740741
1 0.45755208333333336 0.30787037037037035 0.028645833333333332 0.04722222222222222
3 0.05 0.8708333333333333 0.08958333333333333 0.13240740740740742
3 0.05130208333333333 0.44027777777777777 0.07447916666666667 0.08611111111111111
3 0.39348958333333334 0.6171296296296296 0.04010416666666667 0.062037037037037036
3 0.5122395833333333 0.6060185185185185 0.04635416666666667 0.058333333333333334