1 0.774609375 0.43333333333333335 0.05026041666666667 0.07962962962962963
1 0.48880208333333336 0.7854166666666667 0.05 0.09212962962962963
1 0.18567708333333333 0.73125 0.0390625 0.0699074074074074
1 0.04921875 0.9608796296296296 0.04583333333333333 0.06805555555555555
1 0.4766927083333333 0.61875 0.03463541666666667 0.06527777777777778
1 0.5880208333333333 0.9011574074074075 0.06510416666666667 0.11527777777777778
1 0.6893229166666667 0.6604166666666667 0.06510416666666667 0.10787037037037037
1 0.768359375 0.37824074074074077 0.05390625 0.06018518518518518
1 0.266796875 0.6555555555555556 0.03567708333333333 0.05462962962962963
1 0.23450520833333333 0.638425925925926 0.030989583333333334 0.046296296296296294
1 0.984375 0.5349537037037037 0.03125 0.09675925925925925
3 0.4231770833333333 0.6129629629629629 0.05 0.05740740740740741
3 0.5924479166666666 0.7210648148148148 0.071875 0.10601851851851851
3 0.8165364583333333 0.39537037037037037 0.04296875 0.03888888888888889
3 0.13971354166666666 0.8868055555555555 0.04401041666666667 0.04027777777777778