0 0.4700520833333333 0.5657407407407408 0.058854166666666666 0.04814814814814815
1 0.8942708333333333 0.13657407407407407 0.06354166666666666 0.09351851851851851
1 0.7958333333333333 0.5518518518518518 0.071875 0.11851851851851852
1 0.7635416666666667 0.1685185185185185 0.051041666666666666 0.08148148148148149
1 0.6109375 0.1962962962962963 0.042708333333333334 0.07037037037037037
1 0.06145833333333333 0.5231481481481481 0.040625 0.07222222222222222
1 0.8234375 0.3416666666666667 0.05520833333333333 0.08888888888888889
1 0.4703125 0.39537037037037037 0.05 0.09814814814814815
1 0.5635416666666667 0.26481481481481484 0.028125 0.05185185185185185
1 0.56015625 0.2125 0.025520833333333333 0.049074074074074076
1 0.36953125 0.4550925925925926 0.033854166666666664 0.06018518518518518
1 0.34036458333333336 0.38425925925925924 0.0359375 0.05555555555555555
1 0.06171875 0.28888888888888886 0.04114583333333333 0.06481481481481481
1 0.49270833333333336 0.5398148148148149 0.036458333333333336 0.05555555555555555
3 0.54140625 0.6759259259259259 0.0390625 0.05740740740740741
1 0.4390625 0.2337962962962963 0.01875 0.028703703703703703
1 0.5015625 0.19212962962962962 0.01875 0.028703703703703703
1 0.5260416666666666 0.15694444444444444 0.01875 0.028703703703703703
1 0.47552083333333334 0.18287037037037038 0.014583333333333334 0.025
1 0.3375 0.24583333333333332 0.014583333333333334 0.025
1 0.33958333333333335 0.22175925925925927 0.014583333333333334 0.025
1 0.32135416666666666 0.23842592592592593 0.014583333333333334 0.025
0 0.5041666666666667 0.5027777777777778 0.04375 0.05555555555555555
1 0.11536458333333334 0.4305555555555556 0.033854166666666664 0.05
1 0.13567708333333334 0.10833333333333334 0.0328125 0.03888888888888889