1 0.9736979166666667 0.07152777777777777 0.053125 0.14212962962962963
1 0.14440104166666667 0.38935185185185184 0.048177083333333336 0.06944444444444445
1 0.280859375 0.2099537037037037 0.04244791666666667 0.05787037037037037
1 0.5549479166666667 0.07037037037037037 0.030729166666666665 0.05648148148148148
1 0.706640625 0.22870370370370371 0.05807291666666667 0.08796296296296297
1 0.7606770833333333 0.38680555555555557 0.07760416666666667 0.12453703703703704
1 0.8015625 0.5037037037037037 0.08489583333333334 0.12037037037037036
1 0.231640625 0.8872685185185185 0.03411458333333333 0.05416666666666667
1 0.36106770833333335 0.9548611111111112 0.04088541666666667 0.07175925925925926
1 0.4993489583333333 0.7986111111111112 0.040364583333333336 0.06666666666666667
1 0.6696614583333333 0.5851851851851851 0.04453125 0.08518518518518518
1 0.7100260416666667 0.8671296296296296 0.07057291666666667 0.12685185185185185
1 0.8602864583333333 0.8090277777777778 0.08411458333333334 0.13287037037037036
1 0.883203125 0.9685185185185186 0.08203125 0.06388888888888888
1 0.847265625 0.5421296296296296 0.062239583333333334 0.09444444444444444