1 0.2590277777777778 0.6506172839506172 0.08194444444444444 0.12098765432098765
1 0.4 0.3925925925925926 0.05277777777777778 0.09382716049382717
1 0.30416666666666664 0.8 0.06944444444444445 0.1580246913580247
1 0.35833333333333334 0.47530864197530864 0.05555555555555555 0.0962962962962963
1 0.20347222222222222 0.3395061728395062 0.0625 0.10123456790123457
1 0.3076388888888889 0.09382716049382717 0.04861111111111111 0.08395061728395062
1 0.7743055555555556 0.8716049382716049 0.07083333333333333 0.10864197530864197
1 0.8631944444444445 0.7345679012345679 0.0763888888888889 0.10123456790123457
1 0.12708333333333333 0.028395061728395062 0.05416666666666667 0.056790123456790124
1 0.7055555555555556 0.9679012345679012 0.06111111111111111 0.06419753086419754
1 0.5340277777777778 0.4617283950617284 0.04583333333333333 0.09876543209876543
1 0.4791666666666667 0.6864197530864198 0.044444444444444446 0.07901234567901234
1 0.5756944444444444 0.4580246913580247 0.043055555555555555 0.07160493827160494
3 0.16319444444444445 0.7123456790123457 0.11805555555555555 0.21481481481481482
3 0.33611111111111114 0.32592592592592595 0.044444444444444446 0.06419753086419754