1 0.3388888888888889 0.554320987654321 0.09722222222222222 0.16049382716049382
1 0.4638888888888889 0.6493827160493827 0.1 0.16790123456790124
1 0.8222222222222222 0.6790123456790124 0.11388888888888889 0.1728395061728395
1 0.3527777777777778 0.3617283950617284 0.08888888888888889 0.145679012345679
1 0.3958333333333333 0.9111111111111111 0.12222222222222222 0.1728395061728395
1 0.21319444444444444 0.8827160493827161 0.10972222222222222 0.17037037037037037
1 0.05625 0.6172839506172839 0.10694444444444444 0.13333333333333333
1 0.6965277777777777 0.47530864197530864 0.09305555555555556 0.1506172839506173
1 0.43333333333333335 0.49876543209876545 0.08055555555555556 0.13333333333333333
1 0.5958333333333333 0.8901234567901235 0.1 0.15555555555555556
1 0.5569444444444445 0.15555555555555556 0.07222222222222222 0.11358024691358025
1 0.6402777777777777 0.1 0.06388888888888888 0.1111111111111111
1 0.5625 0.050617283950617285 0.06111111111111111 0.09135802469135802
1 0.5805555555555556 0.6358024691358025 0.08888888888888889 0.17037037037037037
1 0.5625 0.36419753086419754 0.06944444444444445 0.11604938271604938
1 0.24027777777777778 0.18888888888888888 0.06666666666666667 0.12098765432098765
1 0.525 0.5012345679012346 0.05555555555555555 0.09382716049382717
1 0.33611111111111114 0.18395061728395062 0.06944444444444445 0.12098765432098765
1 0.6930555555555555 0.9604938271604938 0.08055555555555556 0.08395061728395062