1 0.3225255972696246 0.14375 0.07167235494880546 0.0875
1 0.7824232081911263 0.7114583333333333 0.06996587030716724 0.11875
1 0.15784982935153583 0.3802083333333333 0.06655290102389079 0.07291666666666667
1 0.30716723549488056 0.546875 0.07167235494880546 0.08958333333333333
1 0.48378839590443684 0.12083333333333333 0.09044368600682594 0.1125
1 0.07081911262798635 0.16666666666666666 0.09044368600682594 0.10833333333333334
1 0.19880546075085323 0.23229166666666667 0.05631399317406143 0.07291666666666667
1 0.4931740614334471 0.3302083333333333 0.07167235494880546 0.09375
1 0.15102389078498293 0.246875 0.05631399317406143 0.06875
1 0.41638225255972694 0.478125 0.08191126279863481 0.10208333333333333
1 0.18088737201365188 0.7270833333333333 0.08191126279863481 0.10416666666666667
1 0.4462457337883959 0.390625 0.07337883959044368 0.08958333333333333
1 0.197098976109215 0.6104166666666667 0.09044368600682594 0.1125
1 0.21928327645051193 0.8333333333333334 0.08703071672354949 0.10833333333333334
1 0.5418088737201365 0.2375 0.10068259385665529 0.10833333333333334
1 0.5418088737201365 0.8677083333333333 0.06313993174061433 0.08958333333333333
1 0.19027303754266212 0.475 0.08020477815699659 0.12083333333333333
1 0.5349829351535836 0.03333333333333333 0.07679180887372014 0.0625
1 0.5921501706484642 0.15208333333333332 0.06143344709897611 0.09583333333333334
1 0.10665529010238908 0.04791666666666667 0.06996587030716724 0.09166666666666666
1 0.4522184300341297 0.020833333333333332 0.06484641638225255 0.0375
1 0.1962457337883959 0.9270833333333334 0.06484641638225255 0.08333333333333333
1 0.1962457337883959 0.53125 0.07167235494880546 0.08333333333333333
1 0.757679180887372 0.3375 0.07167235494880546 0.0875