0 0.5326388888888889 0.6975308641975309 0.09027777777777778 0.20987654320987653
0 0.4 0.37407407407407406 0.08611111111111111 0.15555555555555556
0 0.06388888888888888 0.5691358024691358 0.08611111111111111 0.17530864197530865
0 0.6701388888888888 0.9 0.0875 0.19012345679012346
1 0.1326388888888889 0.7074074074074074 0.10694444444444444 0.19012345679012346
1 0.8576388888888888 0.19753086419753085 0.0875 0.16790123456790124
1 0.24791666666666667 0.362962962962963 0.09305555555555556 0.1580246913580247
1 0.74375 0.6518518518518519 0.15416666666666667 0.26666666666666666
1 0.4111111111111111 0.07160493827160494 0.06111111111111111 0.10864197530864197
1 0.3 0.04814814814814815 0.07222222222222222 0.09135802469135802
3 0.4847222222222222 0.6469135802469136 0.09166666666666666 0.16296296296296298