1 0.6701388888888888 0.45555555555555555 0.05694444444444444 0.09135802469135802
1 0.28958333333333336 0.8320987654320988 0.05138888888888889 0.07901234567901234
1 0.2388888888888889 0.6938271604938272 0.05277777777777778 0.08888888888888889
1 0.5868055555555556 0.7753086419753087 0.05694444444444444 0.09382716049382717
1 0.9125 0.41728395061728396 0.06388888888888888 0.1037037037037037
1 0.075 0.7506172839506173 0.06111111111111111 0.1037037037037037
1 0.9201388888888888 0.9604938271604938 0.10138888888888889 0.07407407407407407
1 0.24375 0.16419753086419753 0.04583333333333333 0.07654320987654321
1 0.21041666666666667 0.1382716049382716 0.04583333333333333 0.0691358024691358
1 0.9756944444444444 0.34814814814814815 0.04861111111111111 0.07901234567901234
3 0.9013888888888889 0.8419753086419753 0.08055555555555556 0.10864197530864197
3 0.8104166666666667 0.4382716049382716 0.0625 0.09135802469135802
3 0.725 0.2777777777777778 0.06388888888888888 0.10123456790123457
3 0.7770833333333333 0.5098765432098765 0.06805555555555555 0.10617283950617284
3 0.15069444444444444 0.7222222222222222 0.06527777777777778 0.1111111111111111
3 0.6506944444444445 0.6679012345679012 0.05694444444444444 0.07160493827160494