1 0.471484375 0.5449074074074074 0.04296875 0.06388888888888888
1 0.515625 0.5918981481481481 0.04739583333333333 0.07083333333333333
1 0.6919270833333333 0.46435185185185185 0.025520833333333333 0.040740740740740744
1 0.545703125 0.49722222222222223 0.03411458333333333 0.053703703703703705
1 0.9352864583333333 0.27060185185185187 0.03567708333333333 0.05324074074074074
1 0.5990885416666667 0.46574074074074073 0.023177083333333334 0.041666666666666664
1 0.7697916666666667 0.5143518518518518 0.028645833333333332 0.04351851851851852
1 0.36236979166666666 0.5793981481481482 0.04244791666666667 0.05787037037037037
1 0.359765625 0.4773148148148148 0.038802083333333334 0.05555555555555555
1 0.24283854166666666 0.7046296296296296 0.045572916666666664 0.0712962962962963
1 0.18229166666666666 0.4738425925925926 0.029166666666666667 0.04212962962962963
1 0.4259114583333333 0.4863425925925926 0.02890625 0.04490740740740741
1 0.553515625 0.4335648148148148 0.023177083333333334 0.038425925925925926
1 0.734375 0.44050925925925927 0.017708333333333333 0.03009259259259259
1 0.7276041666666667 0.40578703703703706 0.017708333333333333 0.03009259259259259
1 0.81015625 0.418287037037037 0.017708333333333333 0.03009259259259259
1 0.8299479166666667 0.507175925925926 0.017708333333333333 0.03009259259259259
1 0.7848958333333333 0.33773148148148147 0.017708333333333333 0.03009259259259259
1 0.75 0.319212962962963 0.017708333333333333 0.03009259259259259
1 0.7317708333333334 0.2789351851851852 0.017708333333333333 0.03009259259259259
1 0.7526041666666666 0.20208333333333334 0.017708333333333333 0.03009259259259259
1 0.7934895833333333 0.22199074074074074 0.017708333333333333 0.03009259259259259
1 0.8033854166666666 0.17708333333333334 0.017708333333333333 0.03009259259259259
1 0.87890625 0.25763888888888886 0.017708333333333333 0.03009259259259259
1 0.9161458333333333 0.20625 0.017708333333333333 0.03009259259259259
1 0.8986979166666667 0.17662037037037037 0.017708333333333333 0.03009259259259259
1 0.8536458333333333 0.22013888888888888 0.017708333333333333 0.03009259259259259
1 0.62109375 0.38587962962962963 0.017708333333333333 0.03009259259259259
1 0.6153645833333333 0.35439814814814813 0.017708333333333333 0.03009259259259259
1 0.6739583333333333 0.2738425925925926 0.017708333333333333 0.03009259259259259
1 0.5940104166666667 0.44375 0.017708333333333333 0.03009259259259259
1 0.5161458333333333 0.5011574074074074 0.017708333333333333 0.03009259259259259
1 0.3846354166666667 0.47129629629629627 0.024479166666666666 0.03518518518518519
1 0.37916666666666665 0.4356481481481482 0.024479166666666666 0.03518518518518519
1 0.2674479166666667 0.4361111111111111 0.024479166666666666 0.03518518518518519