3 0.84609375 0.32060185185185186 0.035416666666666666 0.08564814814814815
3 0.9134114583333334 0.9516203703703704 0.09192708333333334 0.09768518518518518
3 0.7076822916666666 0.3178240740740741 0.04348958333333333 0.05694444444444444
1 0.369140625 0.25254629629629627 0.025260416666666667 0.05138888888888889
1 0.30377604166666666 0.33078703703703705 0.03619791666666667 0.05694444444444444
1 0.8723958333333334 0.3125 0.027083333333333334 0.05185185185185185
1 0.916015625 0.19212962962962962 0.03307291666666667 0.04722222222222222
1 0.8571614583333333 0.1673611111111111 0.03203125 0.052314814814814814
1 0.4962239583333333 0.43819444444444444 0.05546875 0.0912037037037037
1 0.3204427083333333 0.6388888888888888 0.05546875 0.10648148148148148
1 0.39791666666666664 0.7518518518518519 0.036458333333333336 0.075
1 0.86328125 0.7456018518518519 0.09166666666666666 0.1375