0 0.58125 0.5592592592592592 0.08472222222222223 0.10123456790123457
0 0.7631944444444444 0.43209876543209874 0.07083333333333333 0.1382716049382716
0 0.88125 0.35185185185185186 0.09583333333333334 0.0962962962962963
1 0.9576388888888889 0.2308641975308642 0.08472222222222223 0.18024691358024691
1 0.65 0.4925925925925926 0.08333333333333333 0.145679012345679
1 0.9444444444444444 0.05925925925925926 0.10833333333333334 0.11358024691358025
1 0.44305555555555554 0.6061728395061728 0.06111111111111111 0.1111111111111111
1 0.3548611111111111 0.5 0.06805555555555555 0.12098765432098765
1 0.07152777777777777 0.05555555555555555 0.07361111111111111 0.10617283950617284
1 0.5270833333333333 0.7345679012345679 0.0625 0.11604938271604938
1 0.1840277777777778 0.03950617283950617 0.08194444444444444 0.07407407407407407
3 0.27291666666666664 0.32839506172839505 0.05694444444444444 0.07901234567901234
3 0.19722222222222222 0.6209876543209877 0.06944444444444445 0.09135802469135802
3 0.09305555555555556 0.6197530864197531 0.05555555555555555 0.08395061728395062
3 0.7958333333333333 0.06790123456790123 0.075 0.11604938271604938
3 0.49930555555555556 0.5765432098765432 0.05416666666666667 0.10123456790123457
3 0.9701388888888889 0.8814814814814815 0.059722222222222225 0.14814814814814814
3 0.6194444444444445 0.9691358024691358 0.08055555555555556 0.056790123456790124