1 0.2766927083333333 0.6011574074074074 0.032552083333333336 0.05138888888888889
1 0.47161458333333334 0.3280092592592593 0.03125 0.04675925925925926
1 0.5989583333333334 0.4287037037037037 0.025 0.04259259259259259
1 0.62421875 0.5604166666666667 0.03177083333333333 0.050462962962962966
1 0.70859375 0.5712962962962963 0.0296875 0.046296296296296294
1 0.648046875 0.5958333333333333 0.028385416666666666 0.041666666666666664
1 0.705078125 0.45185185185185184 0.024739583333333332 0.041666666666666664
1 0.315625 0.46111111111111114 0.026041666666666668 0.03796296296296296
1 0.62890625 0.4935185185185185 0.021875 0.03888888888888889
1 0.06549479166666666 0.5662037037037037 0.03723958333333333 0.04814814814814815
1 0.557421875 0.3368055555555556 0.027864583333333335 0.04212962962962963
1 0.40260416666666665 0.39490740740740743 0.022916666666666665 0.03333333333333333
1 0.23333333333333334 0.46782407407407406 0.028645833333333332 0.0412037037037037
1 0.7569010416666667 0.4912037037037037 0.024739583333333332 0.041666666666666664
1 0.7881510416666667 0.5143518518518518 0.024739583333333332 0.041666666666666664
1 0.7946614583333333 0.49444444444444446 0.024739583333333332 0.041666666666666664
1 0.8186197916666667 0.5222222222222223 0.024739583333333332 0.041666666666666664
1 0.7131510416666667 0.27685185185185185 0.024739583333333332 0.041666666666666664
1 0.7126302083333333 0.32083333333333336 0.024739583333333332 0.041666666666666664
1 0.7444010416666667 0.2884259259259259 0.024739583333333332 0.041666666666666664
1 0.694921875 0.2273148148148148 0.024739583333333332 0.041666666666666664
1 0.6514322916666667 0.3453703703703704 0.024739583333333332 0.041666666666666664
1 0.5998697916666667 0.30462962962962964 0.024739583333333332 0.041666666666666664
1 0.792578125 0.21666666666666667 0.024739583333333332 0.041666666666666664
1 0.777734375 0.16342592592592592 0.024739583333333332 0.041666666666666664
1 0.7743489583333333 0.36944444444444446 0.024739583333333332 0.041666666666666664
1 0.8446614583333333 0.5222222222222223 0.024739583333333332 0.041666666666666664
1 0.6735677083333333 0.20277777777777778 0.024739583333333332 0.041666666666666664
1 0.5865885416666666 0.36736111111111114 0.027864583333333335 0.04212962962962963