0 0.7034722222222223 0.9160493827160494 0.07361111111111111 0.16790123456790124
1 0.10972222222222222 0.5864197530864198 0.075 0.1259259259259259
1 0.6409722222222223 0.6 0.06527777777777778 0.10864197530864197
1 0.4722222222222222 0.3333333333333333 0.06944444444444445 0.11358024691358025
1 0.5597222222222222 0.04938271604938271 0.06111111111111111 0.08395061728395062
1 0.6604166666666667 0.12345679012345678 0.059722222222222225 0.08395061728395062
1 0.09791666666666667 0.2074074074074074 0.08472222222222223 0.13333333333333333
1 0.3638888888888889 0.4654320987654321 0.06944444444444445 0.14074074074074075
1 0.5805555555555556 0.7358024691358025 0.09166666666666666 0.14320987654320988
1 0.76875 0.5679012345679012 0.0875 0.14814814814814814
1 0.29444444444444445 0.7814814814814814 0.15833333333333333 0.254320987654321
3 0.21875 0.5271604938271605 0.12638888888888888 0.19012345679012346
3 0.08888888888888889 0.3271604938271605 0.08055555555555556 0.11604938271604938
3 0.6159722222222223 0.43950617283950616 0.10138888888888889 0.1382716049382716
3 0.15 0.6493827160493827 0.1 0.15308641975308643
3 0.7520833333333333 0.45185185185185184 0.0875 0.11851851851851852
3 0.425 0.2222222222222222 0.06111111111111111 0.08395061728395062
3 0.7076388888888889 0.4901234567901235 0.04861111111111111 0.0962962962962963
3 0.47638888888888886 0.8098765432098766 0.08888888888888889 0.1382716049382716
3 0.7833333333333333 0.6864197530864198 0.06111111111111111 0.12345679012345678
3 0.5395833333333333 0.345679012345679 0.0763888888888889 0.12345679012345678
3 0.6854166666666667 0.29259259259259257 0.07083333333333333 0.0962962962962963