1 0.9059895833333333 0.2953703703703704 0.1828125 0.2564814814814815
1 0.7518229166666667 0.08101851851851852 0.10260416666666666 0.125
1 0.6813802083333333 0.5155092592592593 0.09713541666666667 0.17546296296296296
1 0.540234375 0.6444444444444445 0.08098958333333334 0.1574074074074074
1 0.5122395833333333 0.899537037037037 0.08854166666666667 0.1638888888888889
1 0.38580729166666666 0.04560185185185185 0.05026041666666667 0.07824074074074074
1 0.20807291666666666 0.8773148148148148 0.13958333333333334 0.1935185185185185
3 0.5430989583333333 0.537962962962963 0.07057291666666667 0.10462962962962963
3 0.390625 0.11481481481481481 0.05572916666666667 0.08518518518518518
3 0.7024739583333334 0.15578703703703703 0.06536458333333334 0.09490740740740741
3 0.8083333333333333 0.023148148148148147 0.0484375 0.04537037037037037