3 0.9384114583333333 0.7543981481481481 0.03619791666666667 0.07731481481481481
1 0.5059895833333333 0.25810185185185186 0.035416666666666666 0.07453703703703704
3 0.7848958333333333 0.8344907407407407 0.09322916666666667 0.1375
3 0.8123697916666667 0.9495370370370371 0.06276041666666667 0.10185185185185185
3 0.9162760416666667 0.9525462962962963 0.06588541666666667 0.09583333333333334
3 0.935546875 0.2793981481481482 0.046614583333333334 0.05138888888888889
3 0.8895833333333333 0.21875 0.05 0.06157407407407407
2 0.3098958333333333 0.2851851851851852 0.06041666666666667 0.06851851851851852
2 0.14986979166666667 0.3247685185185185 0.05546875 0.056018518518518516
2 0.17122395833333334 0.2657407407407407 0.048177083333333336 0.08425925925925926
2 0.2845052083333333 0.5347222222222222 0.05963541666666667 0.06481481481481481
2 0.2649739583333333 0.3814814814814815 0.07473958333333333 0.044444444444444446
2 0.10494791666666667 0.01412037037037037 0.09270833333333334 0.027314814814814816
2 0.21015625 0.08287037037037037 0.06822916666666666 0.044444444444444446
2 0.10963541666666667 0.27152777777777776 0.08125 0.0587962962962963
2 0.06888020833333333 0.9604166666666667 0.13723958333333333 0.08009259259259259
2 0.28541666666666665 0.9474537037037037 0.1140625 0.10601851851851851
3 0.6088541666666667 0.9081018518518519 0.09010416666666667 0.1476851851851852
3 0.816796875 0.7127314814814815 0.039322916666666666 0.08564814814814815
3 0.7694010416666667 0.6828703703703703 0.05703125 0.10833333333333334
3 0.467578125 0.7027777777777777 0.08776041666666666 0.13425925925925927
3 0.7009114583333333 0.5611111111111111 0.06848958333333334 0.09444444444444444
3 0.6852864583333333 0.49745370370370373 0.04973958333333333 0.047685185185185185
3 0.6354166666666666 0.4849537037037037 0.0578125 0.06712962962962964
3 0.6221354166666667 0.5456018518518518 0.06666666666666667 0.10324074074074074
3 0.5533854166666666 0.5210648148148148 0.07395833333333333 0.11157407407407408
3 0.5634114583333333 0.46550925925925923 0.06171875 0.05138888888888889
3 0.48046875 0.5289351851851852 0.06510416666666667 0.09305555555555556
3 0.40286458333333336 0.5381944444444444 0.07708333333333334 0.11157407407407408
2 0.2078125 0.549074074074074 0.06041666666666667 0.08425925925925926
3 0.370703125 0.38958333333333334 0.08359375 0.11157407407407408
3 0.32083333333333336 0.4925925925925926 0.07239583333333334 0.07685185185185185
3 0.24401041666666667 0.3159722222222222 0.06822916666666666 0.08472222222222223
3 0.08033854166666667 0.13425925925925927 0.08359375 0.10185185185185185
3 0.49140625 0.44305555555555554 0.08385416666666666 0.0787037037037037
3 0.4733072916666667 0.3210648148148148 0.07005208333333333 0.05416666666666667
3 0.53046875 0.35810185185185184 0.042708333333333334 0.08287037037037037
3 0.7520833333333333 0.40532407407407406 0.03697916666666667 0.07731481481481481
3 0.6733072916666667 0.3400462962962963 0.053385416666666664 0.1162037037037037
3 0.626953125 0.3974537037037037 0.04609375 0.08472222222222223
3 0.5815104166666667 0.37824074074074077 0.041666666666666664 0.05462962962962963
3 0.6190104166666667 0.19791666666666666 0.071875 0.12916666666666668
3 0.5533854166666666 0.04861111111111111 0.05625 0.08425925925925926
3 0.5247395833333334 0.1150462962962963 0.05416666666666667 0.11712962962962963
3 0.44114583333333335 0.037731481481481484 0.042708333333333334 0.07453703703703704
3 0.42552083333333335 0.08564814814814815 0.0515625 0.07314814814814814