3 0.9049479166666666 0.6784722222222223 0.06614583333333333 0.0912037037037037
3 0.9028645833333333 0.7458333333333333 0.09739583333333333 0.10555555555555556
3 0.883203125 0.7895833333333333 0.07057291666666667 0.09583333333333334
3 0.7673177083333333 0.6648148148148149 0.048177083333333336 0.11018518518518519
3 0.8236979166666667 0.6627314814814815 0.023958333333333335 0.06898148148148148
3 0.801953125 0.587037037037037 0.048177083333333336 0.0712962962962963
3 0.7391927083333333 0.5398148148148149 0.03723958333333333 0.0712962962962963
3 0.7834635416666667 0.45902777777777776 0.04505208333333333 0.0699074074074074
3 0.7130208333333333 0.3960648148148148 0.044270833333333336 0.050462962962962966
3 0.7239583333333334 0.4511574074074074 0.0484375 0.07731481481481481
3 0.5658854166666667 0.5983796296296297 0.058854166666666666 0.08564814814814815
3 0.38033854166666664 0.21875 0.04505208333333333 0.09583333333333334
3 0.18450520833333334 0.6821759259259259 0.17317708333333334 0.25324074074074077
3 0.19739583333333333 0.9087962962962963 0.16510416666666666 0.18333333333333332