1 0.6138888888888889 0.9308641975308642 0.09444444444444444 0.13333333333333333
1 0.475 0.5222222222222223 0.05555555555555555 0.08641975308641975
1 0.2638888888888889 0.7185185185185186 0.05277777777777778 0.07901234567901234
1 0.6701388888888888 0.7925925925925926 0.06805555555555555 0.10864197530864197
1 0.6277777777777778 0.49506172839506174 0.058333333333333334 0.10123456790123457
1 0.6229166666666667 0.31851851851851853 0.0375 0.08395061728395062
1 0.41805555555555557 0.2679012345679012 0.03888888888888889 0.06172839506172839
1 0.5243055555555556 0.9543209876543209 0.07361111111111111 0.08641975308641975
1 0.21597222222222223 0.48641975308641977 0.04583333333333333 0.08888888888888889
1 0.5118055555555555 0.20246913580246914 0.04027777777777778 0.05925925925925926
1 0.18541666666666667 0.42962962962962964 0.0375 0.06419753086419754
1 0.37222222222222223 0.445679012345679 0.044444444444444446 0.06172839506172839