0 0.40555555555555556 0.41358024691358025 0.05555555555555555 0.19506172839506172
0 0.5034722222222222 0.6296296296296297 0.12916666666666668 0.16296296296296298
1 0.3736111111111111 0.6061728395061728 0.10277777777777777 0.18518518518518517
1 0.38958333333333334 0.9 0.11805555555555555 0.19506172839506172
1 0.4930555555555556 0.7888888888888889 0.10277777777777777 0.18024691358024691
1 0.5069444444444444 0.19876543209876543 0.08611111111111111 0.16049382716049382
1 0.45694444444444443 0.5148148148148148 0.09166666666666666 0.13580246913580246
1 0.24305555555555555 0.9345679012345679 0.09444444444444444 0.1308641975308642
1 0.2625 0.33827160493827163 0.09722222222222222 0.1728395061728395
1 0.7805555555555556 0.8333333333333334 0.1388888888888889 0.22962962962962963
1 0.85 0.5444444444444444 0.13333333333333333 0.19506172839506172
1 0.034722222222222224 0.12098765432098765 0.06666666666666667 0.11851851851851852
2 0.7652777777777777 0.6580246913580247 0.09444444444444444 0.145679012345679
3 0.7152777777777778 0.37037037037037035 0.1 0.20246913580246914
3 0.7861111111111111 0.42098765432098767 0.09444444444444444 0.145679012345679
3 0.40069444444444446 0.11604938271604938 0.06805555555555555 0.15308641975308643
3 0.5659722222222222 0.8246913580246914 0.0763888888888889 0.15308641975308643
3 0.6951388888888889 0.07160493827160494 0.09305555555555556 0.12839506172839507
3 0.8027777777777778 0.06049382716049383 0.1361111111111111 0.11604938271604938
3 0.8784722222222222 0.20493827160493827 0.1486111111111111 0.1925925925925926
3 0.5916666666666667 0.682716049382716 0.06944444444444445 0.13580246913580246
3 0.8965277777777778 0.07654320987654321 0.1625 0.14320987654320988
3 0.49375 0.43333333333333335 0.07361111111111111 0.1111111111111111
3 0.19583333333333333 0.2506172839506173 0.041666666666666664 0.056790123456790124