0 0.58515625 0.924074074074074 0.11822916666666666 0.1111111111111111
0 0.56640625 0.5907407407407408 0.07864583333333333 0.05555555555555555
1 0.46640625 0.762962962962963 0.0484375 0.07222222222222222
1 0.1375 0.7416666666666667 0.042708333333333334 0.06296296296296296
1 0.3296875 0.8810185185185185 0.0625 0.09166666666666666
1 0.725 0.9629629629629629 0.05416666666666667 0.06481481481481481
1 0.5557291666666667 0.8055555555555556 0.042708333333333334 0.06481481481481481
1 0.8286458333333333 0.9287037037037037 0.04791666666666667 0.07962962962962963
1 0.19114583333333332 0.49583333333333335 0.03125 0.049074074074074076
1 0.43723958333333335 0.5046296296296297 0.027604166666666666 0.044444444444444446
1 0.4796875 0.8916666666666667 0.035416666666666666 0.06111111111111111
1 0.3984375 0.44907407407407407 0.03333333333333333 0.04814814814814815
1 0.66796875 0.5120370370370371 0.034895833333333334 0.05
1 0.4005208333333333 0.6342592592592593 0.030208333333333334 0.044444444444444446
1 0.23489583333333333 0.4203703703703704 0.030208333333333334 0.04814814814814815
1 0.478125 0.612037037037037 0.035416666666666666 0.04814814814814815
1 0.8729166666666667 0.7078703703703704 0.036458333333333336 0.049074074074074076
1 0.6822916666666666 0.6240740740740741 0.027083333333333334 0.04259259259259259
1 0.6216145833333333 0.5416666666666666 0.0359375 0.053703703703703705
1 0.9315104166666667 0.6597222222222222 0.04010416666666667 0.04722222222222222
1 0.2625 0.5171296296296296 0.027083333333333334 0.041666666666666664
1 0.5286458333333334 0.5606481481481481 0.03125 0.03981481481481482
1 0.34453125 0.42453703703703705 0.025520833333333333 0.03981481481481482
1 0.11588541666666667 0.49398148148148147 0.0359375 0.07685185185185185
1 0.971875 0.7870370370370371 0.03958333333333333 0.05925925925925926
1 0.57421875 0.6393518518518518 0.024479166666666666 0.03796296296296296
1 0.56484375 0.5254629629629629 0.0234375 0.03796296296296296
1 0.9825520833333333 0.6861111111111111 0.033854166666666664 0.05740740740740741
1 0.875 0.6023148148148149 0.030208333333333334 0.041666666666666664
1 0.30416666666666664 0.43472222222222223 0.023958333333333335 0.03981481481481482
1 0.039322916666666666 0.35462962962962963 0.0390625 0.053703703703703705
3 0.653125 0.6777777777777778 0.0625 0.06851851851851852
3 0.24166666666666667 0.638425925925926 0.059375 0.08055555555555556
3 0.7645833333333333 0.6537037037037037 0.03958333333333333 0.05555555555555555
3 0.06354166666666666 0.8134259259259259 0.053125 0.062037037037037036
3 0.65859375 0.5898148148148148 0.0328125 0.03888888888888889
3 0.13177083333333334 0.9296296296296296 0.05520833333333333 0.07037037037037037
1 0.9333333333333333 0.6986111111111111 0.030208333333333334 0.03981481481481482