0 0.6229166666666667 0.562962962962963 0.12083333333333333 0.3012345679012346
0 0.39652777777777776 0.5506172839506173 0.06805555555555555 0.24691358024691357
0 0.3645833333333333 0.44320987654320987 0.0625 0.18518518518518517
0 0.4756944444444444 0.3358024691358025 0.09305555555555556 0.1580246913580247
0 0.8729166666666667 0.24320987654320989 0.12083333333333333 0.1111111111111111
1 0.26180555555555557 0.945679012345679 0.11527777777777778 0.10864197530864197
1 0.2625 0.18024691358024691 0.05 0.08395061728395062
1 0.23472222222222222 0.4123456790123457 0.07777777777777778 0.12345679012345678
1 0.41041666666666665 0.07037037037037037 0.05694444444444444 0.0962962962962963
1 0.2763888888888889 0.4765432098765432 0.06666666666666667 0.11358024691358025
3 0.5756944444444444 0.7679012345679013 0.07083333333333333 0.13333333333333333
3 0.6118055555555556 0.10123456790123457 0.0763888888888889 0.09382716049382717