1 0.33151041666666664 0.48518518518518516 0.0359375 0.05555555555555555
1 0.11796875 0.6678240740740741 0.049479166666666664 0.0699074074074074
1 0.3098958333333333 0.2650462962962963 0.0328125 0.04953703703703704
1 0.367578125 0.6025462962962963 0.03463541666666667 0.05787037037037037
1 0.510546875 0.22060185185185185 0.023697916666666666 0.0412037037037037
1 0.671875 0.3891203703703704 0.027083333333333334 0.04675925925925926
1 0.6720052083333333 0.4775462962962963 0.023177083333333334 0.04398148148148148
1 0.6028645833333334 0.5618055555555556 0.0234375 0.043055555555555555
1 0.37734375 0.4011574074074074 0.028645833333333332 0.0412037037037037
1 0.7622395833333333 0.31851851851851853 0.025520833333333333 0.046296296296296294
1 0.7408854166666666 0.28958333333333336 0.025 0.043055555555555555
1 0.6326822916666667 0.5592592592592592 0.023177083333333334 0.05
1 0.7059895833333333 0.5530092592592593 0.0234375 0.0412037037037037
1 0.5690104166666666 0.28935185185185186 0.028125 0.05
1 0.8104166666666667 0.41574074074074074 0.0234375 0.040740740740740744
1 0.8578125 0.41203703703703703 0.025 0.044444444444444446
1 0.8033854166666666 0.31296296296296294 0.025520833333333333 0.046296296296296294
1 0.7963541666666667 0.25601851851851853 0.025520833333333333 0.046296296296296294
1 0.70703125 0.40324074074074073 0.025520833333333333 0.046296296296296294
1 0.71484375 0.20879629629629629 0.025520833333333333 0.046296296296296294
1 0.6744791666666666 0.14629629629629629 0.025520833333333333 0.046296296296296294
1 0.47044270833333335 0.21643518518518517 0.023697916666666666 0.0412037037037037