1 0.8497395833333333 0.7143518518518519 0.058854166666666666 0.09722222222222222
1 0.9497395833333333 0.2708333333333333 0.05677083333333333 0.0824074074074074
1 0.6966145833333334 0.0912037037037037 0.03697916666666667 0.058333333333333334
1 0.7572916666666667 0.20925925925925926 0.040625 0.06851851851851852
1 0.4375 0.48333333333333334 0.035416666666666666 0.05555555555555555
1 0.6002604166666666 0.18333333333333332 0.03177083333333333 0.05185185185185185
1 0.11484375 0.8379629629629629 0.0390625 0.06666666666666667
1 0.5677083333333334 0.2412037037037037 0.027083333333333334 0.04722222222222222
1 0.35911458333333335 0.7226851851851852 0.04635416666666667 0.07685185185185185
1 0.9653645833333333 0.053703703703703705 0.0671875 0.10555555555555556
1 0.27682291666666664 0.6643518518518519 0.0328125 0.05648148148148148
1 0.3458333333333333 0.4393518518518518 0.028125 0.04537037037037037
1 0.17135416666666667 0.6504629629629629 0.03333333333333333 0.05092592592592592
3 0.5364583333333334 0.4837962962962963 0.036458333333333336 0.06944444444444445
1 0.35520833333333335 0.40046296296296297 0.028125 0.04537037037037037
1 0.2328125 0.31712962962962965 0.028125 0.04537037037037037
1 0.21145833333333333 0.33194444444444443 0.028125 0.04537037037037037
1 0.26875 0.26064814814814813 0.028125 0.04537037037037037
1 0.4348958333333333 0.15324074074074073 0.028125 0.04537037037037037
1 0.5520833333333334 0.040740740740740744 0.028125 0.044444444444444446