1 0.8440104166666667 0.21851851851851853 0.0359375 0.06111111111111111
1 0.715234375 0.5409722222222222 0.08203125 0.09861111111111111
1 0.90078125 0.3699074074074074 0.0375 0.06296296296296296
1 0.370703125 0.2224537037037037 0.03515625 0.06157407407407407
1 0.45924479166666665 0.3266203703703704 0.04140625 0.07268518518518519
1 0.9619791666666667 0.28703703703703703 0.03125 0.05277777777777778
1 0.4244791666666667 0.2657407407407407 0.03177083333333333 0.049074074074074076
1 0.8889322916666667 0.45046296296296295 0.05182291666666667 0.0787037037037037
1 0.018359375 0.13935185185185187 0.03619791666666667 0.07407407407407407
1 0.822265625 0.11736111111111111 0.02734375 0.04212962962962963
1 0.8765625 0.5090277777777777 0.06145833333333333 0.06527777777777778
1 0.484765625 0.03217592592592593 0.027864583333333335 0.04583333333333333
1 0.835546875 0.2763888888888889 0.04192708333333333 0.06388888888888888
3 0.542578125 0.43495370370370373 0.04609375 0.04953703703703704
1 0.9783854166666667 0.35 0.03125 0.05277777777777778
1 0.98984375 0.38981481481481484 0.020833333333333332 0.05277777777777778
1 0.9233072916666667 0.21921296296296297 0.02578125 0.04212962962962963
1 0.9436197916666667 0.15810185185185185 0.02578125 0.04212962962962963
1 0.886328125 0.12662037037037038 0.02578125 0.04212962962962963
1 0.900390625 0.06226851851851852 0.02578125 0.04212962962962963
1 0.8686197916666667 0.05115740740740741 0.02578125 0.04212962962962963