0 0.7395833333333334 0.8753086419753087 0.0763888888888889 0.20987654320987653
0 0.8201388888888889 0.8358024691358025 0.10694444444444444 0.1308641975308642
1 0.7152777777777778 0.3567901234567901 0.05555555555555555 0.0962962962962963
1 0.7118055555555556 0.22592592592592592 0.059722222222222225 0.08641975308641975
1 0.3888888888888889 0.5888888888888889 0.06666666666666667 0.12098765432098765
3 0.6465277777777778 0.845679012345679 0.08194444444444444 0.1111111111111111
3 0.47847222222222224 0.8444444444444444 0.09027777777777778 0.11851851851851852
3 0.16180555555555556 0.5975308641975309 0.0875 0.1382716049382716
3 0.9520833333333333 0.5567901234567901 0.08472222222222223 0.09135802469135802
3 0.15347222222222223 0.35185185185185186 0.0763888888888889 0.10617283950617284
3 0.20277777777777778 0.9617283950617284 0.09444444444444444 0.06666666666666667
3 0.6659722222222222 0.9555555555555556 0.0763888888888889 0.09382716049382717
0 0.84375 0.9518518518518518 0.06527777777777778 0.10123456790123457
0 0.7513888888888889 0.6938271604938272 0.08888888888888889 0.07407407407407407