0 0.64375 0.47530864197530864 0.12083333333333333 0.17530864197530865
0 0.5013888888888889 0.38271604938271603 0.1 0.11358024691358025
0 0.4388888888888889 0.3074074074074074 0.05277777777777778 0.08641975308641975
0 0.21597222222222223 0.5382716049382716 0.09861111111111111 0.09876543209876543
0 0.6930555555555555 0.09753086419753086 0.07222222222222222 0.056790123456790124
0 0.20416666666666666 0.5864197530864198 0.08333333333333333 0.11604938271604938
1 0.31527777777777777 0.5777777777777777 0.10277777777777777 0.16790123456790124
1 0.08611111111111111 0.5370370370370371 0.1 0.1259259259259259
1 0.6680555555555555 0.028395061728395062 0.06388888888888888 0.05185185185185185
3 0.9590277777777778 0.9098765432098765 0.08194444444444444 0.18518518518518517
3 0.6805555555555556 0.15185185185185185 0.07777777777777778 0.0962962962962963
0 0.4270833333333333 0.2419753086419753 0.06527777777777778 0.05925925925925926
0 0.5256944444444445 0.3111111111111111 0.0875 0.09876543209876543
0 0.6333333333333333 0.4888888888888889 0.14722222222222223 0.11851851851851852