1 0.09127604166666667 0.8439814814814814 0.05026041666666667 0.07037037037037037
1 0.2858072916666667 0.43703703703703706 0.032552083333333336 0.04814814814814815
1 0.47434895833333335 0.38842592592592595 0.023177083333333334 0.03981481481481482
1 0.6235677083333333 0.5458333333333333 0.026822916666666665 0.04722222222222222
1 0.29921875 0.6486111111111111 0.03125 0.044444444444444446
1 0.34661458333333334 0.569212962962963 0.028645833333333332 0.04212962962962963
1 0.5377604166666666 0.45046296296296295 0.0453125 0.058333333333333334
1 0.6897135416666667 0.4462962962962963 0.02421875 0.040740740740740744
1 0.708203125 0.475462962962963 0.02421875 0.04537037037037037
1 0.75 0.5657407407407408 0.021875 0.025925925925925925
1 0.6537760416666667 0.5657407407407408 0.01796875 0.025925925925925925
1 0.745703125 0.4666666666666667 0.01796875 0.025925925925925925
1 0.7759114583333333 0.44722222222222224 0.01796875 0.025925925925925925
1 0.740234375 0.4046296296296296 0.01796875 0.025925925925925925
1 0.6670572916666667 0.36898148148148147 0.01796875 0.025925925925925925
1 0.7381510416666667 0.3333333333333333 0.01796875 0.025925925925925925
1 0.736328125 0.3060185185185185 0.01796875 0.025925925925925925
1 0.6993489583333333 0.33125 0.01484375 0.01712962962962963
1 0.6618489583333333 0.2988425925925926 0.014322916666666666 0.018055555555555554
1 0.4348958333333333 0.375 0.015625 0.025925925925925925