1 0.447265625 0.5671296296296297 0.020052083333333335 0.037037037037037035
1 0.04348958333333333 0.8388888888888889 0.0296875 0.044444444444444446
1 0.40143229166666666 0.4599537037037037 0.02109375 0.03935185185185185
1 0.20260416666666667 0.5710648148148149 0.022395833333333334 0.04398148148148148
1 0.36888020833333335 0.6050925925925926 0.023697916666666666 0.04351851851851852
1 0.023177083333333334 0.6083333333333333 0.025520833333333333 0.040740740740740744
1 0.376171875 0.5402777777777777 0.02578125 0.03981481481481482
1 0.5014322916666667 0.5122685185185185 0.021614583333333333 0.04212962962962963
1 0.36940104166666665 0.4511574074074074 0.017447916666666667 0.033796296296296297
1 0.16067708333333333 0.5682870370370371 0.034375 0.06157407407407407
1 0.36028645833333334 0.5284722222222222 0.01953125 0.04212962962962963
1 0.304296875 0.36157407407407405 0.019010416666666665 0.037037037037037035
1 0.248828125 0.42476851851851855 0.020052083333333335 0.03657407407407407
1 0.6580729166666667 0.5016203703703703 0.017708333333333333 0.02824074074074074
1 0.287109375 0.55625 0.01796875 0.03287037037037037
1 0.5376302083333333 0.49537037037037035 0.01953125 0.030555555555555555
1 0.27955729166666665 0.5254629629629629 0.017447916666666667 0.030555555555555555
1 0.551171875 0.4476851851851852 0.01796875 0.03796296296296296
1 0.624609375 0.5 0.017447916666666667 0.02962962962962963
1 0.6860677083333333 0.4009259259259259 0.019010416666666665 0.03425925925925926
1 0.5658854166666667 0.5956018518518519 0.020833333333333332 0.03657407407407407
3 0.21731770833333333 0.787962962962963 0.02890625 0.04814814814814815
3 0.4296875 0.6400462962962963 0.025 0.04861111111111111
3 0.3932291666666667 0.6155092592592593 0.013541666666666667 0.029166666666666667
3 0.154296875 0.8546296296296296 0.05963541666666667 0.06574074074074074
1 0.38841145833333335 0.674074074074074 0.017447916666666667 0.030555555555555555
1 0.40872395833333336 0.6810185185185185 0.017447916666666667 0.030555555555555555
1 0.450390625 0.5013888888888889 0.017447916666666667 0.030555555555555555
1 0.38138020833333336 0.4888888888888889 0.017447916666666667 0.030555555555555555
1 0.423046875 0.4064814814814815 0.017447916666666667 0.030555555555555555
1 0.40846354166666665 0.31342592592592594 0.017447916666666667 0.030555555555555555
1 0.4459635416666667 0.3037037037037037 0.017447916666666667 0.030555555555555555
1 0.519140625 0.30416666666666664 0.017447916666666667 0.030555555555555555
1 0.5069010416666667 0.3398148148148148 0.017447916666666667 0.030555555555555555
1 0.5641927083333333 0.3699074074074074 0.017447916666666667 0.030555555555555555
1 0.4303385416666667 0.33796296296296297 0.012239583333333333 0.022222222222222223
1 0.41497395833333334 0.3365740740740741 0.012239583333333333 0.022222222222222223
1 0.587109375 0.4 0.012239583333333333 0.022222222222222223
1 0.5891927083333334 0.38981481481481484 0.012239583333333333 0.022222222222222223
1 0.653515625 0.3976851851851852 0.012239583333333333 0.022222222222222223
1 0.6561197916666667 0.41759259259259257 0.012239583333333333 0.022222222222222223
1 0.632421875 0.4787037037037037 0.012239583333333333 0.022222222222222223
1 0.5735677083333334 0.4847222222222222 0.012239583333333333 0.022222222222222223
1 0.6376302083333333 0.5949074074074074 0.012239583333333333 0.022222222222222223
1 0.6057291666666667 0.611574074074074 0.0171875 0.028703703703703703
1 0.58828125 0.6199074074074075 0.0171875 0.028703703703703703
1 0.6533854166666667 0.5370370370370371 0.0171875 0.028703703703703703
1 0.691796875 0.3539351851851852 0.01328125 0.022685185185185187
1 0.8557291666666667 0.4078703703703704 0.0171875 0.028703703703703703
1 0.698046875 0.5113425925925926 0.01328125 0.022685185185185187
1 0.32903645833333334 0.3886574074074074 0.01328125 0.022685185185185187
3 0.3958333333333333 0.6386574074074074 0.013541666666666667 0.029166666666666667
3 0.71796875 0.5706018518518519 0.013541666666666667 0.029166666666666667
3 0.4309895833333333 0.6168981481481481 0.013541666666666667 0.029166666666666667
1 0.88125 0.3511574074074074 0.013541666666666667 0.02175925925925926
1 0.8643229166666667 0.36435185185185187 0.016145833333333335 0.022222222222222223
1 0.8520833333333333 0.3365740740740741 0.013541666666666667 0.026851851851851852
1 0.9098958333333333 0.32175925925925924 0.013541666666666667 0.026851851851851852
1 0.9677083333333333 0.5291666666666667 0.016145833333333335 0.022222222222222223
1 0.7665364583333333 0.5298611111111111 0.01328125 0.022685185185185187
1 0.8419270833333333 0.5057870370370371 0.0171875 0.024537037037037038