1 0.23333333333333334 0.28194444444444444 0.040625 0.07685185185185185
1 0.11106770833333333 0.5238425925925926 0.06276041666666667 0.06342592592592593
1 0.8970052083333333 0.8798611111111111 0.05182291666666667 0.07361111111111111
1 0.66875 0.4388888888888889 0.04895833333333333 0.08055555555555556
1 0.2643229166666667 0.19699074074074074 0.029166666666666667 0.06342592592592593
1 0.809765625 0.5504629629629629 0.04765625 0.06759259259259259
1 0.3455729166666667 0.3476851851851852 0.052083333333333336 0.07962962962962963
3 0.06393229166666667 0.7016203703703704 0.11848958333333333 0.09490740740740741
3 0.3631510416666667 0.8925925925925926 0.04140625 0.09537037037037037
3 0.28619791666666666 0.5585648148148148 0.042708333333333334 0.043055555555555555
3 0.6923177083333333 0.2902777777777778 0.03463541666666667 0.07592592592592592
1 0.8145833333333333 0.4423611111111111 0.022395833333333334 0.04212962962962963