0 0.49166666666666664 0.45925925925925926 0.12777777777777777 0.1382716049382716
0 0.5708333333333333 0.49876543209876545 0.07777777777777778 0.2123456790123457
0 0.41944444444444445 0.5061728395061729 0.11944444444444445 0.11851851851851852
0 0.5666666666666667 0.7864197530864198 0.09166666666666666 0.25925925925925924
0 0.23194444444444445 0.9259259259259259 0.06111111111111111 0.14814814814814814
0 0.21597222222222223 0.7765432098765432 0.059722222222222225 0.17530864197530865
1 0.11736111111111111 0.8382716049382716 0.10138888888888889 0.17530864197530865
1 0.38263888888888886 0.6604938271604939 0.09861111111111111 0.15555555555555556
1 0.7222222222222222 0.5765432098765432 0.11944444444444445 0.19506172839506172
1 0.1840277777777778 0.9209876543209876 0.09305555555555556 0.1580246913580247
1 0.6201388888888889 0.3037037037037037 0.19305555555555556 0.24691358024691357
1 0.1763888888888889 0.03827160493827161 0.125 0.07160493827160494
1 0.1111111111111111 0.3333333333333333 0.08611111111111111 0.1382716049382716
1 0.7618055555555555 0.07901234567901234 0.12083333333333333 0.15308641975308643
1 0.3902777777777778 0.19876543209876543 0.16666666666666666 0.22469135802469137
1 0.06805555555555555 0.04938271604938271 0.13333333333333333 0.09382716049382717
1 0.04861111111111111 0.1345679012345679 0.09444444444444444 0.18024691358024691
1 0.4652777777777778 0.3419753086419753 0.10833333333333334 0.15555555555555556
1 0.1875 0.15555555555555556 0.14166666666666666 0.2074074074074074
1 0.18680555555555556 0.3074074074074074 0.08194444444444444 0.1308641975308642
1 0.2861111111111111 0.9185185185185185 0.09444444444444444 0.1580246913580247
1 0.31805555555555554 0.43333333333333335 0.1527777777777778 0.18024691358024691
3 0.04027777777777778 0.7703703703703704 0.07777777777777778 0.1925925925925926
3 0.6263888888888889 0.1382716049382716 0.2388888888888889 0.2716049382716049
3 0.1388888888888889 0.5666666666666667 0.08333333333333333 0.145679012345679
3 0.6243055555555556 0.6592592592592592 0.09027777777777778 0.18271604938271604
3 0.6756944444444445 0.9 0.13194444444444445 0.2
3 0.5145833333333333 0.6098765432098765 0.10416666666666667 0.2222222222222222
3 0.28194444444444444 0.5864197530864198 0.058333333333333334 0.11604938271604938
3 0.08402777777777778 0.9592592592592593 0.0763888888888889 0.08641975308641975