0 0.6451388888888889 0.754320987654321 0.1875 0.18024691358024691
0 0.5902777777777778 0.28888888888888886 0.07222222222222222 0.11851851851851852
0 0.40555555555555556 0.1654320987654321 0.09444444444444444 0.09382716049382717
0 0.6729166666666667 0.33209876543209876 0.15694444444444444 0.1259259259259259
1 0.3798611111111111 0.24814814814814815 0.08194444444444444 0.1506172839506173
1 0.30416666666666664 0.13333333333333333 0.09722222222222222 0.1728395061728395
1 0.34375 0.4024691358024691 0.09305555555555556 0.1728395061728395
1 0.4236111111111111 0.06049382716049383 0.07777777777777778 0.11604938271604938
1 0.7020833333333333 0.5493827160493827 0.10694444444444444 0.2
1 0.49375 0.1654320987654321 0.08472222222222223 0.14320987654320988
1 0.5861111111111111 0.18518518518518517 0.08333333333333333 0.14814814814814814
1 0.6916666666666667 0.23209876543209876 0.08611111111111111 0.14320987654320988
1 0.5020833333333333 0.05308641975308642 0.07083333333333333 0.10123456790123457
1 0.8354166666666667 0.7185185185185186 0.13194444444444445 0.2123456790123457
1 0.4979166666666667 0.5469135802469136 0.13194444444444445 0.2345679012345679
1 0.9722222222222222 0.47901234567901235 0.05555555555555555 0.21728395061728395
2 0.9444444444444444 0.4419753086419753 0.06388888888888888 0.12839506172839507
2 0.8548611111111111 0.5938271604938271 0.10694444444444444 0.16049382716049382
3 0.4131944444444444 0.9333333333333333 0.1125 0.12839506172839507
3 0.7840277777777778 0.4617283950617284 0.12916666666666668 0.2123456790123457
3 0.6006944444444444 0.40370370370370373 0.09305555555555556 0.12098765432098765
3 0.7409722222222223 0.7617283950617284 0.04861111111111111 0.08148148148148149
3 0.7486111111111111 0.18641975308641975 0.09444444444444444 0.145679012345679