1 0.91484375 0.767824074074074 0.035416666666666666 0.05787037037037037
1 0.8395833333333333 0.7921296296296296 0.0609375 0.09166666666666666
1 0.8001302083333334 0.6884259259259259 0.05651041666666667 0.08148148148148149
1 0.7188802083333333 0.7659722222222223 0.04609375 0.06712962962962964
1 0.758984375 0.23912037037037037 0.07682291666666667 0.13194444444444445
1 0.6755208333333333 0.4613425925925926 0.049479166666666664 0.09583333333333334
1 0.6119791666666666 0.3650462962962963 0.0515625 0.08564814814814815
1 0.46315104166666665 0.26782407407407405 0.029947916666666668 0.06435185185185185
1 0.3553385416666667 0.18981481481481483 0.032552083333333336 0.06296296296296296
1 0.26953125 0.46875 0.035416666666666666 0.04583333333333333
1 0.21106770833333333 0.7034722222222223 0.04244791666666667 0.05416666666666667