0 0.4270833333333333 0.19012345679012346 0.09861111111111111 0.1037037037037037
1 0.7618055555555555 0.6185185185185185 0.10972222222222222 0.17037037037037037
1 0.4215277777777778 0.828395061728395 0.08194444444444444 0.1259259259259259
1 0.13472222222222222 0.46296296296296297 0.1527777777777778 0.22469135802469137
1 0.2722222222222222 0.06049382716049383 0.10277777777777777 0.11604938271604938
1 0.9715277777777778 0.362962962962963 0.05694444444444444 0.2271604938271605
3 0.6513888888888889 0.7320987654320987 0.07777777777777778 0.1259259259259259
3 0.5784722222222223 0.49135802469135803 0.05416666666666667 0.0691358024691358
3 0.16805555555555557 0.9358024691358025 0.08888888888888889 0.12345679012345678
3 0.3 0.8864197530864197 0.06666666666666667 0.11358024691358025
3 0.2423611111111111 0.9567901234567902 0.07916666666666666 0.09135802469135802