0 0.4798611111111111 0.40370370370370373 0.08472222222222223 0.14074074074074075
0 0.3347222222222222 0.42592592592592593 0.13055555555555556 0.1308641975308642
0 0.40902777777777777 0.9222222222222223 0.12083333333333333 0.1506172839506173
0 0.5340277777777778 0.6604938271604939 0.10694444444444444 0.21975308641975308
0 0.7631944444444444 0.4679012345679012 0.12083333333333333 0.1259259259259259
1 0.6097222222222223 0.582716049382716 0.09166666666666666 0.16296296296296298
1 0.9111111111111111 0.6654320987654321 0.10833333333333334 0.17037037037037037
1 0.7513888888888889 0.5604938271604938 0.05277777777777778 0.08395061728395062
1 0.9444444444444444 0.21358024691358024 0.058333333333333334 0.08148148148148149
1 0.6958333333333333 0.6135802469135803 0.06388888888888888 0.11604938271604938
1 0.8166666666666667 0.18765432098765433 0.05555555555555555 0.07901234567901234
1 0.9520833333333333 0.1111111111111111 0.05416666666666667 0.07407407407407407
1 0.33611111111111114 0.49382716049382713 0.05 0.07407407407407407
1 0.8881944444444444 0.04567901234567901 0.04583333333333333 0.07160493827160494