0 0.4152777777777778 0.9074074074074074 0.1111111111111111 0.18518518518518517
0 0.5854166666666667 0.4839506172839506 0.09583333333333334 0.07407407407407407
1 0.6576388888888889 0.16913580246913582 0.05138888888888889 0.08148148148148149
1 0.9416666666666667 0.3 0.11388888888888889 0.1654320987654321
1 0.7625 0.5839506172839506 0.09166666666666666 0.16049382716049382
1 0.5368055555555555 0.19135802469135801 0.0625 0.14074074074074075
1 0.7451388888888889 0.05802469135802469 0.059722222222222225 0.08641975308641975
1 0.7729166666666667 0.8851851851851852 0.1486111111111111 0.21975308641975308
1 0.9402777777777778 0.19135802469135801 0.06388888888888888 0.09135802469135802
3 0.6118055555555556 0.1962962962962963 0.05416666666666667 0.07654320987654321
3 0.2972222222222222 0.03580246913580247 0.08055555555555556 0.06666666666666667
3 0.46944444444444444 0.06790123456790123 0.05555555555555555 0.10123456790123457
3 0.7791666666666667 0.48148148148148145 0.06666666666666667 0.1037037037037037
3 0.6944444444444444 0.1469135802469136 0.05277777777777778 0.05185185185185185
3 0.5277777777777778 0.3530864197530864 0.05277777777777778 0.07901234567901234
3 0.8020833333333334 0.32592592592592595 0.059722222222222225 0.07407407407407407
3 0.6256944444444444 0.6641975308641975 0.0375 0.07901234567901234