0 0.43307291666666664 0.6736111111111112 0.0609375 0.1712962962962963
1 0.44635416666666666 0.8013888888888889 0.041666666666666664 0.06944444444444445
1 0.6104166666666667 0.5120370370370371 0.036458333333333336 0.05555555555555555
1 0.20703125 0.6689814814814815 0.0484375 0.08055555555555556
1 0.35234375 0.4837962962962963 0.0328125 0.05277777777777778
1 0.8919270833333334 0.9324074074074075 0.06927083333333334 0.0962962962962963
1 0.53984375 0.8013888888888889 0.04635416666666667 0.06759259259259259
1 0.5567708333333333 0.40324074074074073 0.034375 0.05092592592592592
1 0.6536458333333334 0.9495370370370371 0.07916666666666666 0.09166666666666666
1 0.10442708333333334 0.7430555555555556 0.05364583333333333 0.07314814814814814
1 0.12916666666666668 0.6143518518518518 0.041666666666666664 0.06388888888888888
1 0.15260416666666668 0.9712962962962963 0.06458333333333334 0.053703703703703705
1 0.23723958333333334 0.8689814814814815 0.0453125 0.09537037037037037
3 0.3609375 0.5555555555555556 0.05 0.06296296296296296
3 0.665625 0.6958333333333333 0.090625 0.13796296296296295
3 0.79296875 0.836574074074074 0.07239583333333334 0.11203703703703703
3 0.090625 0.4587962962962963 0.0625 0.08611111111111111