1 0.3423611111111111 0.562962962962963 0.05694444444444444 0.08888888888888889
1 0.43125 0.5209876543209877 0.04861111111111111 0.07901234567901234
1 0.6416666666666667 0.6222222222222222 0.05555555555555555 0.08888888888888889
1 0.7277777777777777 0.6506172839506172 0.05277777777777778 0.09135802469135802
1 0.8340277777777778 0.3728395061728395 0.06527777777777778 0.08888888888888889
1 0.8 0.5296296296296297 0.06944444444444445 0.11604938271604938
1 0.22013888888888888 0.737037037037037 0.04861111111111111 0.07654320987654321
1 0.4847222222222222 0.7222222222222222 0.06388888888888888 0.11604938271604938
1 0.08402777777777778 0.8123456790123457 0.07083333333333333 0.10864197530864197
1 0.6944444444444444 0.3530864197530864 0.044444444444444446 0.0691358024691358
1 0.4548611111111111 0.43333333333333335 0.04027777777777778 0.056790123456790124
1 0.5048611111111111 0.4024691358024691 0.04027777777777778 0.05925925925925926