0 0.3993055555555556 0.3814814814814815 0.10694444444444444 0.0962962962962963
1 0.4152777777777778 0.9259259259259259 0.1 0.14814814814814814
1 0.54375 0.5790123456790124 0.059722222222222225 0.10617283950617284
1 0.5923611111111111 0.29012345679012347 0.059722222222222225 0.1111111111111111
1 0.12083333333333333 0.05555555555555555 0.08333333333333333 0.10123456790123457
1 0.29791666666666666 0.32098765432098764 0.05416666666666667 0.08888888888888889
1 0.3263888888888889 0.024691358024691357 0.05 0.044444444444444446
1 0.23194444444444445 0.05308641975308642 0.03888888888888889 0.06666666666666667
1 0.8305555555555556 0.37037037037037035 0.06388888888888888 0.1037037037037037
3 0.15208333333333332 0.2962962962962963 0.12361111111111112 0.1580246913580247
3 0.04375 0.1271604938271605 0.08472222222222223 0.14074074074074075
3 0.5694444444444444 0.4901234567901235 0.075 0.08641975308641975
3 0.5923611111111111 0.5901234567901235 0.04861111111111111 0.07901234567901234
3 0.78125 0.7703703703703704 0.07361111111111111 0.10864197530864197
3 0.49236111111111114 0.6395061728395062 0.06805555555555555 0.10864197530864197
3 0.9229166666666667 0.528395061728395 0.04027777777777778 0.07901234567901234