0 0.703125 0.8287037037037037 0.10520833333333333 0.17222222222222222
1 0.325 0.9300925925925926 0.051041666666666666 0.08055555555555556
1 0.45807291666666666 0.34814814814814815 0.03802083333333333 0.06296296296296296
1 0.25546875 0.2708333333333333 0.0421875 0.062037037037037036
1 0.19505208333333332 0.2861111111111111 0.044270833333333336 0.06481481481481481
1 0.39765625 0.5425925925925926 0.0421875 0.06296296296296296
1 0.12838541666666667 0.3699074074074074 0.043229166666666666 0.06388888888888888
1 0.6424479166666667 0.6337962962962963 0.03177083333333333 0.05277777777777778
1 0.5565104166666667 0.3736111111111111 0.030729166666666665 0.05092592592592592
1 0.25859375 0.11064814814814815 0.03177083333333333 0.049074074074074076
1 0.30416666666666664 0.14212962962962963 0.042708333333333334 0.058333333333333334
1 0.490625 0.26296296296296295 0.030208333333333334 0.05
1 0.4002604166666667 0.11064814814814815 0.027604166666666666 0.04351851851851852
1 0.403125 0.14629629629629629 0.026041666666666668 0.040740740740740744
1 0.31875 0.1337962962962963 0.03125 0.05462962962962963
3 0.4075520833333333 0.3347222222222222 0.06197916666666667 0.08796296296296297