1 0.47847222222222224 0.4740740740740741 0.05138888888888889 0.08395061728395062
1 0.38333333333333336 0.9469135802469136 0.06666666666666667 0.10123456790123457
1 0.5333333333333333 0.19753086419753085 0.044444444444444446 0.07901234567901234
1 0.38819444444444445 0.3567901234567901 0.04027777777777778 0.07160493827160494
1 0.21597222222222223 0.8209876543209876 0.04861111111111111 0.07654320987654321
1 0.38333333333333336 0.47901234567901235 0.044444444444444446 0.07407407407407407
1 0.05 0.8061728395061728 0.075 0.10123456790123457
1 0.8048611111111111 0.8197530864197531 0.0625 0.11851851851851852
1 0.9236111111111112 0.2222222222222222 0.06944444444444445 0.10864197530864197
1 0.4930555555555556 0.8728395061728395 0.06111111111111111 0.09135802469135802
1 0.5576388888888889 0.9098765432098765 0.04861111111111111 0.08148148148148149
3 0.6236111111111111 0.7555555555555555 0.1 0.15308641975308643
3 0.6243055555555556 0.5395061728395062 0.05138888888888889 0.07654320987654321
3 0.6715277777777777 0.4617283950617284 0.07083333333333333 0.10864197530864197
3 0.3861111111111111 0.6864197530864198 0.05555555555555555 0.09382716049382717
3 0.26805555555555555 0.9160493827160494 0.08055555555555556 0.11851851851851852