0 0.6263888888888889 0.9197530864197531 0.14722222222222223 0.1259259259259259
0 0.5777777777777777 0.26666666666666666 0.08055555555555556 0.1037037037037037
1 0.06319444444444444 0.10123456790123457 0.07361111111111111 0.08888888888888889
1 0.4097222222222222 0.1580246913580247 0.04722222222222222 0.07901234567901234
1 0.09583333333333334 0.5407407407407407 0.08333333333333333 0.12839506172839507
1 0.40625 0.05925925925925926 0.05416666666666667 0.07901234567901234
1 0.035416666666666666 0.4345679012345679 0.0625 0.10864197530864197
1 0.46597222222222223 0.18641975308641975 0.04583333333333333 0.07654320987654321
1 0.30833333333333335 0.7185185185185186 0.075 0.11851851851851852
1 0.4409722222222222 0.4567901234567901 0.0763888888888889 0.1382716049382716
1 0.27361111111111114 0.6506172839506172 0.05277777777777778 0.09135802469135802
1 0.02361111111111111 0.8358024691358025 0.04722222222222222 0.17037037037037037
1 0.07013888888888889 0.6728395061728395 0.08194444444444444 0.11604938271604938
1 0.5951388888888889 0.022222222222222223 0.04583333333333333 0.044444444444444446
1 0.05763888888888889 0.5160493827160494 0.04861111111111111 0.08395061728395062
3 0.37916666666666665 0.6580246913580247 0.05555555555555555 0.08641975308641975
3 0.6916666666666667 0.8419753086419753 0.08055555555555556 0.12345679012345678