1 0.6555555555555556 0.16049382716049382 0.058333333333333334 0.1037037037037037
1 0.19583333333333333 0.4469135802469136 0.05555555555555555 0.09382716049382717
1 0.18055555555555555 0.26049382716049385 0.058333333333333334 0.10123456790123457
1 0.3770833333333333 0.6 0.06805555555555555 0.12345679012345678
1 0.47708333333333336 0.5432098765432098 0.0625 0.11358024691358025
1 0.05625 0.5148148148148148 0.059722222222222225 0.10123456790123457
1 0.5743055555555555 0.42098765432098767 0.06527777777777778 0.1111111111111111
1 0.27708333333333335 0.4271604938271605 0.0625 0.11851851851851852
1 0.6847222222222222 0.3802469135802469 0.06666666666666667 0.12345679012345678
3 0.6340277777777777 0.8876543209876543 0.08194444444444444 0.145679012345679
3 0.6951388888888889 0.9518518518518518 0.0625 0.09135802469135802