1 0.11588541666666667 0.45231481481481484 0.05416666666666667 0.08055555555555556
1 0.3555989583333333 0.13240740740740742 0.04192708333333333 0.06481481481481481
1 0.5451822916666667 0.4962962962962963 0.04765625 0.07777777777777778
1 0.173046875 0.6275462962962963 0.05859375 0.08564814814814815
1 0.10091145833333333 0.3787037037037037 0.04296875 0.06296296296296296
1 0.40872395833333336 0.12824074074074074 0.03359375 0.05555555555555555
1 0.4049479166666667 0.5793981481481482 0.0421875 0.06805555555555555
1 0.4342447916666667 0.32546296296296295 0.03671875 0.05648148148148148
1 0.143359375 0.11875 0.05078125 0.07916666666666666
1 0.62265625 0.22962962962962963 0.030729166666666665 0.049074074074074076
1 0.09583333333333334 0.2759259259259259 0.05572916666666667 0.09259259259259259
1 0.699609375 0.42685185185185187 0.031510416666666666 0.058333333333333334
1 0.12421875 0.18101851851851852 0.04479166666666667 0.05648148148148148
1 0.7638020833333333 0.3951388888888889 0.034895833333333334 0.050462962962962966
1 0.03307291666666667 0.4337962962962963 0.050520833333333334 0.07962962962962963
1 0.8639322916666666 0.28935185185185186 0.03567708333333333 0.05648148148148148
1 0.6549479166666666 0.1511574074074074 0.03125 0.04861111111111111
1 0.225390625 0.33449074074074076 0.04296875 0.0625
1 0.5563802083333333 0.06458333333333334 0.03359375 0.05324074074074074
1 0.8173177083333333 0.27523148148148147 0.027864583333333335 0.04861111111111111
1 0.8196614583333334 0.4395833333333333 0.02890625 0.04953703703703704
1 0.7350260416666666 0.16944444444444445 0.02421875 0.040740740740740744
1 0.62265625 0.09027777777777778 0.030208333333333334 0.05277777777777778
1 0.3619791666666667 0.6298611111111111 0.0390625 0.060648148148148145
3 0.38359375 0.24305555555555555 0.04895833333333333 0.04259259259259259
3 0.37942708333333336 0.40949074074074077 0.0359375 0.050462962962962966
1 0.732421875 0.44930555555555557 0.02890625 0.04953703703703704
1 0.9079427083333333 0.5108796296296296 0.02890625 0.04953703703703704
1 0.911328125 0.4085648148148148 0.02890625 0.04953703703703704
1 0.951953125 0.35671296296296295 0.02890625 0.04953703703703704
1 0.9615885416666666 0.33217592592592593 0.02890625 0.04953703703703704
1 0.980859375 0.2511574074074074 0.02890625 0.04953703703703704
1 0.9303385416666666 0.2298611111111111 0.02890625 0.04953703703703704
1 0.7817708333333333 0.2824074074074074 0.022395833333333334 0.04259259259259259
1 0.7916666666666666 0.2175925925925926 0.022395833333333334 0.04259259259259259
1 0.8158854166666667 0.20601851851851852 0.022395833333333334 0.04259259259259259
1 0.775390625 0.1648148148148148 0.02265625 0.03333333333333333
1 0.7825520833333334 0.12662037037037038 0.022395833333333334 0.033796296296296297
1 0.7419270833333333 0.10972222222222222 0.022395833333333334 0.04259259259259259
1 0.706640625 0.08912037037037036 0.02421875 0.03564814814814815
1 0.7026041666666667 0.1275462962962963 0.021875 0.03935185185185185
1 0.7901041666666667 0.05578703703703704 0.022395833333333334 0.033796296296296297
1 0.8322916666666667 0.05393518518518518 0.022395833333333334 0.033796296296296297
1 0.846875 0.1511574074074074 0.022395833333333334 0.033796296296296297
1 0.8658854166666666 0.10486111111111111 0.017708333333333333 0.033796296296296297
1 0.9114583333333334 0.16828703703703704 0.022395833333333334 0.033796296296296297
1 0.5282552083333333 0.019675925925925927 0.029427083333333333 0.0375