0 0.7145833333333333 0.8185185185185185 0.06527777777777778 0.21975308641975308
1 0.45902777777777776 0.40370370370370373 0.0625 0.09135802469135802
1 0.3854166666666667 0.23580246913580247 0.04583333333333333 0.08148148148148149
1 0.11666666666666667 0.6753086419753086 0.06944444444444445 0.11604938271604938
1 0.7652777777777777 0.6432098765432098 0.07222222222222222 0.10617283950617284
1 0.28194444444444444 0.05555555555555555 0.041666666666666664 0.07160493827160494
1 0.3215277777777778 0.09876543209876543 0.04583333333333333 0.07901234567901234
1 0.11875 0.3395061728395062 0.04027777777777778 0.08148148148148149
1 0.4270833333333333 0.20246913580246914 0.04027777777777778 0.07407407407407407
1 0.45625 0.18888888888888888 0.04583333333333333 0.08641975308641975
1 0.4131944444444444 0.28888888888888886 0.04583333333333333 0.07901234567901234
1 0.47638888888888886 0.07407407407407407 0.04722222222222222 0.08888888888888889
1 0.21319444444444444 0.25679012345679014 0.034722222222222224 0.06419753086419754