1 0.6518229166666667 0.480787037037037 0.028645833333333332 0.04490740740740741
1 0.6209635416666667 0.3768518518518518 0.03359375 0.053703703703703705
1 0.6208333333333333 0.12638888888888888 0.028125 0.05092592592592592
1 0.5848958333333333 0.5365740740740741 0.022395833333333334 0.03888888888888889
1 0.56328125 0.49537037037037035 0.028645833333333332 0.04814814814814815
1 0.27708333333333335 0.5162037037037037 0.028125 0.044444444444444446
1 0.7490885416666667 0.3347222222222222 0.027864583333333335 0.04259259259259259
1 0.79140625 0.4530092592592593 0.030208333333333334 0.05138888888888889
1 0.6002604166666666 0.47314814814814815 0.022916666666666665 0.03796296296296296
1 0.7546875 0.41412037037037036 0.023958333333333335 0.04675925925925926
1 0.23216145833333332 0.8740740740740741 0.03203125 0.05462962962962963
1 0.084375 0.7314814814814815 0.027604166666666666 0.044444444444444446
1 0.36302083333333335 0.3247685185185185 0.028645833333333332 0.04583333333333333
1 0.44244791666666666 0.17430555555555555 0.025 0.043055555555555555
1 0.06705729166666667 0.5243055555555556 0.03203125 0.04398148148148148
1 0.683984375 0.4810185185185185 0.018489583333333334 0.03518518518518519
3 0.502734375 0.5821759259259259 0.07526041666666666 0.11805555555555555
1 0.28671875 0.5513888888888889 0.028125 0.044444444444444446
1 0.23671875 0.4583333333333333 0.028125 0.044444444444444446
1 0.34739583333333335 0.5509259259259259 0.028125 0.044444444444444446
1 0.3703125 0.5222222222222223 0.028125 0.044444444444444446
1 0.43385416666666665 0.5189814814814815 0.028125 0.044444444444444446
1 0.5080729166666667 0.47453703703703703 0.028125 0.044444444444444446
1 0.65859375 0.4398148148148148 0.028125 0.044444444444444446
1 0.5114583333333333 0.40879629629629627 0.028125 0.044444444444444446
1 0.5276041666666667 0.26157407407407407 0.028125 0.044444444444444446
1 0.4125 0.1625 0.028125 0.044444444444444446
1 0.071484375 0.48310185185185184 0.03203125 0.04398148148148148
1 0.083984375 0.6206018518518519 0.03203125 0.04398148148148148
1 0.106640625 0.593287037037037 0.03203125 0.04398148148148148
1 0.060286458333333334 0.3872685185185185 0.03203125 0.04398148148148148
1 0.07044270833333334 0.32893518518518516 0.03203125 0.04398148148148148
1 0.07591145833333333 0.2900462962962963 0.03203125 0.04398148148148148
1 0.13216145833333334 0.36180555555555555 0.02578125 0.03009259259259259
1 0.13997395833333334 0.26967592592592593 0.03203125 0.04398148148148148
1 0.912109375 0.25416666666666665 0.027864583333333335 0.04259259259259259
1 0.837109375 0.21712962962962962 0.027864583333333335 0.04259259259259259
1 0.8391927083333334 0.2412037037037037 0.027864583333333335 0.04259259259259259
1 0.8522135416666666 0.03518518518518519 0.027864583333333335 0.04259259259259259
1 0.8423177083333333 0.022685185185185187 0.027864583333333335 0.04259259259259259
1 0.7936197916666666 0.04583333333333333 0.027864583333333335 0.04259259259259259
1 0.7350260416666666 0.03888888888888889 0.027864583333333335 0.04259259259259259
1 0.6365885416666667 0.021527777777777778 0.027864583333333335 0.04212962962962963
1 0.6014322916666667 0.04212962962962963 0.027864583333333335 0.04259259259259259
1 0.5858072916666667 0.07222222222222222 0.027864583333333335 0.04259259259259259
1 0.5884114583333333 0.1 0.027864583333333335 0.04259259259259259
1 0.45169270833333336 0.07453703703703704 0.027864583333333335 0.04259259259259259
1 0.4100260416666667 0.09907407407407408 0.027864583333333335 0.04259259259259259
1 0.3977864583333333 0.03287037037037037 0.027864583333333335 0.04259259259259259