1 0.81875 0.7731481481481481 0.05520833333333333 0.08703703703703704
1 0.21119791666666668 0.8814814814814815 0.0453125 0.07777777777777778
1 0.37161458333333336 0.5819444444444445 0.0390625 0.06388888888888888
1 0.7026041666666667 0.6319444444444444 0.041666666666666664 0.06574074074074074
1 0.3203125 0.6111111111111112 0.035416666666666666 0.05925925925925926
1 0.21380208333333334 0.5212962962962963 0.034895833333333334 0.05740740740740741
1 0.9236979166666667 0.6541666666666667 0.05364583333333333 0.075
1 0.6208333333333333 0.274537037037037 0.03229166666666667 0.058333333333333334
1 0.3489583333333333 0.48333333333333334 0.03958333333333333 0.06851851851851852
1 0.5671875 0.22824074074074074 0.040625 0.06759259259259259
1 0.18854166666666666 0.4148148148148148 0.03333333333333333 0.053703703703703705
1 0.87265625 0.5375 0.0453125 0.0787037037037037
1 0.08619791666666667 0.44074074074074077 0.034895833333333334 0.05185185185185185
1 0.040364583333333336 0.4736111111111111 0.034895833333333334 0.05277777777777778
1 0.35911458333333335 0.4287037037037037 0.0296875 0.05185185185185185
1 0.7744791666666667 0.14629629629629629 0.03333333333333333 0.06481481481481481
1 0.4075520833333333 0.3287037037037037 0.0265625 0.044444444444444446
1 0.425 0.23842592592592593 0.023958333333333335 0.03796296296296296
3 0.78828125 0.8856481481481482 0.05364583333333333 0.0824074074074074
1 0.37473958333333335 0.30648148148148147 0.0265625 0.044444444444444446
1 0.41484375 0.25787037037037036 0.024479166666666666 0.03796296296296296
1 0.4127604166666667 0.1986111111111111 0.024479166666666666 0.03796296296296296
1 0.80859375 0.2875 0.024479166666666666 0.03796296296296296
1 0.94375 0.5601851851851852 0.041666666666666664 0.06851851851851852
1 0.07682291666666667 0.38055555555555554 0.034895833333333334 0.05185185185185185
1 0.05703125 0.2962962962962963 0.034895833333333334 0.05185185185185185