0 0.4444444444444444 0.2716049382716049 0.06111111111111111 0.08395061728395062
0 0.29444444444444445 0.9444444444444444 0.06666666666666667 0.10617283950617284
1 0.41458333333333336 0.11728395061728394 0.04583333333333333 0.08148148148148149
1 0.13472222222222222 0.46296296296296297 0.06111111111111111 0.09135802469135802
1 0.43194444444444446 0.6098765432098765 0.058333333333333334 0.10864197530864197
1 0.04097222222222222 0.8802469135802469 0.07916666666666666 0.14074074074074075
1 0.6694444444444444 0.8580246913580247 0.07222222222222222 0.1308641975308642
1 0.08402777777777778 0.5469135802469136 0.06805555555555555 0.10123456790123457
1 0.36527777777777776 0.6876543209876543 0.05555555555555555 0.1111111111111111
1 0.2972222222222222 0.5753086419753086 0.06111111111111111 0.08888888888888889
1 0.7493055555555556 0.19135802469135801 0.0625 0.11604938271604938
1 0.019444444444444445 0.47160493827160493 0.03611111111111111 0.09382716049382717
3 0.30416666666666664 0.40987654320987654 0.03888888888888889 0.0691358024691358
3 0.25763888888888886 0.9345679012345679 0.04027777777777778 0.06666666666666667