1 0.5510416666666667 0.6189814814814815 0.036458333333333336 0.053703703703703705
1 0.217578125 0.6613425925925925 0.040364583333333336 0.05694444444444444
1 0.16028645833333333 0.7129629629629629 0.03359375 0.04722222222222222
1 0.224609375 0.21458333333333332 0.03671875 0.0587962962962963
1 0.400390625 0.5097222222222222 0.03307291666666667 0.05185185185185185
1 0.120703125 0.14351851851851852 0.04244791666666667 0.062037037037037036
1 0.524609375 0.5344907407407408 0.026822916666666665 0.0412037037037037
1 0.16966145833333332 0.5652777777777778 0.029427083333333333 0.04722222222222222
1 0.3665364583333333 0.16597222222222222 0.031510416666666666 0.04583333333333333
1 0.438671875 0.5678240740740741 0.026822916666666665 0.0412037037037037
1 0.72578125 0.4423611111111111 0.034375 0.04490740740740741
1 0.8045572916666667 0.4675925925925926 0.022135416666666668 0.03425925925925926
1 0.2359375 0.14560185185185184 0.027083333333333334 0.0412037037037037
1 0.3489583333333333 0.5351851851851852 0.0328125 0.05555555555555555
1 0.6365885416666667 0.4979166666666667 0.020572916666666666 0.03564814814814815
1 0.271875 0.14467592592592593 0.0265625 0.03935185185185185
1 0.6106770833333334 0.4761574074074074 0.017708333333333333 0.024537037037037038
1 0.6078125 0.4224537037037037 0.017708333333333333 0.024537037037037038
1 0.6497395833333334 0.42615740740740743 0.017708333333333333 0.024537037037037038
1 0.6765625 0.4136574074074074 0.017708333333333333 0.024537037037037038
1 0.825 0.5127314814814815 0.017708333333333333 0.024537037037037038
1 0.786328125 0.4546296296296296 0.022135416666666668 0.03425925925925926
1 0.9341145833333333 0.50625 0.017708333333333333 0.024537037037037038
1 0.9411458333333333 0.41412037037037036 0.017708333333333333 0.024537037037037038
1 0.925 0.4131944444444444 0.017708333333333333 0.024537037037037038
1 0.90859375 0.43171296296296297 0.017708333333333333 0.024537037037037038
1 0.47747395833333334 0.13587962962962963 0.019010416666666665 0.02546296296296296
1 0.432421875 0.1414351851851852 0.019010416666666665 0.02546296296296296
1 0.40533854166666666 0.11828703703703704 0.019010416666666665 0.02546296296296296
1 0.413671875 0.10208333333333333 0.019010416666666665 0.02546296296296296
1 0.45481770833333335 0.11273148148148149 0.019010416666666665 0.02546296296296296
1 0.06315104166666667 0.1076388888888889 0.019010416666666665 0.02546296296296296
1 0.06627604166666666 0.29976851851851855 0.019010416666666665 0.02546296296296296