1 0.9484375 0.6472222222222223 0.10208333333333333 0.18518518518518517
1 0.6770833333333334 0.7101851851851851 0.05 0.08703703703703704
1 0.9638020833333333 0.42824074074074076 0.0703125 0.11018518518518519
1 0.4484375 0.7527777777777778 0.04583333333333333 0.06851851851851852
1 0.5390625 0.9453703703703704 0.052083333333333336 0.07962962962962963
1 0.18880208333333334 0.9666666666666667 0.06302083333333333 0.06111111111111111
1 0.8486979166666667 0.23333333333333334 0.0421875 0.06111111111111111
1 0.4466145833333333 0.42268518518518516 0.034895833333333334 0.049074074074074076
1 0.5356770833333333 0.8740740740740741 0.044270833333333336 0.07407407407407407
1 0.58125 0.6893518518518519 0.0375 0.06759259259259259
1 0.41432291666666665 0.43657407407407406 0.034895833333333334 0.049074074074074076
1 0.3731770833333333 0.48009259259259257 0.034895833333333334 0.049074074074074076
1 0.31588541666666664 0.6032407407407407 0.034895833333333334 0.049074074074074076
1 0.5065104166666666 0.44675925925925924 0.034895833333333334 0.049074074074074076
1 0.5856770833333333 0.4828703703703704 0.034895833333333334 0.049074074074074076
1 0.6377604166666667 0.4375 0.034895833333333334 0.049074074074074076
1 0.67890625 0.42916666666666664 0.034895833333333334 0.049074074074074076