0 0.6861111111111111 0.5580246913580247 0.125 0.12345679012345678
0 0.6333333333333333 0.21604938271604937 0.125 0.14074074074074075
0 0.90625 0.31234567901234567 0.12638888888888888 0.2345679012345679
1 0.04652777777777778 0.4876543209876543 0.09027777777777778 0.1506172839506173
1 0.475 0.7135802469135802 0.10833333333333334 0.17777777777777778
1 0.39305555555555555 0.6135802469135803 0.08888888888888889 0.1259259259259259
1 0.5763888888888888 0.9407407407407408 0.09444444444444444 0.11358024691358025
1 0.6048611111111111 0.754320987654321 0.10972222222222222 0.18518518518518517
1 0.16527777777777777 0.6567901234567901 0.10555555555555556 0.1580246913580247
1 0.27361111111111114 0.7 0.11666666666666667 0.18518518518518517
1 0.3506944444444444 0.8765432098765432 0.1125 0.1925925925925926
1 0.7569444444444444 0.8493827160493828 0.12777777777777777 0.19753086419753085
1 0.18194444444444444 0.9 0.1388888888888889 0.19506172839506172
1 0.05138888888888889 0.8950617283950617 0.1 0.19506172839506172
1 0.022222222222222223 0.6432098765432098 0.044444444444444446 0.14074074074074075
1 0.05625 0.7839506172839507 0.09027777777777778 0.1308641975308642
3 0.5527777777777778 0.5802469135802469 0.13333333333333333 0.16790123456790124
3 0.575 0.09382716049382717 0.10277777777777777 0.11851851851851852
3 0.39375 0.1308641975308642 0.06805555555555555 0.1037037037037037
3 0.4666666666666667 0.5493827160493827 0.06388888888888888 0.08641975308641975
3 0.4777777777777778 0.41975308641975306 0.09166666666666666 0.13333333333333333
3 0.8548611111111111 0.6703703703703704 0.07361111111111111 0.13580246913580246
3 0.5027777777777778 0.4604938271604938 0.05277777777777778 0.08641975308641975