0 0.8153645833333333 0.4564814814814815 0.05 0.13703703703703704
1 0.5138020833333333 0.4650462962962963 0.08229166666666667 0.13842592592592592
1 0.380859375 0.47800925925925924 0.14661458333333333 0.2300925925925926
1 0.6805989583333333 0.25787037037037036 0.04765625 0.07037037037037037
1 0.7223958333333333 0.06921296296296296 0.03333333333333333 0.050462962962962966
1 0.6397135416666667 0.4664351851851852 0.06015625 0.11712962962962963
3 0.39401041666666664 0.30439814814814814 0.06770833333333333 0.05324074074074074
3 0.17057291666666666 0.037037037037037035 0.0359375 0.03611111111111111
3 0.669140625 0.42453703703703705 0.040364583333333336 0.05277777777777778
3 0.8268229166666666 0.2601851851851852 0.0421875 0.044444444444444446
3 0.5368489583333333 0.09583333333333334 0.031510416666666666 0.04351851851851852
1 0.7200520833333334 0.031712962962962964 0.03333333333333333 0.050462962962962966
1 0.7830729166666667 0.05763888888888889 0.03333333333333333 0.050462962962962966