1 0.6451388888888889 0.7913580246913581 0.07083333333333333 0.12098765432098765
1 0.40902777777777777 0.37530864197530867 0.04583333333333333 0.09876543209876543
1 0.74375 0.15432098765432098 0.04027777777777778 0.06666666666666667
1 0.5618055555555556 0.9481481481481482 0.06527777777777778 0.1037037037037037
1 0.02638888888888889 0.9111111111111111 0.05 0.17777777777777778
1 0.21180555555555555 0.33209876543209876 0.06527777777777778 0.1111111111111111
1 0.02013888888888889 0.7296296296296296 0.0375 0.1308641975308642
1 0.15902777777777777 0.44074074074074077 0.06805555555555555 0.10617283950617284
1 0.45069444444444445 0.35802469135802467 0.04027777777777778 0.0691358024691358
1 0.7340277777777777 0.6283950617283951 0.059722222222222225 0.08641975308641975
1 0.7319444444444444 0.2876543209876543 0.041666666666666664 0.07654320987654321
1 0.7395833333333334 0.38641975308641974 0.043055555555555555 0.08148148148148149
1 0.9673611111111111 0.14320987654320988 0.05416666666666667 0.08888888888888889
1 0.20694444444444443 0.10123456790123457 0.044444444444444446 0.06419753086419754
1 0.7770833333333333 0.3592592592592593 0.04861111111111111 0.09135802469135802
3 0.12152777777777778 0.26049382716049385 0.05694444444444444 0.07654320987654321
3 0.8388888888888889 0.7012345679012346 0.06111111111111111 0.08888888888888889
1 0.7701388888888889 0.5851851851851851 0.043055555555555555 0.05432098765432099