1 0.2669270833333333 0.3453703703703704 0.03854166666666667 0.05555555555555555
1 0.57578125 0.4152777777777778 0.04583333333333333 0.07407407407407407
1 0.6145833333333334 0.3773148148148148 0.03802083333333333 0.07407407407407407
1 0.46145833333333336 0.10601851851851851 0.027604166666666666 0.05185185185185185
1 0.2526041666666667 0.20069444444444445 0.028125 0.04490740740740741
1 0.2078125 0.2412037037037037 0.030208333333333334 0.03981481481481482
1 0.15768229166666667 0.2337962962962963 0.029427083333333333 0.04351851851851852
1 0.03138020833333333 0.33217592592592593 0.032552083333333336 0.050462962962962966
1 0.20989583333333334 0.40069444444444446 0.0390625 0.05787037037037037
1 0.348828125 0.5236111111111111 0.02265625 0.04814814814814815
1 0.25416666666666665 0.6310185185185185 0.03125 0.053703703703703705
1 0.03567708333333333 0.7576388888888889 0.04010416666666667 0.05324074074074074
3 0.7877604166666666 0.5983796296296297 0.027083333333333334 0.07268518518518519
3 0.5325520833333334 0.28171296296296294 0.027604166666666666 0.04490740740740741
3 0.237109375 0.3770833333333333 0.032552083333333336 0.05138888888888889
1 0.5427083333333333 0.5476851851851852 0.03802083333333333 0.07407407407407407
1 0.6893229166666667 0.8777777777777778 0.03802083333333333 0.07407407407407407
1 0.5778645833333333 0.2587962962962963 0.027604166666666666 0.05185185185185185
1 0.34739583333333335 0.05648148148148148 0.027604166666666666 0.05185185185185185