0 0.29453125 0.32546296296296295 0.0765625 0.06388888888888888
0 0.884375 0.9194444444444444 0.08229166666666667 0.15555555555555556
1 0.14713541666666666 0.9282407407407407 0.0828125 0.12685185185185185
1 0.33307291666666666 0.7638888888888888 0.058854166666666666 0.09259259259259259
1 0.6744791666666666 0.4013888888888889 0.041666666666666664 0.06574074074074074
1 0.8927083333333333 0.8175925925925925 0.07395833333333333 0.10740740740740741
1 0.2265625 0.7972222222222223 0.06354166666666666 0.10925925925925926
1 0.75625 0.19074074074074074 0.03333333333333333 0.05555555555555555
1 0.4640625 0.22916666666666666 0.03125 0.05648148148148148
3 0.5348958333333333 0.14074074074074075 0.0375 0.04814814814814815
3 0.9486979166666667 0.3773148148148148 0.0765625 0.09907407407407408