1 0.1388888888888889 0.5358024691358024 0.058333333333333334 0.08888888888888889
1 0.5541666666666667 0.43703703703703706 0.05 0.08888888888888889
1 0.5333333333333333 0.3234567901234568 0.044444444444444446 0.0691358024691358
1 0.7715277777777778 0.5333333333333333 0.05138888888888889 0.08395061728395062
1 0.05555555555555555 0.391358024691358 0.05555555555555555 0.08148148148148149
1 0.7375 0.8271604938271605 0.06944444444444445 0.12345679012345678
1 0.2534722222222222 0.2851851851851852 0.043055555555555555 0.06666666666666667
1 0.4340277777777778 0.7358024691358025 0.0625 0.10864197530864197
1 0.5048611111111111 0.5580246913580247 0.04861111111111111 0.07901234567901234
1 0.8208333333333333 0.49135802469135803 0.041666666666666664 0.0691358024691358
1 0.17430555555555555 0.32469135802469135 0.043055555555555555 0.06172839506172839
1 0.2125 0.7049382716049383 0.06666666666666667 0.10617283950617284
1 0.9743055555555555 0.6753086419753086 0.05138888888888889 0.08641975308641975
1 0.325 0.2716049382716049 0.03333333333333333 0.05432098765432099
3 0.8972222222222223 0.8580246913580247 0.08611111111111111 0.1111111111111111
3 0.3159722222222222 0.4839506172839506 0.06805555555555555 0.1037037037037037
3 0.40902777777777777 0.3358024691358025 0.059722222222222225 0.07407407407407407
3 0.8104166666666667 0.7012345679012346 0.0625 0.09382716049382717