1 0.43697916666666664 0.7453703703703703 0.06979166666666667 0.12222222222222222
1 0.8151041666666666 0.1337962962962963 0.04583333333333333 0.0824074074074074
1 0.69453125 0.19953703703703704 0.050520833333333334 0.08055555555555556
1 0.80625 0.5328703703703703 0.04895833333333333 0.075
1 0.7171875 0.09351851851851851 0.04375 0.08333333333333333
1 0.49609375 0.7291666666666666 0.05364583333333333 0.09166666666666666
1 0.66953125 0.9009259259259259 0.06822916666666666 0.11666666666666667
1 0.7994791666666666 0.41574074074074074 0.04895833333333333 0.08333333333333333
1 0.8627604166666667 0.19212962962962962 0.0359375 0.06759259259259259
1 0.9765625 0.9337962962962963 0.04583333333333333 0.125
3 0.5 0.8083333333333333 0.07395833333333333 0.11296296296296296
3 0.5322916666666667 0.274537037037037 0.078125 0.14351851851851852
3 0.71640625 0.3388888888888889 0.05572916666666667 0.1