0 0.6701388888888888 0.12222222222222222 0.1125 0.14074074074074075
0 0.2673611111111111 0.845679012345679 0.10694444444444444 0.1259259259259259
0 0.8444444444444444 0.519753086419753 0.08333333333333333 0.28888888888888886
0 0.47638888888888886 0.8580246913580247 0.11944444444444445 0.2641975308641975
0 0.55625 0.7185185185185186 0.2152777777777778 0.16296296296296298
0 0.6347222222222222 0.4 0.10555555555555556 0.1382716049382716
0 0.32916666666666666 0.4185185185185185 0.12777777777777777 0.17037037037037037
0 0.6916666666666667 0.9037037037037037 0.11666666666666667 0.19753086419753085
0 0.9458333333333333 0.35555555555555557 0.08888888888888889 0.13333333333333333
0 0.8583333333333333 0.25679012345679014 0.12222222222222222 0.15308641975308643
0 0.029861111111111113 0.5370370370370371 0.05694444444444444 0.15555555555555556
0 0.8805555555555555 0.23333333333333334 0.1 0.13580246913580246
0 0.96875 0.47901234567901235 0.0625 0.17777777777777778
0 0.1486111111111111 0.4012345679012346 0.1 0.20987654320987653
1 0.32083333333333336 0.6790123456790124 0.08888888888888889 0.14814814814814814
1 0.4048611111111111 0.6864197530864198 0.09305555555555556 0.15308641975308643
1 0.3909722222222222 0.5493827160493827 0.0875 0.14074074074074075
1 0.4479166666666667 0.47901234567901235 0.09027777777777778 0.16790123456790124
1 0.1076388888888889 0.49753086419753084 0.07083333333333333 0.13580246913580246
1 0.37777777777777777 0.26296296296296295 0.08333333333333333 0.13580246913580246
1 0.8201388888888889 0.1617283950617284 0.059722222222222225 0.0962962962962963
1 0.6833333333333333 0.6160493827160494 0.12222222222222222 0.20987654320987653
1 0.10208333333333333 0.3234567901234568 0.06527777777777778 0.1037037037037037
1 0.5340277777777778 0.4641975308641975 0.10138888888888889 0.1925925925925926
1 0.7472222222222222 0.4222222222222222 0.11944444444444445 0.14814814814814814
1 0.13333333333333333 0.19012345679012346 0.058333333333333334 0.08395061728395062
1 0.7729166666666667 0.05308641975308642 0.06805555555555555 0.10123456790123457
1 0.7659722222222223 0.5061728395061729 0.11805555555555555 0.1728395061728395
1 0.2326388888888889 0.25308641975308643 0.0625 0.07654320987654321
1 0.30833333333333335 0.254320987654321 0.1 0.13333333333333333
1 0.25555555555555554 0.14938271604938272 0.06388888888888888 0.0962962962962963
1 0.3125 0.16790123456790124 0.06111111111111111 0.08888888888888889
1 0.20625 0.17901234567901234 0.06527777777777778 0.1111111111111111
2 0.9166666666666666 0.06296296296296296 0.11388888888888889 0.12098765432098765
2 0.5305555555555556 0.28888888888888886 0.08055555555555556 0.12345679012345678
2 0.8576388888888888 0.3888888888888889 0.11805555555555555 0.145679012345679
2 0.4722222222222222 0.3308641975308642 0.07777777777777778 0.10864197530864197
2 0.5847222222222223 0.36790123456790125 0.07777777777777778 0.12345679012345678
2 0.6263888888888889 0.5320987654320988 0.11666666666666667 0.15555555555555556
2 0.22013888888888888 0.4888888888888889 0.07083333333333333 0.14814814814814814
2 0.4027777777777778 0.23209876543209876 0.06111111111111111 0.11851851851851852
2 0.2111111111111111 0.4012345679012346 0.06111111111111111 0.08641975308641975
2 0.34097222222222223 0.36666666666666664 0.07083333333333333 0.10617283950617284
2 0.21805555555555556 0.3345679012345679 0.05555555555555555 0.08148148148148149
2 0.5631944444444444 0.4765432098765432 0.0625 0.1728395061728395
2 0.6611111111111111 0.44074074074074077 0.075 0.10617283950617284
2 0.16041666666666668 0.23580246913580247 0.05694444444444444 0.06666666666666667
2 0.3993055555555556 0.35802469135802467 0.07916666666666666 0.11358024691358025
2 0.05277777777777778 0.23580246913580247 0.05277777777777778 0.08148148148148149
2 0.4111111111111111 0.4283950617283951 0.08055555555555556 0.1506172839506173
2 0.5270833333333333 0.4802469135802469 0.10694444444444444 0.19506172839506172
2 0.5958333333333333 0.2654320987654321 0.09444444444444444 0.14074074074074075
1 0.7493055555555556 0.3271604938271605 0.0875 0.1259259259259259