0 0.4708333333333333 0.3345679012345679 0.075 0.10617283950617284
0 0.47708333333333336 0.20123456790123456 0.043055555555555555 0.10617283950617284
1 0.2659722222222222 0.05802469135802469 0.05694444444444444 0.10617283950617284
1 0.2375 0.7728395061728395 0.08611111111111111 0.15308641975308643
1 0.36180555555555555 0.40370370370370373 0.0875 0.1654320987654321
1 0.1986111111111111 0.03580246913580247 0.05277777777777778 0.06666666666666667
1 0.36666666666666664 0.1580246913580247 0.05555555555555555 0.07901234567901234
1 0.3375 0.5925925925925926 0.075 0.14814814814814814
1 0.28402777777777777 0.9543209876543209 0.09861111111111111 0.09135802469135802
1 0.28888888888888886 0.3148148148148148 0.044444444444444446 0.07160493827160494
1 0.21180555555555555 0.19135802469135801 0.06805555555555555 0.1111111111111111
2 0.8347222222222223 0.8407407407407408 0.05555555555555555 0.08641975308641975
0 0.47152777777777777 0.391358024691358 0.06805555555555555 0.0962962962962963