0 0.4777777777777778 0.6222222222222222 0.16111111111111112 0.3012345679012346
0 0.7173611111111111 0.562962962962963 0.08472222222222223 0.28641975308641976
0 0.5201388888888889 0.4 0.07083333333333333 0.16296296296296298
0 0.8465277777777778 0.345679012345679 0.10694444444444444 0.17777777777777778
0 0.5326388888888889 0.9333333333333333 0.15138888888888888 0.13333333333333333
0 0.9083333333333333 0.23950617283950618 0.05 0.16790123456790124
3 0.9479166666666666 0.5987654320987654 0.10694444444444444 0.2345679012345679
3 0.5229166666666667 0.7666666666666667 0.12638888888888888 0.21975308641975308
3 0.9409722222222222 0.07530864197530865 0.07916666666666666 0.14074074074074075
3 0.9486111111111111 0.24320987654320989 0.06944444444444445 0.08641975308641975
3 0.5743055555555555 0.4345679012345679 0.0763888888888889 0.12839506172839507