1 0.7217447916666667 0.9159722222222222 0.03046875 0.06898148148148148
1 0.7705729166666667 0.8564814814814815 0.03125 0.05555555555555555
1 0.6622395833333333 0.30486111111111114 0.0296875 0.047685185185185185
1 0.708984375 0.14537037037037037 0.03619791666666667 0.05648148148148148
1 0.7350260416666666 0.10162037037037037 0.03046875 0.05694444444444444
1 0.5880208333333333 0.25810185185185186 0.03333333333333333 0.05694444444444444
1 0.48528645833333334 0.7157407407407408 0.03619791666666667 0.07685185185185185
1 0.16822916666666668 0.9791666666666666 0.06197916666666667 0.04259259259259259
1 0.29908854166666665 0.8479166666666667 0.03984375 0.07546296296296297
1 0.5166666666666667 0.3162037037037037 0.04114583333333333 0.07037037037037037
1 0.526171875 0.19421296296296298 0.03619791666666667 0.09398148148148149
1 0.45533854166666665 0.2724537037037037 0.03984375 0.08287037037037037
1 0.39557291666666666 0.09236111111111112 0.0328125 0.050462962962962966
1 0.3536458333333333 0.08032407407407408 0.0359375 0.07453703703703704
1 0.12044270833333333 0.5106481481481482 0.046614583333333334 0.08425925925925926
1 0.13697916666666668 0.34699074074074077 0.0375 0.06435185185185185
1 0.08098958333333334 0.40185185185185185 0.03697916666666667 0.07685185185185185