1 0.8217447916666667 0.5277777777777778 0.053385416666666664 0.05648148148148148
1 0.35078125 0.11782407407407407 0.029166666666666667 0.04583333333333333
1 0.54765625 0.23472222222222222 0.028125 0.05092592592592592
1 0.16158854166666667 0.2775462962962963 0.03619791666666667 0.06157407407407407
1 0.591015625 0.4060185185185185 0.048177083333333336 0.08703703703703704
1 0.31940104166666666 0.09444444444444444 0.027864583333333335 0.04351851851851852
1 0.5153645833333333 0.14467592592592593 0.027604166666666666 0.04490740740740741
3 0.62578125 0.45787037037037037 0.058854166666666666 0.09166666666666666
3 0.21809895833333334 0.9104166666666667 0.07005208333333333 0.1439814814814815
3 0.4765625 0.5523148148148148 0.030208333333333334 0.05092592592592592
3 0.3743489583333333 0.3451388888888889 0.039322916666666666 0.04490740740740741
3 0.5072916666666667 0.3888888888888889 0.04010416666666667 0.03981481481481482
1 0.5125 0.18194444444444444 0.020833333333333332 0.03425925925925926