1 0.32330729166666666 0.3148148148148148 0.04973958333333333 0.09907407407407408
3 0.7671875 0.9224537037037037 0.06145833333333333 0.11435185185185186
3 0.8322916666666667 0.7287037037037037 0.040625 0.08055555555555556
3 0.8842447916666667 0.5958333333333333 0.045572916666666664 0.06111111111111111
3 0.9627604166666667 0.5192129629629629 0.059375 0.06342592592592593
3 0.8622395833333333 0.39328703703703705 0.041666666666666664 0.05694444444444444
3 0.847265625 0.3490740740740741 0.037760416666666664 0.046296296296296294
3 0.5334635416666667 0.6726851851851852 0.048177083333333336 0.08148148148148149
3 0.37799479166666666 0.6414351851851852 0.016927083333333332 0.07361111111111111
3 0.6153645833333333 0.3398148148148148 0.04010416666666667 0.06481481481481481
3 0.455859375 0.3347222222222222 0.017447916666666667 0.030555555555555555
3 0.31393229166666664 0.45949074074074076 0.05078125 0.06620370370370371
3 0.316796875 0.1763888888888889 0.02265625 0.06296296296296296
3 0.23372395833333334 0.2310185185185185 0.031510416666666666 0.075
3 0.13190104166666666 0.29791666666666666 0.04609375 0.08009259259259259