0 0.56875 0.8740740740740741 0.08472222222222223 0.11851851851851852
0 0.5513888888888889 0.8419753086419753 0.1 0.1037037037037037
1 0.6916666666666667 0.5666666666666667 0.04722222222222222 0.0962962962962963
1 0.6402777777777777 0.5604938271604938 0.05 0.08888888888888889
1 0.40625 0.24691358024691357 0.04583333333333333 0.08888888888888889
1 0.70625 0.6691358024691358 0.06527777777777778 0.09876543209876543
1 0.4222222222222222 0.6679012345679012 0.05 0.08641975308641975
1 0.15486111111111112 0.2641975308641975 0.04583333333333333 0.07407407407407407
1 0.29305555555555557 0.050617283950617285 0.04722222222222222 0.07160493827160494
1 0.1840277777777778 0.7061728395061728 0.0625 0.10864197530864197
1 0.8673611111111111 0.20493827160493827 0.04583333333333333 0.07407407407407407
1 0.33541666666666664 0.056790123456790124 0.0375 0.06419753086419754
1 0.23472222222222222 0.6061728395061728 0.05277777777777778 0.09135802469135802