0 0.23819444444444443 0.5851851851851851 0.10138888888888889 0.1580246913580247
0 0.7256944444444444 0.8222222222222222 0.06805555555555555 0.1580246913580247
1 0.5541666666666667 0.23333333333333334 0.1 0.1506172839506173
1 0.07152777777777777 0.20123456790123456 0.1125 0.17530864197530865
1 0.4909722222222222 0.09506172839506173 0.07361111111111111 0.1308641975308642
1 0.34444444444444444 0.8530864197530864 0.08611111111111111 0.20987654320987653
1 0.9743055555555555 0.8876543209876543 0.05138888888888889 0.18024691358024691
1 0.43472222222222223 0.13209876543209875 0.058333333333333334 0.1111111111111111
1 0.018055555555555554 0.05308641975308642 0.03611111111111111 0.10617283950617284
3 0.3034722222222222 0.5 0.043055555555555555 0.07654320987654321
3 0.08888888888888889 0.9259259259259259 0.12777777777777777 0.14814814814814814