1 0.5255972696245734 0.4125 0.07167235494880546 0.1
1 0.4564846416382253 0.38958333333333334 0.06313993174061433 0.08333333333333333
1 0.36945392491467577 0.728125 0.07679180887372014 0.10208333333333333
1 0.7696245733788396 0.5229166666666667 0.11604095563139932 0.14583333333333334
1 0.9163822525597269 0.47291666666666665 0.08873720136518772 0.1125
1 0.3464163822525597 0.640625 0.07167235494880546 0.07708333333333334
1 0.9692832764505119 0.646875 0.05802047781569966 0.13541666666666666
1 0.7627986348122867 0.3958333333333333 0.10238907849829351 0.11666666666666667
1 0.5639931740614335 0.7385416666666667 0.08020477815699659 0.11041666666666666
1 0.9547781569965871 0.7666666666666667 0.08703071672354949 0.12083333333333333
1 0.9436860068259386 0.9260416666666667 0.10238907849829351 0.12291666666666666
1 0.6766211604095563 0.8802083333333334 0.08703071672354949 0.08958333333333333
1 0.8583617747440273 0.9135416666666667 0.10921501706484642 0.12291666666666666
1 0.7747440273037542 0.184375 0.07508532423208192 0.09791666666666667
1 0.4667235494880546 0.21666666666666667 0.059726962457337884 0.09583333333333334
1 0.6177474402730375 0.6375 0.11945392491467577 0.1375
1 0.5136518771331058 0.153125 0.08873720136518772 0.10625
1 0.30887372013651876 0.06458333333333334 0.07167235494880546 0.12083333333333333
1 0.878839590443686 0.16145833333333334 0.12286689419795221 0.13541666666666666
1 0.8242320819112628 0.26979166666666665 0.08532423208191127 0.09791666666666667
1 0.25 0.18229166666666666 0.06996587030716724 0.08541666666666667