0 0.3625 0.3699074074074074 0.128125 0.07685185185185185
0 0.76953125 0.6092592592592593 0.0671875 0.07407407407407407
0 0.18177083333333333 0.7518518518518519 0.171875 0.16111111111111112
1 0.24375 0.15324074074074073 0.0375 0.05462962962962963
1 0.07526041666666666 0.4064814814814815 0.044270833333333336 0.06111111111111111
1 0.34609375 0.27175925925925926 0.033854166666666664 0.05092592592592592
1 0.42994791666666665 0.22361111111111112 0.04739583333333333 0.09166666666666666
1 0.0703125 0.3541666666666667 0.040625 0.05648148148148148
1 0.010416666666666666 0.35648148148148145 0.020833333333333332 0.07222222222222222
1 0.384375 0.23842592592592593 0.030208333333333334 0.04537037037037037
1 0.3640625 0.2064814814814815 0.023958333333333335 0.040740740740740744
1 0.4734375 0.23657407407407408 0.025 0.041666666666666664
3 0.6666666666666666 0.7657407407407407 0.07916666666666666 0.13518518518518519
3 0.6786458333333333 0.6398148148148148 0.07916666666666666 0.12407407407407407
3 0.33619791666666665 0.5995370370370371 0.07864583333333333 0.11018518518518519
3 0.5364583333333334 0.4287037037037037 0.05520833333333333 0.07962962962962963
3 0.25807291666666665 0.37546296296296294 0.05572916666666667 0.06574074074074074
3 0.4075520833333333 0.2708333333333333 0.049479166666666664 0.05462962962962963
3 0.4078125 0.32685185185185184 0.04791666666666667 0.06296296296296296
3 0.53203125 0.9634259259259259 0.08177083333333333 0.06759259259259259
3 0.378125 0.2861111111111111 0.05520833333333333 0.07592592592592592