1 0.4440104166666667 0.6129629629629629 0.05416666666666667 0.08518518518518518
1 0.22565104166666666 0.5412037037037037 0.05859375 0.08425925925925926
1 0.20143229166666668 0.29212962962962963 0.04505208333333333 0.05740740740740741
1 0.813671875 0.5069444444444444 0.03671875 0.05740740740740741
1 0.5104166666666666 0.4199074074074074 0.04010416666666667 0.062037037037037036
1 0.07864583333333333 0.8861111111111111 0.07291666666666667 0.10462962962962963
1 0.5971354166666667 0.39791666666666664 0.0328125 0.050462962962962966
1 0.6326822916666667 0.44675925925925924 0.03411458333333333 0.05648148148148148
1 0.487109375 0.3541666666666667 0.03619791666666667 0.05740740740740741
1 0.30638020833333335 0.3212962962962963 0.03359375 0.04814814814814815
1 0.5713541666666667 0.34837962962962965 0.042708333333333334 0.050462962962962966
1 0.41067708333333336 0.38680555555555557 0.04010416666666667 0.059722222222222225
1 0.24791666666666667 0.3425925925925926 0.030208333333333334 0.046296296296296294
1 0.2727864583333333 0.38078703703703703 0.03984375 0.06157407407407407
1 0.15911458333333334 0.21087962962962964 0.05416666666666667 0.06805555555555555
1 0.9251302083333334 0.45393518518518516 0.03463541666666667 0.05787037037037037
1 0.8872395833333333 0.4310185185185185 0.0296875 0.04814814814814815
3 0.23776041666666667 0.4233796296296296 0.05625 0.06435185185185185
3 0.6744791666666666 0.41412037037037036 0.041666666666666664 0.04398148148148148
3 0.031510416666666666 0.38958333333333334 0.06041666666666667 0.060648148148148145
3 0.03658854166666667 0.6273148148148148 0.07005208333333333 0.10092592592592593
1 0.386328125 0.23171296296296295 0.02421875 0.0375
1 0.47903645833333336 0.18449074074074073 0.02421875 0.0375
1 0.572265625 0.2298611111111111 0.02421875 0.0375
1 0.608203125 0.24837962962962962 0.02421875 0.0375
1 0.6436197916666667 0.2974537037037037 0.02421875 0.0375
1 0.6412760416666666 0.2502314814814815 0.02421875 0.0375
1 0.631640625 0.21550925925925926 0.02421875 0.0375
1 0.6727864583333333 0.22291666666666668 0.02421875 0.0375
1 0.716015625 0.3423611111111111 0.02421875 0.0375
1 0.7415364583333334 0.3266203703703704 0.02421875 0.0375
1 0.7430989583333333 0.36736111111111114 0.02421875 0.0375
1 0.8240885416666667 0.4081018518518518 0.02421875 0.0375
1 0.5126302083333333 0.3578703703703704 0.03619791666666667 0.05740740740740741