1 0.126171875 0.4219907407407407 0.05651041666666667 0.0875
1 0.19752604166666668 0.6824074074074075 0.05026041666666667 0.07777777777777778
1 0.29322916666666665 0.03425925925925926 0.057291666666666664 0.06759259259259259
1 0.052473958333333334 0.4356481481481482 0.047135416666666666 0.07222222222222222
1 0.20130208333333333 0.6023148148148149 0.0421875 0.06481481481481481
1 0.4173177083333333 0.06921296296296296 0.04088541666666667 0.07268518518518519
1 0.405859375 0.24305555555555555 0.04869791666666667 0.08703703703703704
1 0.07604166666666666 0.9743055555555555 0.0515625 0.04490740740740741
1 0.20872395833333332 0.26828703703703705 0.030989583333333334 0.04027777777777778
1 0.012630208333333334 0.5643518518518519 0.025260416666666667 0.07777777777777778
3 0.25833333333333336 0.6127314814814815 0.05416666666666667 0.08935185185185185
3 0.7813802083333333 0.2048611111111111 0.05286458333333333 0.10787037037037037
3 0.7951822916666667 0.4476851851851852 0.048177083333333336 0.08703703703703704