0 0.575 0.6691358024691358 0.12777777777777777 0.18271604938271604
1 0.42986111111111114 0.7283950617283951 0.09583333333333334 0.16296296296296298
1 0.6277777777777778 0.5012345679012346 0.058333333333333334 0.09876543209876543
1 0.059722222222222225 0.854320987654321 0.09444444444444444 0.14814814814814814
1 0.23402777777777778 0.5938271604938271 0.0625 0.08148148148148149
1 0.6777777777777778 0.06172839506172839 0.05 0.08395061728395062
1 0.22916666666666666 0.4024691358024691 0.05 0.07901234567901234
1 0.8006944444444445 0.04691358024691358 0.06527777777777778 0.08395061728395062
1 0.7472222222222222 0.8777777777777778 0.11388888888888889 0.2
1 0.2951388888888889 0.3925925925925926 0.04861111111111111 0.07407407407407407
1 0.7569444444444444 0.24567901234567902 0.06666666666666667 0.11604938271604938
1 0.3611111111111111 0.3271604938271605 0.044444444444444446 0.07160493827160494
1 0.9166666666666666 0.19135802469135801 0.08333333333333333 0.11604938271604938
3 0.9006944444444445 0.5802469135802469 0.09861111111111111 0.16790123456790124
3 0.7430555555555556 0.43333333333333335 0.06111111111111111 0.09135802469135802
3 0.4979166666666667 0.7814814814814814 0.07083333333333333 0.13580246913580246
1 0.3194444444444444 0.33209876543209876 0.044444444444444446 0.07160493827160494