0 0.6138888888888889 0.654320987654321 0.12222222222222222 0.2716049382716049
0 0.2111111111111111 0.38641975308641974 0.08888888888888889 0.1308641975308642
0 0.2125 0.6691358024691358 0.10555555555555556 0.1037037037037037
1 0.2881944444444444 0.37160493827160496 0.09027777777777778 0.13580246913580246
1 0.2625 0.554320987654321 0.09166666666666666 0.15555555555555556
1 0.40347222222222223 0.32098765432098764 0.0763888888888889 0.11851851851851852
1 0.71875 0.3 0.07083333333333333 0.10123456790123457
1 0.20347222222222222 0.27901234567901234 0.07361111111111111 0.11358024691358025
1 0.8868055555555555 0.937037037037037 0.10416666666666667 0.1259259259259259
1 0.20902777777777778 0.03580246913580247 0.07083333333333333 0.06666666666666667
1 0.6104166666666667 0.4962962962962963 0.07916666666666666 0.11851851851851852
1 0.6902777777777778 0.5765432098765432 0.075 0.1259259259259259
1 0.7652777777777777 0.6962962962962963 0.09722222222222222 0.1728395061728395
1 0.5506944444444445 0.17407407407407408 0.059722222222222225 0.1111111111111111
1 0.8104166666666667 0.4925925925925926 0.08194444444444444 0.1259259259259259
1 0.11319444444444444 0.3962962962962963 0.11805555555555555 0.1654320987654321
1 0.25069444444444444 0.9098765432098765 0.15416666666666667 0.17530864197530865
1 0.5305555555555556 0.4012345679012346 0.07222222222222222 0.10617283950617284
1 0.11805555555555555 0.528395061728395 0.11388888888888889 0.16790123456790124
1 0.5909722222222222 0.18395061728395062 0.0625 0.10617283950617284
1 0.5784722222222223 0.2839506172839506 0.059722222222222225 0.09876543209876543
1 0.7284722222222222 0.4160493827160494 0.07083333333333333 0.10617283950617284
1 0.03680555555555556 0.4444444444444444 0.07083333333333333 0.09382716049382717
1 0.3138888888888889 0.06296296296296296 0.05277777777777778 0.09135802469135802
1 0.41180555555555554 0.9197530864197531 0.15694444444444444 0.16049382716049382
1 0.3576388888888889 0.7962962962962963 0.13194444444444445 0.20987654320987653
1 0.4618055555555556 0.5111111111111111 0.07916666666666666 0.13333333333333333
1 0.6847222222222222 0.454320987654321 0.09166666666666666 0.13333333333333333
1 0.58125 0.07901234567901234 0.0625 0.09382716049382717
1 0.7944444444444444 0.571604938271605 0.09444444444444444 0.145679012345679
1 0.4215277777777778 0.5024691358024691 0.09305555555555556 0.13580246913580246
1 0.64375 0.05802469135802469 0.07916666666666666 0.10617283950617284
1 0.2875 0.03209876543209877 0.058333333333333334 0.05925925925925926
3 0.26805555555555555 0.7283950617283951 0.10277777777777777 0.17777777777777778
3 0.8604166666666667 0.6691358024691358 0.10416666666666667 0.15308641975308643