1 0.8805460750853242 0.4125 0.07167235494880546 0.0875
1 0.6723549488054608 0.45 0.09215017064846416 0.1125
1 0.6092150170648464 0.346875 0.06143344709897611 0.08541666666666667
1 0.931740614334471 0.346875 0.07167235494880546 0.07708333333333334
1 0.7670648464163823 0.1375 0.06655290102389079 0.08333333333333333
1 0.6075085324232082 0.2760416666666667 0.06143344709897611 0.08958333333333333
1 0.8882252559726962 0.17291666666666666 0.07679180887372014 0.1
1 0.5264505119453925 0.15208333333333332 0.08020477815699659 0.09583333333333334
1 0.6783276450511946 0.15416666666666667 0.08361774744027303 0.10833333333333334
1 0.9590443686006825 0.11875 0.06484641638225255 0.075
1 0.6902730375426621 0.30833333333333335 0.06313993174061433 0.1
1 0.8481228668941979 0.13854166666666667 0.06143344709897611 0.08125