0 0.48333333333333334 0.8802469135802469 0.05 0.19506172839506172
1 0.625 0.24691358024691357 0.10277777777777777 0.1728395061728395
1 0.5451388888888888 0.662962962962963 0.09305555555555556 0.1308641975308642
1 0.4583333333333333 0.24444444444444444 0.09166666666666666 0.12839506172839507
1 0.40208333333333335 0.6641975308641975 0.05416666666666667 0.09382716049382717
1 0.8145833333333333 0.6296296296296297 0.13472222222222222 0.2222222222222222
1 0.39166666666666666 0.12839506172839507 0.08333333333333333 0.11851851851851852
1 0.5652777777777778 0.5604938271604938 0.058333333333333334 0.09876543209876543
3 0.8659722222222223 0.32839506172839505 0.1763888888888889 0.24691358024691357
3 0.6597222222222222 0.9061728395061729 0.06666666666666667 0.13333333333333333
3 0.45555555555555555 0.837037037037037 0.06388888888888888 0.13333333333333333
3 0.5361111111111111 0.7641975308641975 0.06111111111111111 0.10617283950617284