1 0.27395833333333336 0.8166666666666667 0.08333333333333333 0.13518518518518519
1 0.34765625 0.5115740740740741 0.04739583333333333 0.0712962962962963
1 0.9473958333333333 0.6231481481481481 0.065625 0.08888888888888889
1 0.19427083333333334 0.6569444444444444 0.059375 0.08981481481481482
1 0.5703125 0.5046296296296297 0.034375 0.06481481481481481
1 0.6263020833333334 0.5597222222222222 0.03177083333333333 0.06018518518518518
1 0.446875 0.687962962962963 0.03333333333333333 0.06111111111111111
1 0.14010416666666667 0.47685185185185186 0.05520833333333333 0.07037037037037037
1 0.19635416666666666 0.43796296296296294 0.03854166666666667 0.06666666666666667
1 0.9697916666666667 0.7953703703703704 0.058333333333333334 0.10740740740740741
3 0.0375 0.3212962962962963 0.07395833333333333 0.09444444444444444
1 0.47552083333333334 0.5101851851851852 0.034375 0.06481481481481481
1 0.46510416666666665 0.6092592592592593 0.034375 0.06481481481481481
1 0.14739583333333334 0.12129629629629629 0.034375 0.06481481481481481