0 0.5597222222222222 0.7098765432098766 0.044444444444444446 0.1111111111111111
0 0.13819444444444445 0.9395061728395062 0.043055555555555555 0.12098765432098765
0 0.19166666666666668 0.7358024691358025 0.125 0.16296296296296298
0 0.6798611111111111 0.4617283950617284 0.08194444444444444 0.08888888888888889
0 0.5256944444444445 0.682716049382716 0.043055555555555555 0.1308641975308642
1 0.37222222222222223 0.49876543209876545 0.06944444444444445 0.14320987654320988
1 0.925 0.7024691358024692 0.13055555555555556 0.17037037037037037
1 0.6104166666666667 0.7814814814814814 0.09583333333333334 0.17530864197530865
1 0.6076388888888888 0.9345679012345679 0.08472222222222223 0.1308641975308642
1 0.5895833333333333 0.18765432098765433 0.04861111111111111 0.08395061728395062
1 0.1486111111111111 0.6308641975308642 0.044444444444444446 0.12098765432098765
1 0.35833333333333334 0.32222222222222224 0.05277777777777778 0.08641975308641975
1 0.41041666666666665 0.14444444444444443 0.04861111111111111 0.06666666666666667
3 0.3104166666666667 0.43950617283950616 0.06527777777777778 0.08888888888888889
3 0.18888888888888888 0.5728395061728395 0.07777777777777778 0.12345679012345678
3 0.5590277777777778 0.854320987654321 0.0625 0.1382716049382716
3 0.12569444444444444 0.8629629629629629 0.07361111111111111 0.1308641975308642