0 0.08819444444444445 0.8061728395061728 0.09583333333333334 0.2839506172839506
0 0.1361111111111111 0.3888888888888889 0.10277777777777777 0.145679012345679
1 0.76875 0.10864197530864197 0.09027777777777778 0.19753086419753085
1 0.35555555555555557 0.19753086419753085 0.06666666666666667 0.12345679012345678
1 0.09375 0.3308641975308642 0.07361111111111111 0.10864197530864197
1 0.14375 0.18518518518518517 0.08194444444444444 0.13333333333333333
1 0.9694444444444444 0.3111111111111111 0.06111111111111111 0.07407407407407407
1 0.7861111111111111 0.3493827160493827 0.06111111111111111 0.10617283950617284
1 0.9375 0.06049382716049383 0.08055555555555556 0.1111111111111111
1 0.7013888888888888 0.8333333333333334 0.06666666666666667 0.1308641975308642
1 0.7409722222222223 0.3950617283950617 0.06527777777777778 0.11851851851851852
3 0.05625 0.5666666666666667 0.10972222222222222 0.145679012345679
3 0.5729166666666666 0.9407407407407408 0.10138888888888889 0.11851851851851852
3 0.49236111111111114 0.7888888888888889 0.07916666666666666 0.10617283950617284