1 0.50234375 0.4074074074074074 0.03697916666666667 0.05555555555555555
1 0.26640625 0.23032407407407407 0.044270833333333336 0.06157407407407407
1 0.49388020833333335 0.51875 0.06953125 0.12175925925925926
1 0.7229166666666667 0.3138888888888889 0.029166666666666667 0.04537037037037037
1 0.34765625 0.33449074074074076 0.03697916666666667 0.055092592592592596
1 0.43828125 0.36041666666666666 0.041666666666666664 0.06620370370370371
1 0.67578125 0.4444444444444444 0.027083333333333334 0.04259259259259259
1 0.20559895833333333 0.16689814814814816 0.02734375 0.03657407407407407
1 0.091796875 0.1388888888888889 0.040364583333333336 0.04537037037037037
1 0.7860677083333333 0.48171296296296295 0.027864583333333335 0.047685185185185185
1 0.37942708333333336 0.2224537037037037 0.024479166666666666 0.03564814814814815
1 0.04153645833333333 0.15208333333333332 0.032552083333333336 0.0375
1 0.2752604166666667 0.1310185185185185 0.025 0.03611111111111111
1 0.4842447916666667 0.23587962962962963 0.01796875 0.031018518518518518
1 0.4473958333333333 0.3365740740740741 0.026041666666666668 0.05277777777777778
3 0.6177083333333333 0.5108796296296296 0.0609375 0.056018518518518516
3 0.7852864583333333 0.37777777777777777 0.046614583333333334 0.053703703703703705
3 0.65546875 0.580324074074074 0.044270833333333336 0.05138888888888889
3 0.112890625 0.2449074074074074 0.09713541666666667 0.07314814814814814
1 0.8005208333333333 0.22314814814814815 0.029166666666666667 0.04537037037037037
1 0.7971354166666667 0.24953703703703703 0.029166666666666667 0.04537037037037037
1 0.9127604166666666 0.29305555555555557 0.029166666666666667 0.04537037037037037
1 0.71796875 0.19444444444444445 0.029166666666666667 0.04537037037037037
1 0.7046875 0.17314814814814813 0.029166666666666667 0.04537037037037037
1 0.6703125 0.2222222222222222 0.029166666666666667 0.04537037037037037
1 0.6645833333333333 0.18194444444444444 0.029166666666666667 0.04537037037037037
1 0.6364583333333333 0.21712962962962962 0.029166666666666667 0.04537037037037037
1 0.6328125 0.16203703703703703 0.029166666666666667 0.04537037037037037
1 0.64609375 0.1388888888888889 0.029166666666666667 0.04537037037037037
1 0.5955729166666667 0.22361111111111112 0.029166666666666667 0.04537037037037037
1 0.5486979166666667 0.2212962962962963 0.029166666666666667 0.04537037037037037
1 0.5364583333333334 0.17962962962962964 0.029166666666666667 0.04537037037037037
1 0.540625 0.1175925925925926 0.029166666666666667 0.04537037037037037
1 0.44635416666666666 0.15648148148148147 0.029166666666666667 0.04537037037037037