1 0.6869791666666667 0.2388888888888889 0.03854166666666667 0.06851851851851852
1 0.46588541666666666 0.7791666666666667 0.07239583333333334 0.12685185185185185
1 0.5033854166666667 0.33935185185185185 0.0578125 0.09351851851851851
1 0.9190104166666667 0.24675925925925926 0.06822916666666666 0.11018518518518519
1 0.38333333333333336 0.5231481481481481 0.046875 0.10740740740740741
1 0.5216145833333333 0.5712962962962963 0.06510416666666667 0.11666666666666667
1 0.43255208333333334 0.45787037037037037 0.05260416666666667 0.10648148148148148
1 0.5807291666666666 0.2967592592592593 0.0375 0.0712962962962963
1 0.44609375 0.3578703703703704 0.03802083333333333 0.08425925925925926
1 0.5208333333333334 0.48703703703703705 0.052083333333333336 0.08333333333333333
1 0.5270833333333333 0.25277777777777777 0.03333333333333333 0.05925925925925926
1 0.7455729166666667 0.14722222222222223 0.0359375 0.08518518518518518
3 0.6471354166666666 0.7615740740740741 0.06927083333333334 0.1175925925925926
3 0.5752604166666667 0.5393518518518519 0.058854166666666666 0.09907407407407408
3 0.5583333333333333 0.9018518518518519 0.065625 0.12222222222222222
3 0.5083333333333333 0.8416666666666667 0.06770833333333333 0.11851851851851852
3 0.6377604166666667 0.6222222222222222 0.07760416666666667 0.1
3 0.9036458333333334 0.3939814814814815 0.057291666666666664 0.07314814814814814
3 0.7557291666666667 0.32222222222222224 0.05520833333333333 0.07592592592592592
3 0.8171875 0.5393518518518519 0.05625 0.08055555555555556
3 0.5880208333333333 0.6078703703703704 0.058333333333333334 0.07685185185185185
3 0.615625 0.950925925925926 0.075 0.08703703703703704
3 0.7984375 0.8768518518518519 0.06354166666666666 0.08888888888888889
3 0.8434895833333333 0.12731481481481483 0.06197916666666667 0.0824074074074074
1 0.76484375 0.06666666666666667 0.0359375 0.08518518518518518
1 0.6419270833333334 0.1388888888888889 0.0359375 0.08518518518518518
1 0.7028645833333333 0.11666666666666667 0.0359375 0.08518518518518518
1 0.5981770833333333 0.24953703703703703 0.030729166666666665 0.05092592592592592