0 0.6743055555555556 0.7135802469135802 0.07083333333333333 0.34074074074074073
0 0.5472222222222223 0.7148148148148148 0.06111111111111111 0.2641975308641975
0 0.1125 0.1728395061728395 0.09722222222222222 0.18765432098765433
0 0.6340277777777777 0.45185185185185184 0.10694444444444444 0.12839506172839507
1 0.4534722222222222 0.5641975308641975 0.09027777777777778 0.145679012345679
1 0.17777777777777778 0.1345679012345679 0.1111111111111111 0.19506172839506172
1 0.1840277777777778 0.3296296296296296 0.12083333333333333 0.2
1 0.20069444444444445 0.645679012345679 0.2125 0.31851851851851853
1 0.31180555555555556 0.8814814814814815 0.10138888888888889 0.2271604938271605
3 0.3375 0.5135802469135803 0.10833333333333334 0.16790123456790124
3 0.4125 0.7333333333333333 0.12777777777777777 0.2074074074074074
3 0.4354166666666667 0.29012345679012347 0.09027777777777778 0.1308641975308642
3 0.5902777777777778 0.9259259259259259 0.12222222222222222 0.14814814814814814
3 0.44375 0.44814814814814813 0.09861111111111111 0.1259259259259259
3 0.24305555555555555 0.0654320987654321 0.07777777777777778 0.10123456790123457
3 0.3298611111111111 0.3691358024691358 0.07361111111111111 0.1111111111111111
3 0.2833333333333333 0.2518518518518518 0.10833333333333334 0.16296296296296298