1 0.35911458333333335 0.6129629629629629 0.0515625 0.07777777777777778
1 0.63671875 0.6615740740740741 0.05572916666666667 0.09166666666666666
1 0.71640625 0.449537037037037 0.033854166666666664 0.05648148148148148
1 0.67890625 0.6092592592592593 0.043229166666666666 0.07037037037037037
1 0.04010416666666667 0.7 0.06875 0.0962962962962963
1 0.07317708333333334 0.5972222222222222 0.04114583333333333 0.06481481481481481
1 0.11197916666666667 0.9166666666666666 0.071875 0.11296296296296296
1 0.5627604166666667 0.7791666666666667 0.04010416666666667 0.075
1 0.38958333333333334 0.48703703703703705 0.03229166666666667 0.04814814814814815
1 0.30807291666666664 0.47962962962962963 0.0328125 0.05185185185185185
1 0.55625 0.7148148148148148 0.03854166666666667 0.05925925925925926
1 0.6916666666666667 0.3680555555555556 0.034375 0.05092592592592592
1 0.2640625 0.34120370370370373 0.03125 0.049074074074074076
1 0.6875 0.7597222222222222 0.03333333333333333 0.05462962962962963
1 0.23385416666666667 0.324537037037037 0.03333333333333333 0.05277777777777778
1 0.7682291666666666 0.7615740740740741 0.03125 0.05277777777777778
3 0.4859375 0.875 0.07395833333333333 0.11481481481481481
3 0.4205729166666667 0.888425925925926 0.06614583333333333 0.10277777777777777
3 0.6567708333333333 0.5462962962962963 0.051041666666666666 0.05740740740740741
3 0.29973958333333334 0.5527777777777778 0.044270833333333336 0.06666666666666667