0 0.11041666666666666 0.6259259259259259 0.2125 0.3135802469135803
0 0.04583333333333333 0.917283950617284 0.08888888888888889 0.16049382716049382
0 0.30833333333333335 0.3592592592592593 0.2 0.20987654320987653
0 0.41944444444444445 0.6172839506172839 0.25 0.2222222222222222
0 0.8458333333333333 0.16296296296296298 0.2861111111111111 0.2716049382716049
0 0.4583333333333333 0.30987654320987656 0.14722222222222223 0.30864197530864196
0 0.34444444444444444 0.9123456790123456 0.14444444444444443 0.17530864197530865
1 0.6868055555555556 0.562962962962963 0.2013888888888889 0.3358024691358025
1 0.6715277777777777 0.09506172839506173 0.10694444444444444 0.17530864197530865
1 0.7506944444444444 0.30987654320987656 0.22083333333333333 0.3728395061728395
1 0.05 0.40370370370370373 0.09722222222222222 0.2740740740740741
2 0.17152777777777778 0.21358024691358024 0.12083333333333333 0.19012345679012346
2 0.4041666666666667 0.4654320987654321 0.11944444444444445 0.19012345679012346
2 0.4840277777777778 0.8209876543209876 0.20416666666666666 0.3234567901234568
2 0.5673611111111111 0.34814814814814815 0.1375 0.2419753086419753
2 0.5118055555555555 0.9530864197530864 0.09583333333333334 0.08888888888888889
2 0.10208333333333333 0.8654320987654321 0.16805555555555557 0.25925925925925924
2 0.30625 0.5296296296296297 0.09027777777777778 0.1259259259259259
2 0.26875 0.6345679012345679 0.09305555555555556 0.18271604938271604
2 0.7041666666666667 0.9296296296296296 0.1 0.13580246913580246