0 0.3625 0.7580246913580246 0.2916666666666667 0.45925925925925926
1 0.14097222222222222 0.08888888888888889 0.1375 0.1728395061728395
1 0.03888888888888889 0.1308641975308642 0.075 0.20246913580246914
1 0.8111111111111111 0.09876543209876543 0.17222222222222222 0.1925925925925926
1 0.3298611111111111 0.42345679012345677 0.23194444444444445 0.37777777777777777
1 0.0875 0.8407407407407408 0.17222222222222222 0.3234567901234568
1 0.23472222222222222 0.945679012345679 0.16111111111111112 0.10864197530864197
2 0.8902777777777777 0.2617283950617284 0.21944444444444444 0.25679012345679014
2 0.6861111111111111 0.08395061728395062 0.14444444444444443 0.14814814814814814
2 0.49722222222222223 0.3592592592592593 0.21944444444444444 0.24444444444444444
2 0.16944444444444445 0.43580246913580245 0.16111111111111112 0.27901234567901234
2 0.03125 0.32839506172839505 0.059722222222222225 0.24691358024691357
2 0.06319444444444444 0.5530864197530864 0.12361111111111112 0.2814814814814815
2 0.2652777777777778 0.2308641975308642 0.15833333333333333 0.16049382716049382
2 0.9083333333333333 0.04814814814814815 0.1 0.09135802469135802
2 0.22013888888888888 0.645679012345679 0.17083333333333334 0.33827160493827163
2 0.5673611111111111 0.937037037037037 0.1986111111111111 0.1259259259259259
2 0.9381944444444444 0.13333333333333333 0.12638888888888888 0.14814814814814814
3 0.22777777777777777 0.1469135802469136 0.1 0.1111111111111111
2 0.03194444444444444 0.2851851851851852 0.06111111111111111 0.1259259259259259