1 0.8403645833333333 0.7023148148148148 0.0578125 0.08611111111111111
1 0.7645833333333333 0.7712962962962963 0.052083333333333336 0.08333333333333333
1 0.7450520833333333 0.5717592592592593 0.03802083333333333 0.058333333333333334
1 0.5671875 0.8486111111111111 0.04375 0.0787037037037037
1 0.4783854166666667 0.6472222222222223 0.04010416666666667 0.07777777777777778
1 0.5440104166666667 0.6398148148148148 0.04114583333333333 0.07037037037037037
1 0.9716145833333333 0.549074074074074 0.0546875 0.07962962962962963
1 0.3416666666666667 0.6273148148148148 0.03229166666666667 0.05648148148148148
1 0.7231770833333333 0.712037037037037 0.04739583333333333 0.07592592592592592
1 0.26458333333333334 0.6402777777777777 0.036458333333333336 0.0712962962962963
1 0.7515625 0.6717592592592593 0.040625 0.05648148148148148
1 0.69296875 0.37037037037037035 0.028645833333333332 0.046296296296296294
1 0.30755208333333334 0.5625 0.0265625 0.05462962962962963
3 0.6091145833333333 0.7587962962962963 0.05260416666666667 0.08796296296296297
3 0.79453125 0.9685185185185186 0.05364583333333333 0.05555555555555555
3 0.94609375 0.6532407407407408 0.0484375 0.05092592592592592
1 0.3815104166666667 0.5666666666666667 0.024479166666666666 0.03888888888888889
1 0.48723958333333334 0.4935185185185185 0.024479166666666666 0.03888888888888889
1 0.6486979166666667 0.38333333333333336 0.024479166666666666 0.03888888888888889