0 0.51875 0.29012345679012347 0.12361111111111112 0.17037037037037037
0 0.20416666666666666 0.5728395061728395 0.09722222222222222 0.18271604938271604
0 0.7930555555555555 0.8925925925925926 0.3472222222222222 0.21975308641975308
0 0.32430555555555557 0.8506172839506173 0.09583333333333334 0.29876543209876544
0 0.29375 0.6061728395061728 0.11805555555555555 0.11604938271604938
0 0.7680555555555556 0.662962962962963 0.25277777777777777 0.3333333333333333
0 0.5256944444444445 0.8617283950617284 0.2263888888888889 0.2716049382716049
0 0.07291666666666667 0.9123456790123456 0.14305555555555555 0.17530864197530865
0 0.26666666666666666 0.4123456790123457 0.075 0.17777777777777778
0 0.46319444444444446 0.6185185185185185 0.19583333333333333 0.15555555555555556
0 0.46805555555555556 0.4 0.075 0.16790123456790124
0 0.4951388888888889 0.11728395061728394 0.10138888888888889 0.10617283950617284
0 0.8493055555555555 0.6666666666666666 0.2652777777777778 0.2962962962962963
1 0.23333333333333334 0.3296296296296296 0.08333333333333333 0.1308641975308642
1 0.49166666666666664 0.20617283950617285 0.10555555555555556 0.1654320987654321
1 0.1840277777777778 0.4654320987654321 0.12083333333333333 0.15555555555555556
1 0.34652777777777777 0.254320987654321 0.07916666666666666 0.11358024691358025
1 0.32569444444444445 0.41728395061728396 0.10416666666666667 0.20246913580246914
1 0.61875 0.6382716049382716 0.18472222222222223 0.3037037037037037
1 0.7222222222222222 0.23950617283950618 0.09166666666666666 0.12345679012345678
1 0.6861111111111111 0.43580246913580245 0.18611111111111112 0.30864197530864196
1 0.5784722222222223 0.1111111111111111 0.07361111111111111 0.11358024691358025
1 0.22777777777777777 0.7444444444444445 0.16944444444444445 0.2691358024691358
1 0.5965277777777778 0.21481481481481482 0.09861111111111111 0.1382716049382716
1 0.22916666666666666 0.8962962962962963 0.15833333333333333 0.2074074074074074
1 0.2111111111111111 0.23209876543209876 0.06944444444444445 0.09876543209876543
1 0.7673611111111112 0.08641975308641975 0.11805555555555555 0.16790123456790124
1 0.45 0.06049382716049383 0.11666666666666667 0.11604938271604938
1 0.7173611111111111 0.07654320987654321 0.15138888888888888 0.14814814814814814
1 0.36875 0.11975308641975309 0.10138888888888889 0.1308641975308642
1 0.5923611111111111 0.18271604938271604 0.08472222222222223 0.07407407407407407
2 0.3951388888888889 0.3617283950617284 0.09861111111111111 0.17037037037037037
2 0.41597222222222224 0.7592592592592593 0.17083333333333334 0.2345679012345679
2 0.058333333333333334 0.37530864197530867 0.1111111111111111 0.14814814814814814
2 0.8416666666666667 0.2876543209876543 0.15555555555555556 0.20987654320987653
2 0.12291666666666666 0.6432098765432098 0.12916666666666668 0.20493827160493827
2 0.9444444444444444 0.4469135802469136 0.1111111111111111 0.2518518518518518
2 0.04236111111111111 0.8308641975308642 0.08194444444444444 0.18024691358024691
2 0.41458333333333336 0.21851851851851853 0.07916666666666666 0.12098765432098765
2 0.7395833333333334 0.3592592592592593 0.09027777777777778 0.145679012345679
2 0.8180555555555555 0.47530864197530864 0.1527777777777778 0.20493827160493827
2 0.26944444444444443 0.25679012345679014 0.11666666666666667 0.12345679012345678
3 0.30069444444444443 0.12098765432098765 0.07361111111111111 0.09876543209876543