1 0.8546875 0.5023148148148148 0.04479166666666667 0.075
1 0.9208333333333333 0.4976851851851852 0.04895833333333333 0.0712962962962963
1 0.7174479166666666 0.5111111111111111 0.03697916666666667 0.06296296296296296
1 0.71640625 0.6268518518518519 0.0328125 0.05185185185185185
1 0.7994791666666666 0.35462962962962963 0.03333333333333333 0.05185185185185185
1 0.9856770833333334 0.6819444444444445 0.028645833333333332 0.09537037037037037
1 0.7869791666666667 0.7069444444444445 0.027083333333333334 0.04537037037037037
1 0.6932291666666667 0.3402777777777778 0.028125 0.04722222222222222
1 0.5684895833333333 0.524074074074074 0.028645833333333332 0.04814814814814815
1 0.8859375 0.15046296296296297 0.03333333333333333 0.05092592592592592
1 0.5981770833333333 0.5027777777777778 0.021354166666666667 0.02962962962962963
1 0.89296875 0.9740740740740741 0.0609375 0.046296296296296294
1 0.60703125 0.43796296296296294 0.022395833333333334 0.037037037037037035
1 0.6111979166666667 0.475462962962963 0.025520833333333333 0.03796296296296296
3 0.8541666666666666 0.7287037037037037 0.07083333333333333 0.0962962962962963
3 0.9721354166666667 0.9189814814814815 0.05260416666666667 0.14351851851851852
3 0.73203125 0.7944444444444444 0.03697916666666667 0.05555555555555555
3 0.9809895833333333 0.5407407407407407 0.03697916666666667 0.07407407407407407
1 0.753125 0.2412037037037037 0.026041666666666668 0.03981481481481482
1 0.7765625 0.20833333333333334 0.026041666666666668 0.03888888888888889
1 0.8057291666666667 0.17592592592592593 0.026041666666666668 0.03888888888888889
1 0.8328125 0.1685185185185185 0.026041666666666668 0.03888888888888889