1 0.5307291666666667 0.7550925925925925 0.051041666666666666 0.08055555555555556
1 0.8140625 0.7106481481481481 0.05520833333333333 0.07314814814814814
1 0.48411458333333335 0.6930555555555555 0.0484375 0.06944444444444445
1 0.3533854166666667 0.6986111111111111 0.043229166666666666 0.0712962962962963
1 0.26510416666666664 0.6912037037037037 0.0375 0.058333333333333334
1 0.4635416666666667 0.5680555555555555 0.03333333333333333 0.049074074074074076
1 0.12265625 0.5662037037037037 0.0390625 0.05092592592592592
1 0.8994791666666667 0.9550925925925926 0.090625 0.08425925925925926
1 0.57265625 0.5810185185185185 0.027604166666666666 0.03981481481481482
1 0.01015625 0.611574074074074 0.019270833333333334 0.05462962962962963
0 0.11666666666666667 0.8935185185185185 0.09375 0.07962962962962963
0 0.8177083333333334 0.8041666666666667 0.11041666666666666 0.11018518518518519