0 0.6222222222222222 0.5567901234567901 0.09444444444444444 0.08641975308641975
1 0.5208333333333334 0.2580246913580247 0.05 0.07654320987654321
1 0.6743055555555556 0.3074074074074074 0.04583333333333333 0.07160493827160494
1 0.4722222222222222 0.09506172839506173 0.03888888888888889 0.06666666666666667
1 0.1986111111111111 0.25555555555555554 0.05277777777777778 0.08641975308641975
1 0.5097222222222222 0.7580246913580246 0.06944444444444445 0.12839506172839507
1 0.5 0.5172839506172839 0.08888888888888889 0.1308641975308642
1 0.5180555555555556 0.09259259259259259 0.03611111111111111 0.06666666666666667
1 0.6402777777777777 0.24444444444444444 0.041666666666666664 0.06419753086419754
1 0.43333333333333335 0.13703703703703704 0.03611111111111111 0.056790123456790124
1 0.2902777777777778 0.056790123456790124 0.04722222222222222 0.07901234567901234