1 0.8861111111111111 0.5444444444444444 0.04722222222222222 0.07654320987654321
1 0.37430555555555556 0.6432098765432098 0.043055555555555555 0.07160493827160494
1 0.5055555555555555 0.6802469135802469 0.03888888888888889 0.06172839506172839
1 0.9458333333333333 0.5395061728395062 0.05277777777777778 0.08148148148148149
1 0.35555555555555557 0.8654320987654321 0.07777777777777778 0.12098765432098765
1 0.8166666666666667 0.35432098765432096 0.041666666666666664 0.06666666666666667
1 0.33611111111111114 0.5049382716049383 0.03611111111111111 0.06172839506172839
1 0.06180555555555556 0.6506172839506172 0.05694444444444444 0.09135802469135802
1 0.3736111111111111 0.5012345679012346 0.03333333333333333 0.05925925925925926
1 0.8652777777777778 0.2740740740740741 0.044444444444444446 0.0691358024691358
1 0.16666666666666666 0.4666666666666667 0.044444444444444446 0.0691358024691358
1 0.47708333333333336 0.6283950617283951 0.034722222222222224 0.05185185185185185
1 0.3 0.5419753086419753 0.03333333333333333 0.05185185185185185