1 0.6067708333333334 0.7113425925925926 0.04895833333333333 0.09027777777777778
1 0.548046875 0.9002314814814815 0.07473958333333333 0.12731481481481483
1 0.308984375 0.5261574074074075 0.039322916666666666 0.07546296296296297
1 0.579296875 0.6231481481481481 0.03723958333333333 0.058333333333333334
1 0.734765625 0.46111111111111114 0.04140625 0.07407407407407407
1 0.751953125 0.5513888888888889 0.04765625 0.07222222222222222
1 0.60703125 0.5837962962962963 0.03229166666666667 0.05462962962962963
1 0.26458333333333334 0.7152777777777778 0.046875 0.07592592592592592
1 0.871484375 0.12939814814814815 0.03515625 0.055092592592592596
3 0.4322916666666667 0.6678240740740741 0.051041666666666666 0.06342592592592593
3 0.7309895833333333 0.5305555555555556 0.040625 0.058333333333333334
3 0.7587239583333333 0.493287037037037 0.029427083333333333 0.04398148148148148