1 0.88046875 0.919675925925926 0.11875 0.1550925925925926
1 0.6119791666666666 0.23310185185185187 0.0765625 0.13657407407407407
1 0.95 0.6546296296296297 0.08697916666666666 0.11296296296296296
1 0.44973958333333336 0.19537037037037036 0.04375 0.06759259259259259
1 0.7747395833333334 0.5488425925925926 0.07083333333333333 0.11435185185185186
1 0.4766927083333333 0.05 0.04765625 0.06944444444444445
1 0.17903645833333334 0.14814814814814814 0.03619791666666667 0.062037037037037036
1 0.40768229166666664 0.26296296296296295 0.029427083333333333 0.062037037037037036
1 0.24205729166666667 0.055092592592592596 0.03359375 0.05185185185185185
1 0.44752604166666665 0.14027777777777778 0.04765625 0.06388888888888888
1 0.20546875 0.02337962962962963 0.033854166666666664 0.04398148148148148
3 0.38984375 0.5155092592592593 0.04635416666666667 0.09675925925925925
3 0.7102864583333334 0.09861111111111111 0.03828125 0.06574074074074074
3 0.6161458333333333 0.018055555555555554 0.0375 0.03518518518518519
1 0.3634114583333333 0.8456018518518519 0.04973958333333333 0.07175925925925926
1 0.8143229166666667 0.34467592592592594 0.04010416666666667 0.06435185185185185