0 0.8833333333333333 0.6333333333333333 0.18888888888888888 0.13580246913580246
0 0.5104166666666666 0.17037037037037037 0.07361111111111111 0.08395061728395062
0 0.5444444444444444 0.8382716049382716 0.05277777777777778 0.2
1 0.2263888888888889 0.4283950617283951 0.12222222222222222 0.18024691358024691
1 0.3590277777777778 0.4617283950617284 0.10694444444444444 0.16296296296296298
1 0.4173611111111111 0.26666666666666666 0.11805555555555555 0.16790123456790124
1 0.2611111111111111 0.1506172839506173 0.09166666666666666 0.14814814814814814
1 0.7958333333333333 0.9407407407407408 0.15555555555555556 0.11358024691358025
1 0.6555555555555556 0.15925925925925927 0.06666666666666667 0.1111111111111111
3 0.6111111111111112 0.24691358024691357 0.058333333333333334 0.08888888888888889
3 0.70625 0.0691358024691358 0.07361111111111111 0.1037037037037037