1 0.24305555555555555 0.36790123456790125 0.044444444444444446 0.07901234567901234
1 0.625 0.47160493827160493 0.06111111111111111 0.08888888888888889
1 0.6125 0.6345679012345679 0.05555555555555555 0.1037037037037037
1 0.35347222222222224 0.5246913580246914 0.04861111111111111 0.08148148148148149
1 0.07569444444444444 0.7444444444444445 0.07083333333333333 0.11604938271604938
1 0.25833333333333336 0.528395061728395 0.06388888888888888 0.08888888888888889
1 0.3263888888888889 0.4666666666666667 0.05 0.09382716049382717
3 0.33958333333333335 0.691358024691358 0.05138888888888889 0.06419753086419754
3 0.23125 0.7037037037037037 0.059722222222222225 0.07407407407407407
1 0.2298611111111111 0.2802469135802469 0.02638888888888889 0.027160493827160494
1 0.20416666666666666 0.32592592592592595 0.03333333333333333 0.03950617283950617