1 0.5868489583333333 0.3872685185185185 0.02109375 0.0412037037037037
1 0.6412760416666666 0.45740740740740743 0.020572916666666666 0.03796296296296296
1 0.5140625 0.6240740740740741 0.025520833333333333 0.040740740740740744
1 0.7436197916666667 0.1050925925925926 0.024739583333333332 0.04814814814814815
1 0.79375 0.21157407407407408 0.0203125 0.03425925925925926
1 0.7563802083333333 0.21342592592592594 0.022135416666666668 0.037037037037037035
1 0.7256510416666667 0.3384259259259259 0.026822916666666665 0.046296296296296294
1 0.5630208333333333 0.5412037037037037 0.021354166666666667 0.03518518518518519
1 0.71171875 0.4289351851851852 0.025520833333333333 0.04027777777777778
1 0.603515625 0.5006944444444444 0.021614583333333333 0.034722222222222224
1 0.35390625 0.49745370370370373 0.015104166666666667 0.024537037037037038
1 0.5951822916666667 0.5368055555555555 0.020052083333333335 0.033796296296296297
1 0.6243489583333334 0.5333333333333333 0.01640625 0.025925925925925925
1 0.6358072916666667 0.5527777777777778 0.01640625 0.025925925925925925
1 0.6600260416666667 0.5064814814814815 0.01640625 0.025925925925925925
1 0.540234375 0.6064814814814815 0.01640625 0.025925925925925925
1 0.444921875 0.6546296296296297 0.01640625 0.025925925925925925
1 0.45221354166666666 0.6148148148148148 0.01640625 0.025925925925925925
1 0.497265625 0.5722222222222222 0.01640625 0.025925925925925925
1 0.49700520833333334 0.4888888888888889 0.01640625 0.025925925925925925
1 0.5186197916666667 0.475 0.01640625 0.025925925925925925
1 0.5540364583333334 0.45046296296296295 0.01640625 0.025925925925925925
1 0.6368489583333333 0.39675925925925926 0.01640625 0.025925925925925925
1 0.6618489583333333 0.3819444444444444 0.01640625 0.025925925925925925
1 0.481640625 0.45231481481481484 0.01640625 0.025925925925925925
1 0.433984375 0.5375 0.01640625 0.025925925925925925
1 0.3873697916666667 0.5731481481481482 0.01640625 0.025925925925925925
1 0.3782552083333333 0.5421296296296296 0.01640625 0.025925925925925925
1 0.3907552083333333 0.4513888888888889 0.01640625 0.025925925925925925
1 0.405078125 0.40046296296296297 0.01640625 0.025925925925925925
1 0.427734375 0.4027777777777778 0.01640625 0.025925925925925925
1 0.7778645833333333 0.5192129629629629 0.022916666666666665 0.03287037037037037
1 0.79609375 0.48819444444444443 0.022916666666666665 0.03287037037037037
1 0.7682291666666666 0.3840277777777778 0.022916666666666665 0.03287037037037037
1 0.81171875 0.3886574074074074 0.022916666666666665 0.03287037037037037
1 0.81328125 0.33541666666666664 0.022916666666666665 0.03287037037037037
1 0.846875 0.36550925925925926 0.022916666666666665 0.03287037037037037
1 0.88125 0.42430555555555555 0.022916666666666665 0.03287037037037037
1 0.9002604166666667 0.4414351851851852 0.022916666666666665 0.03287037037037037
1 0.8755208333333333 0.47430555555555554 0.022916666666666665 0.03287037037037037
1 0.90234375 0.3909722222222222 0.022916666666666665 0.03287037037037037
1 0.9096354166666667 0.36412037037037037 0.022916666666666665 0.03287037037037037
1 0.7016927083333333 0.2789351851851852 0.01640625 0.02546296296296296
1 0.6990885416666667 0.25254629629629627 0.01640625 0.02546296296296296
1 0.6634114583333334 0.2849537037037037 0.01640625 0.02546296296296296
1 0.657421875 0.3127314814814815 0.01640625 0.02546296296296296
1 0.641015625 0.30439814814814814 0.01640625 0.02546296296296296
1 0.643359375 0.3456018518518518 0.01640625 0.02546296296296296
1 0.6186197916666667 0.3349537037037037 0.01640625 0.02546296296296296
1 0.584765625 0.2969907407407407 0.01640625 0.02546296296296296
1 0.5944010416666666 0.2701388888888889 0.01640625 0.02546296296296296
1 0.6032552083333333 0.24560185185185185 0.01640625 0.02546296296296296
1 0.6235677083333333 0.2548611111111111 0.01640625 0.02546296296296296
1 0.501953125 0.2724537037037037 0.01640625 0.02546296296296296
1 0.5055989583333333 0.3164351851851852 0.01640625 0.02546296296296296
1 0.46653645833333335 0.33958333333333335 0.01640625 0.02546296296296296
1 0.557421875 0.30995370370370373 0.01640625 0.02546296296296296
1 0.34453125 0.47847222222222224 0.015104166666666667 0.024537037037037038
1 0.3190104166666667 0.49745370370370373 0.015104166666666667 0.024537037037037038
1 0.30104166666666665 0.5261574074074075 0.015104166666666667 0.024537037037037038
1 0.2947916666666667 0.4965277777777778 0.015104166666666667 0.024537037037037038
1 0.3125 0.47430555555555554 0.015104166666666667 0.024537037037037038
1 0.3143229166666667 0.3993055555555556 0.015104166666666667 0.024537037037037038
1 0.2864583333333333 0.3770833333333333 0.015104166666666667 0.024537037037037038
1 0.34427083333333336 0.36319444444444443 0.015104166666666667 0.024537037037037038
1 0.3302083333333333 0.32708333333333334 0.015104166666666667 0.024537037037037038
1 0.34921875 0.4099537037037037 0.015104166666666667 0.024537037037037038
1 0.29661458333333335 0.32430555555555557 0.015104166666666667 0.024537037037037038
1 0.95703125 0.3650462962962963 0.022916666666666665 0.03287037037037037
1 0.8208333333333333 0.19675925925925927 0.0203125 0.03425925925925926
1 0.7916666666666666 0.17175925925925925 0.0203125 0.03425925925925926
1 0.7552083333333334 0.07731481481481481 0.0203125 0.03425925925925926
1 0.75859375 0.047685185185185185 0.0203125 0.03425925925925926
1 0.8013020833333333 0.05648148148148148 0.0203125 0.03425925925925926
1 0.8515625 0.037037037037037035 0.0203125 0.03425925925925926
1 0.8744791666666667 0.05185185185185185 0.0203125 0.03425925925925926
1 0.87578125 0.1050925925925926 0.0203125 0.03425925925925926
1 0.8408854166666667 0.09768518518518518 0.0203125 0.03425925925925926