1 0.26640625 0.27685185185185185 0.0328125 0.05
1 0.11653645833333333 0.31203703703703706 0.04140625 0.058333333333333334
1 0.173828125 0.46550925925925923 0.048177083333333336 0.06898148148148148
1 0.37356770833333336 0.5724537037037037 0.038802083333333334 0.059722222222222225
1 0.8220052083333333 0.5224537037037037 0.04453125 0.06712962962962964
1 0.2703125 0.5381944444444444 0.04479166666666667 0.06620370370370371
1 0.9283854166666666 0.2037037037037037 0.03958333333333333 0.06111111111111111
1 0.03802083333333333 0.7724537037037037 0.04791666666666667 0.06898148148148148
1 0.35963541666666665 0.38310185185185186 0.035416666666666666 0.052314814814814814
1 0.11263020833333333 0.5925925925925926 0.04401041666666667 0.062037037037037036
1 0.22916666666666666 0.48865740740740743 0.035416666666666666 0.05416666666666667
1 0.8794270833333333 0.05949074074074074 0.0328125 0.050462962962962966
1 0.5240885416666666 0.5201388888888889 0.03567708333333333 0.059722222222222225
1 0.3126302083333333 0.24027777777777778 0.02734375 0.044444444444444446
1 0.4473958333333333 0.29398148148148145 0.021875 0.03333333333333333
1 0.12799479166666666 0.24675925925925926 0.029947916666666668 0.04259259259259259
1 0.26640625 0.44212962962962965 0.0421875 0.06851851851851852
1 0.8204427083333333 0.4173611111111111 0.03671875 0.043055555555555555
1 0.262109375 0.669212962962963 0.04505208333333333 0.06435185185185185
1 0.8927083333333333 0.16041666666666668 0.0328125 0.04490740740740741
1 0.4513020833333333 0.34282407407407406 0.025520833333333333 0.04027777777777778
1 0.016015625 0.4305555555555556 0.031510416666666666 0.07314814814814814
1 0.04596354166666667 0.24444444444444444 0.03567708333333333 0.04814814814814815
1 0.34348958333333335 0.25925925925925924 0.0234375 0.03888888888888889
1 0.5295572916666667 0.3314814814814815 0.02734375 0.04259259259259259
3 0.29010416666666666 0.41782407407407407 0.0625 0.09861111111111111
1 0.46510416666666665 0.3159722222222222 0.025520833333333333 0.04027777777777778
1 0.5645833333333333 0.26689814814814816 0.025520833333333333 0.04027777777777778
1 0.35208333333333336 0.18703703703703703 0.0234375 0.03888888888888889
1 0.28203125 0.18703703703703703 0.0234375 0.03888888888888889
1 0.23776041666666667 0.14537037037037037 0.0234375 0.03888888888888889