0 0.12291666666666666 0.891358024691358 0.0763888888888889 0.2123456790123457
0 0.3055555555555556 0.21975308641975308 0.09166666666666666 0.08395061728395062
0 0.81875 0.19135802469135801 0.0763888888888889 0.07160493827160494
1 0.15486111111111112 0.5049382716049383 0.09861111111111111 0.20493827160493827
1 0.9194444444444444 0.5308641975308642 0.15833333333333333 0.32592592592592595
1 0.6208333333333333 0.5358024691358024 0.09722222222222222 0.18271604938271604
1 0.11041666666666666 0.2802469135802469 0.09583333333333334 0.145679012345679
1 0.975 0.31851851851851853 0.05277777777777778 0.18765432098765433
1 0.8743055555555556 0.1037037037037037 0.05694444444444444 0.09382716049382717
1 0.8638888888888889 0.29259259259259257 0.10277777777777777 0.15555555555555556
1 0.7958333333333333 0.3592592592592593 0.06388888888888888 0.10617283950617284
1 0.4875 0.30617283950617286 0.06388888888888888 0.11851851851851852
1 0.9368055555555556 0.16049382716049382 0.043055555555555555 0.07901234567901234
1 0.2125 0.04567901234567901 0.044444444444444446 0.08641975308641975
3 0.5479166666666667 0.5160493827160494 0.0875 0.14814814814814814
3 0.6944444444444444 0.4901234567901235 0.08055555555555556 0.10617283950617284