1 0.40520833333333334 0.6101851851851852 0.053125 0.09444444444444444
1 0.12526041666666668 0.4930555555555556 0.0515625 0.0787037037037037
1 0.33958333333333335 0.5175925925925926 0.03958333333333333 0.07592592592592592
1 0.8971354166666666 0.7666666666666667 0.04635416666666667 0.06666666666666667
1 0.40651041666666665 0.3143518518518518 0.033854166666666664 0.05277777777777778
1 0.38229166666666664 0.44166666666666665 0.034375 0.05185185185185185
1 0.8231770833333333 0.5560185185185185 0.03697916666666667 0.05462962962962963
1 0.9270833333333334 0.8685185185185185 0.057291666666666664 0.10185185185185185
1 0.6169270833333333 0.4273148148148148 0.0296875 0.04722222222222222
1 0.5893229166666667 0.5722222222222222 0.04114583333333333 0.07037037037037037
1 0.44244791666666666 0.387037037037037 0.03802083333333333 0.07037037037037037
1 0.68984375 0.6194444444444445 0.0421875 0.07037037037037037
3 0.22734375 0.9208333333333333 0.07760416666666667 0.11018518518518519
3 0.6447916666666667 0.8277777777777777 0.06979166666666667 0.09444444444444444
3 0.6424479166666667 0.9203703703703704 0.05364583333333333 0.07962962962962963