1 0.8575520833333333 0.8726851851851852 0.0828125 0.15462962962962962
1 0.20677083333333332 0.41574074074074074 0.046875 0.06666666666666667
1 0.8385416666666666 0.34953703703703703 0.051041666666666666 0.0787037037037037
1 0.13203125 0.2726851851851852 0.05364583333333333 0.08425925925925926
1 0.6966145833333334 0.27546296296296297 0.04635416666666667 0.07314814814814814
1 0.6033854166666667 0.06342592592592593 0.0484375 0.08981481481481482
1 0.9036458333333334 0.4726851851851852 0.04479166666666667 0.0824074074074074
1 0.4734375 0.27361111111111114 0.059375 0.10648148148148148
1 0.6848958333333334 0.7592592592592593 0.05625 0.12407407407407407
3 0.45416666666666666 0.5342592592592592 0.06979166666666667 0.07962962962962963
3 0.59453125 0.8791666666666667 0.06822916666666666 0.11944444444444445
3 0.8065104166666667 0.3814814814814815 0.06197916666666667 0.06481481481481481
3 0.3385416666666667 0.5550925925925926 0.06354166666666666 0.05648148148148148
3 0.6848958333333334 0.7555555555555555 0.0625 0.12037037037037036