1 0.21927083333333333 0.7203703703703703 0.06145833333333333 0.09074074074074075
1 0.48723958333333334 0.6912037037037037 0.0515625 0.07685185185185185
1 0.6575520833333334 0.3648148148148148 0.0359375 0.05555555555555555
1 0.40390625 0.5958333333333333 0.0453125 0.06944444444444445
1 0.7817708333333333 0.6726851851851852 0.04791666666666667 0.06759259259259259
1 0.6190104166666667 0.5171296296296296 0.04010416666666667 0.06388888888888888
1 0.19661458333333334 0.47685185185185186 0.04739583333333333 0.08703703703703704
1 0.8463541666666666 0.5013888888888889 0.040625 0.058333333333333334
1 0.4666666666666667 0.5462962962962963 0.04375 0.05555555555555555
1 0.65859375 0.4351851851851852 0.033854166666666664 0.05185185185185185
1 0.22161458333333334 0.3699074074074074 0.033854166666666664 0.049074074074074076
1 0.46822916666666664 0.4375 0.029166666666666667 0.04537037037037037
1 0.7828125 0.9689814814814814 0.075 0.06018518518518518
1 0.8533854166666667 0.44212962962962965 0.034895833333333334 0.05462962962962963
1 0.44895833333333335 0.3351851851851852 0.036458333333333336 0.05740740740740741
1 0.359375 0.4847222222222222 0.034375 0.05277777777777778
3 0.5794270833333334 0.8425925925925926 0.0796875 0.1
3 0.16875 0.5537037037037037 0.06666666666666667 0.08888888888888889
3 0.77265625 0.587037037037037 0.05364583333333333 0.07407407407407407