1 0.6575520833333334 0.6337962962962963 0.04739583333333333 0.075
1 0.6427083333333333 0.5527777777777778 0.035416666666666666 0.05555555555555555
1 0.44635416666666666 0.8018518518518518 0.05 0.08888888888888889
1 0.24140625 0.6537037037037037 0.0421875 0.07592592592592592
1 0.7848958333333333 0.513425925925926 0.03854166666666667 0.06574074074074074
1 0.8575520833333333 0.5231481481481481 0.03802083333333333 0.07037037037037037
3 0.5796875 0.6305555555555555 0.046875 0.046296296296296294
1 0.5770833333333333 0.4898148148148148 0.035416666666666666 0.05555555555555555
1 0.46458333333333335 0.5194444444444445 0.027083333333333334 0.040740740740740744
1 0.4986979166666667 0.4777777777777778 0.019270833333333334 0.03148148148148148
1 0.18619791666666666 0.6129629629629629 0.019270833333333334 0.03148148148148148
1 0.30546875 0.5532407407407407 0.024479166666666666 0.03611111111111111