1 0.19930555555555557 0.7506172839506173 0.0625 0.1037037037037037
1 0.47430555555555554 0.5456790123456791 0.04583333333333333 0.07407407407407407
1 0.21458333333333332 0.5246913580246914 0.04861111111111111 0.08148148148148149
1 0.2798611111111111 0.48518518518518516 0.04583333333333333 0.07654320987654321
1 0.3194444444444444 0.4222222222222222 0.044444444444444446 0.07901234567901234
1 0.03958333333333333 0.3358024691358025 0.05694444444444444 0.07901234567901234
1 0.5319444444444444 0.3074074074074074 0.03611111111111111 0.06666666666666667
1 0.4201388888888889 0.6493827160493827 0.04027777777777778 0.07901234567901234
1 0.6111111111111112 0.30493827160493825 0.03611111111111111 0.056790123456790124
1 0.5548611111111111 0.47160493827160493 0.04027777777777778 0.06419753086419754
1 0.34652777777777777 0.9679012345679012 0.0763888888888889 0.05925925925925926
1 0.26805555555555555 0.27901234567901234 0.06388888888888888 0.12345679012345678
1 0.50625 0.21728395061728395 0.0375 0.07407407407407407
1 0.38263888888888886 0.6493827160493827 0.04583333333333333 0.07901234567901234
3 0.05277777777777778 0.762962962962963 0.10277777777777777 0.1382716049382716
3 0.6180555555555556 0.7185185185185186 0.05277777777777778 0.0691358024691358
3 0.4666666666666667 0.7469135802469136 0.06111111111111111 0.0962962962962963
3 0.4 0.7283950617283951 0.05277777777777778 0.07901234567901234
3 0.18263888888888888 0.6061728395061728 0.06527777777777778 0.0962962962962963
3 0.4618055555555556 0.43333333333333335 0.04861111111111111 0.08148148148148149