1 0.47760416666666666 0.9152777777777777 0.04791666666666667 0.07685185185185185
1 0.7778645833333333 0.9421296296296297 0.0640625 0.09351851851851851
1 0.9341145833333333 0.7888888888888889 0.0546875 0.07407407407407407
1 0.89375 0.9337962962962963 0.06145833333333333 0.10092592592592593
1 0.7203125 0.35694444444444445 0.040625 0.06944444444444445
1 0.49557291666666664 0.28194444444444444 0.03802083333333333 0.058333333333333334
1 0.33880208333333334 0.18425925925925926 0.043229166666666666 0.07407407407407407
1 0.9575520833333333 0.7217592592592592 0.050520833333333334 0.07685185185185185
1 0.1859375 0.2175925925925926 0.04791666666666667 0.07592592592592592
3 0.39505208333333336 0.1726851851851852 0.06302083333333333 0.09907407407407408
3 0.7606770833333333 0.387037037037037 0.06197916666666667 0.08518518518518518