0 0.2716145833333333 0.2902777777777778 0.08072916666666667 0.13055555555555556
0 0.39895833333333336 0.3111111111111111 0.08333333333333333 0.10925925925925926
0 0.40338541666666666 0.7944444444444444 0.09739583333333333 0.29444444444444445
0 0.9033854166666667 0.4337962962962963 0.06927083333333334 0.17314814814814813
1 0.85859375 0.3277777777777778 0.09947916666666666 0.16111111111111112
1 0.7140625 0.39351851851851855 0.16979166666666667 0.37037037037037035
3 0.390625 0.4976851851851852 0.07395833333333333 0.12314814814814815
3 0.13125 0.9472222222222222 0.09166666666666666 0.1037037037037037
3 0.221875 0.038425925925925926 0.07604166666666666 0.07314814814814814
3 0.13776041666666666 0.6078703703703704 0.06510416666666667 0.10648148148148148
3 0.9669270833333333 0.8263888888888888 0.06302083333333333 0.11388888888888889
3 0.13515625 0.8263888888888888 0.0671875 0.10092592592592593