0 0.19166666666666668 0.20617283950617285 0.12222222222222222 0.0962962962962963
1 0.3597222222222222 0.22592592592592592 0.09444444444444444 0.16049382716049382
1 0.875 0.19135802469135801 0.044444444444444446 0.06666666666666667
1 0.8666666666666667 0.27283950617283953 0.05277777777777778 0.06666666666666667
1 0.26875 0.4185185185185185 0.07083333333333333 0.1308641975308642
1 0.04236111111111111 0.2814814814814815 0.08194444444444444 0.15308641975308643
1 0.9652777777777778 0.41728395061728396 0.06388888888888888 0.10864197530864197
1 0.6201388888888889 0.03580246913580247 0.06527777777777778 0.06666666666666667
1 0.9784722222222222 0.7246913580246913 0.043055555555555555 0.12098765432098765
1 0.28055555555555556 0.3012345679012346 0.06666666666666667 0.12345679012345678
1 0.49027777777777776 0.03950617283950617 0.06666666666666667 0.07407407407407407
1 0.5611111111111111 0.11728395061728394 0.05555555555555555 0.0962962962962963
1 0.8277777777777777 0.14938271604938272 0.05277777777777778 0.06666666666666667
3 0.58125 0.34444444444444444 0.10138888888888889 0.16049382716049382
3 0.28680555555555554 0.6049382716049383 0.09027777777777778 0.15308641975308643
3 0.7833333333333333 0.17160493827160495 0.05 0.07160493827160494