1 0.67734375 0.38425925925925924 0.04114583333333333 0.06111111111111111
1 0.4822916666666667 0.6606481481481481 0.046875 0.07685185185185185
1 0.7231770833333333 0.6032407407407407 0.0546875 0.07685185185185185
1 0.8309895833333333 0.325 0.04114583333333333 0.07037037037037037
1 0.5734375 0.7055555555555556 0.04791666666666667 0.07777777777777778
1 0.40182291666666664 0.7986111111111112 0.0453125 0.07685185185185185
1 0.83359375 0.2587962962962963 0.0421875 0.05462962962962963
1 0.6515625 0.49907407407407406 0.035416666666666666 0.05555555555555555
1 0.5895833333333333 0.39675925925925926 0.036458333333333336 0.05648148148148148
1 0.5098958333333333 0.36898148148148147 0.034375 0.062037037037037036
1 0.5578125 0.4185185185185185 0.036458333333333336 0.05740740740740741
1 0.9854166666666667 0.41944444444444445 0.029166666666666667 0.09259259259259259
1 0.7971354166666667 0.6990740740740741 0.034895833333333334 0.07037037037037037
1 0.9846354166666667 0.9148148148148149 0.030729166666666665 0.1259259259259259
1 0.8903645833333333 0.05324074074074074 0.0390625 0.06388888888888888
1 0.9169270833333333 0.1337962962962963 0.0390625 0.06388888888888888
1 0.9080729166666667 0.2023148148148148 0.0390625 0.06388888888888888
1 0.80546875 0.0699074074074074 0.0390625 0.06388888888888888
1 0.8486979166666667 0.0763888888888889 0.0390625 0.06388888888888888
1 0.83984375 0.0412037037037037 0.0390625 0.06388888888888888