1 0.31354166666666666 0.3347222222222222 0.06041666666666667 0.09907407407407408
1 0.26953125 0.6703703703703704 0.16927083333333334 0.26481481481481484
1 0.8604166666666667 0.8601851851851852 0.058333333333333334 0.1
1 0.6872395833333333 0.3925925925925926 0.04635416666666667 0.06666666666666667
1 0.13046875 0.17824074074074073 0.0640625 0.10833333333333334
1 0.8692708333333333 0.6472222222222223 0.04583333333333333 0.06851851851851852
1 0.7049479166666667 0.46944444444444444 0.0484375 0.07407407407407407
1 0.7450520833333333 0.39861111111111114 0.03697916666666667 0.05277777777777778
1 0.24010416666666667 0.375 0.0625 0.08703703703703704
3 0.21015625 0.4962962962962963 0.16510416666666666 0.16666666666666666
3 0.08046875 0.9259259259259259 0.15572916666666667 0.14074074074074075