0 0.6125 0.571604938271605 0.12222222222222222 0.10617283950617284
1 0.6888888888888889 0.7469135802469136 0.10833333333333334 0.17530864197530865
1 0.7152777777777778 0.6172839506172839 0.09166666666666666 0.14320987654320988
1 0.4847222222222222 0.32222222222222224 0.06388888888888888 0.10617283950617284
1 0.33611111111111114 0.03950617283950617 0.058333333333333334 0.07407407407407407
1 0.2986111111111111 0.5444444444444444 0.05555555555555555 0.0962962962962963
1 0.14722222222222223 0.8925925925925926 0.06666666666666667 0.1111111111111111
1 0.43194444444444446 0.43209876543209874 0.06666666666666667 0.1037037037037037
1 0.19444444444444445 0.454320987654321 0.06388888888888888 0.11851851851851852
1 0.4701388888888889 0.9543209876543209 0.09583333333333334 0.08641975308641975
3 0.8569444444444444 0.6370370370370371 0.125 0.16296296296296298
3 0.35694444444444445 0.6530864197530865 0.06388888888888888 0.07654320987654321
3 0.4263888888888889 0.32469135802469135 0.06944444444444445 0.09135802469135802
3 0.5680555555555555 0.20246913580246914 0.058333333333333334 0.07901234567901234
3 0.5041666666666667 0.4444444444444444 0.07222222222222222 0.09876543209876543
3 0.2388888888888889 0.3493827160493827 0.06388888888888888 0.09135802469135802