0 0.6194444444444445 0.7246913580246913 0.11388888888888889 0.1111111111111111
0 0.6104166666666667 0.808641975308642 0.07916666666666666 0.10123456790123457
1 0.6215277777777778 0.0654320987654321 0.07916666666666666 0.12098765432098765
1 0.3173611111111111 0.519753086419753 0.05138888888888889 0.08148148148148149
1 0.43472222222222223 0.6481481481481481 0.058333333333333334 0.0962962962962963
1 0.11736111111111111 0.44074074074074077 0.05416666666666667 0.08148148148148149
1 0.6159722222222223 0.9419753086419753 0.0763888888888889 0.1111111111111111
1 0.2 0.3592592592592593 0.04722222222222222 0.07160493827160494
1 0.4875 0.5444444444444444 0.058333333333333334 0.10123456790123457
1 0.6534722222222222 0.3814814814814815 0.059722222222222225 0.10123456790123457
1 0.022916666666666665 0.4925925925925926 0.04583333333333333 0.07654320987654321
1 0.3472222222222222 0.16296296296296298 0.03888888888888889 0.05925925925925926