1 0.8108072916666667 0.5701388888888889 0.03984375 0.06342592592592593
1 0.4453125 0.9550925925925926 0.04791666666666667 0.08148148148148149
1 0.341796875 0.7356481481481482 0.03046875 0.06296296296296296
1 0.9819010416666667 0.3071759259259259 0.03567708333333333 0.07453703703703704
1 0.8712239583333333 0.3909722222222222 0.03984375 0.06712962962962964
1 0.9373697916666667 0.324537037037037 0.04505208333333333 0.07685185185185185
1 0.6221354166666667 0.34675925925925927 0.0296875 0.049074074074074076
1 0.6688802083333333 0.20810185185185184 0.029427083333333333 0.04675925925925926
1 0.80625 0.09976851851851852 0.03229166666666667 0.060648148148148145
1 0.6143229166666667 0.30092592592592593 0.0265625 0.044444444444444446
1 0.6401041666666667 0.6152777777777778 0.03697916666666667 0.06666666666666667
1 0.6930989583333333 0.17962962962962964 0.024739583333333332 0.04351851851851852
1 0.771875 0.14583333333333334 0.027083333333333334 0.04537037037037037
1 0.7231770833333333 0.611574074074074 0.030208333333333334 0.05648148148148148
1 0.7166666666666667 0.18958333333333333 0.027083333333333334 0.04861111111111111
3 0.34596354166666665 0.8773148148148148 0.03463541666666667 0.05462962962962963