1 0.26783854166666665 0.4979166666666667 0.04088541666666667 0.059722222222222225
1 0.6365885416666667 0.5219907407407407 0.03203125 0.04861111111111111
1 0.4817708333333333 0.42314814814814816 0.0296875 0.04537037037037037
1 0.22864583333333333 0.41203703703703703 0.0328125 0.04537037037037037
1 0.18216145833333333 0.46620370370370373 0.032552083333333336 0.04722222222222222
1 0.32864583333333336 0.5631944444444444 0.0328125 0.04861111111111111
1 0.6875 0.5337962962962963 0.03125 0.04814814814814815
1 0.4361979166666667 0.39328703703703705 0.028645833333333332 0.047685185185185185
1 0.30169270833333334 0.6134259259259259 0.046614583333333334 0.062037037037037036
1 0.723828125 0.5671296296296297 0.032552083333333336 0.046296296296296294
1 0.48828125 0.5444444444444444 0.052083333333333336 0.06388888888888888
1 0.558984375 0.44351851851851853 0.027864583333333335 0.037037037037037035
1 0.729296875 0.5222222222222223 0.025260416666666667 0.037037037037037035
1 0.35963541666666665 0.3282407407407407 0.023958333333333335 0.03333333333333333
1 0.36171875 0.368287037037037 0.027604166666666666 0.03935185185185185
1 0.17643229166666666 0.3277777777777778 0.026822916666666665 0.03981481481481482
1 0.29075520833333335 0.39537037037037037 0.021614583333333333 0.03518518518518519
1 0.5848958333333333 0.44074074074074077 0.022395833333333334 0.027777777777777776
3 0.5158854166666667 0.5326388888888889 0.030729166666666665 0.04398148148148148
1 0.19817708333333334 0.3122685185185185 0.021354166666666667 0.02824074074074074
1 0.22682291666666668 0.34328703703703706 0.021354166666666667 0.02824074074074074
1 0.2578125 0.3525462962962963 0.021354166666666667 0.02824074074074074
1 0.27265625 0.3145833333333333 0.021354166666666667 0.02824074074074074
1 0.3234375 0.3173611111111111 0.0171875 0.02546296296296296
1 0.33619791666666665 0.2983796296296296 0.0171875 0.02546296296296296
1 0.35013020833333336 0.30162037037037037 0.01171875 0.01712962962962963
1 0.5141927083333333 0.27569444444444446 0.024739583333333332 0.033796296296296297
1 0.5826822916666666 0.25625 0.024739583333333332 0.033796296296296297
1 0.612890625 0.262037037037037 0.023697916666666666 0.03425925925925926
1 0.5212239583333333 0.12152777777777778 0.024739583333333332 0.033796296296296297
1 0.5139322916666667 0.16782407407407407 0.021614583333333333 0.03287037037037037
1 0.5528645833333333 0.16666666666666666 0.017708333333333333 0.027777777777777776
1 0.5643229166666667 0.09953703703703703 0.017708333333333333 0.027777777777777776
1 0.046875 0.39351851851851855 0.0234375 0.032407407407407406
1 0.08828125 0.3921296296296296 0.0234375 0.032407407407407406