1 0.5222222222222223 0.48271604938271606 0.044444444444444446 0.07654320987654321
1 0.6041666666666666 0.4580246913580247 0.03888888888888889 0.056790123456790124
1 0.9118055555555555 0.5 0.05416666666666667 0.08641975308641975
1 0.6222222222222222 0.3802469135802469 0.03888888888888889 0.06419753086419754
1 0.9409722222222222 0.9567901234567902 0.0875 0.07654320987654321
1 0.17777777777777778 0.6641975308641975 0.05555555555555555 0.09382716049382717
1 0.9631944444444445 0.9358024691358025 0.059722222222222225 0.11358024691358025
1 0.39791666666666664 0.8098765432098766 0.059722222222222225 0.09382716049382717
3 0.6458333333333334 0.5962962962962963 0.06388888888888888 0.10123456790123457
3 0.5284722222222222 0.6592592592592592 0.04583333333333333 0.09876543209876543
3 0.7395833333333334 0.6 0.06527777777777778 0.10864197530864197
3 0.7590277777777777 0.8888888888888888 0.09583333333333334 0.12345679012345678
3 0.55 0.508641975308642 0.04722222222222222 0.07407407407407407
3 0.46944444444444444 0.7111111111111111 0.03611111111111111 0.05925925925925926
3 0.48333333333333334 0.5604938271604938 0.03611111111111111 0.05925925925925926
1 0.6270833333333333 0.43209876543209874 0.04027777777777778 0.05925925925925926
1 0.6006944444444444 0.4074074074074074 0.04027777777777778 0.05925925925925926