0 0.3347222222222222 0.5555555555555556 0.08333333333333333 0.12839506172839507
0 0.07222222222222222 0.9320987654320988 0.14444444444444443 0.1259259259259259
1 0.5104166666666666 0.8851851851851852 0.10972222222222222 0.17530864197530865
1 0.10902777777777778 0.24938271604938272 0.05138888888888889 0.07901234567901234
1 0.38055555555555554 0.24320987654320989 0.04722222222222222 0.0962962962962963
1 0.6111111111111112 0.5654320987654321 0.06111111111111111 0.11358024691358025
1 0.34444444444444444 0.2111111111111111 0.044444444444444446 0.08148148148148149
1 0.8777777777777778 0.43333333333333335 0.06388888888888888 0.10617283950617284
1 0.21041666666666667 0.38765432098765434 0.07361111111111111 0.09382716049382717
1 0.13819444444444445 0.38271604938271603 0.07361111111111111 0.10864197530864197
1 0.41875 0.45308641975308644 0.05416666666666667 0.10617283950617284
3 0.21597222222222223 0.5419753086419753 0.06805555555555555 0.09135802469135802