1 0.8069444444444445 0.2074074074074074 0.08888888888888889 0.1382716049382716
1 0.8555555555555555 0.5160493827160494 0.12222222222222222 0.1728395061728395
1 0.425 0.9308641975308642 0.11388888888888889 0.13333333333333333
1 0.8097222222222222 0.3395061728395062 0.08333333333333333 0.12098765432098765
1 0.5027777777777778 0.3728395061728395 0.08888888888888889 0.13333333333333333
1 0.4847222222222222 0.7432098765432099 0.08888888888888889 0.15308641975308643
1 0.26180555555555557 0.6358024691358025 0.08194444444444444 0.1111111111111111
1 0.7340277777777777 0.1345679012345679 0.06527777777777778 0.10617283950617284
1 0.6333333333333333 0.2123456790123457 0.06944444444444445 0.11851851851851852
1 0.4131944444444444 0.5691358024691358 0.08472222222222223 0.13580246913580246
1 0.4673611111111111 0.1814814814814815 0.06527777777777778 0.1111111111111111
1 0.40625 0.7765432098765432 0.0763888888888889 0.14074074074074075
1 0.2972222222222222 0.9098765432098765 0.10555555555555556 0.17530864197530865
1 0.5770833333333333 0.8111111111111111 0.08194444444444444 0.1506172839506173
1 0.37916666666666665 0.37777777777777777 0.075 0.1037037037037037
1 0.7534722222222222 0.043209876543209874 0.07916666666666666 0.08148148148148149
1 0.7465277777777778 0.6209876543209877 0.10138888888888889 0.18024691358024691
1 0.21736111111111112 0.45925925925925926 0.059722222222222225 0.1037037037037037
1 0.625 0.10123456790123457 0.06944444444444445 0.09382716049382717
1 0.42777777777777776 0.49506172839506174 0.075 0.08641975308641975
1 0.28888888888888886 0.5135802469135803 0.07222222222222222 0.10864197530864197
1 0.7916666666666666 0.7950617283950617 0.14166666666666666 0.2123456790123457
1 0.71875 0.4222222222222222 0.10694444444444444 0.1580246913580247
1 0.3423611111111111 0.5 0.06527777777777778 0.10123456790123457
1 0.6729166666666667 0.5222222222222223 0.12638888888888888 0.17530864197530865
3 0.6381944444444444 0.7728395061728395 0.10694444444444444 0.16790123456790124
3 0.9493055555555555 0.3888888888888889 0.10138888888888889 0.18024691358024691