0 0.7270833333333333 0.9259259259259259 0.09583333333333334 0.06419753086419754
0 0.95625 0.6395061728395062 0.06805555555555555 0.06419753086419754
1 0.4930555555555556 0.4074074074074074 0.05277777777777778 0.08888888888888889
1 0.40069444444444446 0.9012345679012346 0.04861111111111111 0.08888888888888889
1 0.39444444444444443 0.5814814814814815 0.044444444444444446 0.08148148148148149
1 0.06388888888888888 0.9 0.06388888888888888 0.10123456790123457
1 0.4270833333333333 0.7876543209876543 0.04027777777777778 0.07407407407407407
1 0.5048611111111111 0.5506172839506173 0.04027777777777778 0.0691358024691358
1 0.4708333333333333 0.7876543209876543 0.041666666666666664 0.07407407407407407
1 0.7881944444444444 0.6530864197530865 0.04027777777777778 0.07160493827160494
1 0.24513888888888888 0.9641975308641976 0.06805555555555555 0.06666666666666667
1 0.6666666666666666 0.5407407407407407 0.03333333333333333 0.05432098765432099
1 0.5354166666666667 0.7555555555555555 0.03194444444444444 0.04938271604938271
3 0.37569444444444444 0.9617283950617284 0.05138888888888889 0.07160493827160494
3 0.23958333333333334 0.4283950617283951 0.04027777777777778 0.06172839506172839