0 0.3527777777777778 0.6012345679012345 0.2 0.21481481481481482
0 0.5826388888888889 0.6481481481481481 0.1625 0.14074074074074075
0 0.7597222222222222 0.11234567901234568 0.09722222222222222 0.08641975308641975
0 0.5826388888888889 0.2 0.09027777777777778 0.16296296296296298
1 0.5631944444444444 0.3691358024691358 0.10416666666666667 0.19012345679012346
1 0.9375 0.36419753086419754 0.11388888888888889 0.17037037037037037
1 0.6805555555555556 0.3333333333333333 0.08888888888888889 0.16296296296296298
1 0.7743055555555556 0.4160493827160494 0.09305555555555556 0.15555555555555556
1 0.4388888888888889 0.36666666666666664 0.10277777777777777 0.20493827160493827
1 0.6347222222222222 0.06790123456790123 0.075 0.12098765432098765
1 0.7180555555555556 0.7876543209876543 0.11388888888888889 0.20246913580246914
1 0.19166666666666668 0.4962962962962963 0.16666666666666666 0.2962962962962963
1 0.8381944444444445 0.6444444444444445 0.12916666666666668 0.2271604938271605
3 0.9541666666666667 0.6530864197530865 0.08888888888888889 0.2
3 0.5555555555555556 0.5407407407407407 0.08888888888888889 0.12345679012345678
3 0.22847222222222222 0.9493827160493827 0.13472222222222222 0.0962962962962963
3 0.8326388888888889 0.19012345679012346 0.12361111111111112 0.1580246913580247
3 0.6354166666666666 0.9061728395061729 0.12916666666666668 0.18765432098765433
3 0.6444444444444445 0.5160493827160494 0.08888888888888889 0.14814814814814814
3 0.7159722222222222 0.18888888888888888 0.09583333333333334 0.145679012345679
3 0.7270833333333333 0.49876543209876545 0.09583333333333334 0.1382716049382716