0 0.3809895833333333 0.9439814814814815 0.10052083333333334 0.10833333333333334
0 0.22760416666666666 0.33425925925925926 0.05625 0.10185185185185185
1 0.4114583333333333 0.2263888888888889 0.041666666666666664 0.06574074074074074
1 0.6614583333333334 0.27314814814814814 0.03854166666666667 0.07037037037037037
1 0.48880208333333336 0.22268518518518518 0.04010416666666667 0.07685185185185185
1 0.625 0.2412037037037037 0.0375 0.058333333333333334
3 0.23463541666666668 0.600462962962963 0.1078125 0.15833333333333333
3 0.13385416666666666 0.30185185185185187 0.09479166666666666 0.11296296296296296
3 0.03619791666666667 0.4166666666666667 0.07135416666666666 0.0962962962962963
3 0.6325520833333333 0.29444444444444445 0.0515625 0.06666666666666667
3 0.5734375 0.46111111111111114 0.04895833333333333 0.07777777777777778
3 0.22760416666666666 0.3347222222222222 0.05625 0.10092592592592593