1 0.6934895833333333 0.14027777777777778 0.04010416666666667 0.06388888888888888
1 0.4864583333333333 0.42083333333333334 0.040625 0.06759259259259259
1 0.9427083333333334 0.0962962962962963 0.046875 0.06111111111111111
1 0.8979166666666667 0.32083333333333336 0.05520833333333333 0.062037037037037036
1 0.9213541666666667 0.43657407407407406 0.05520833333333333 0.07685185185185185
1 0.11796875 0.9287037037037037 0.0671875 0.10925925925925926
1 0.9072916666666667 0.04027777777777778 0.04479166666666667 0.058333333333333334
1 0.5958333333333333 0.13703703703703704 0.035416666666666666 0.053703703703703705
1 0.38385416666666666 0.28935185185185186 0.0375 0.062037037037037036
1 0.15234375 0.5189814814814815 0.0359375 0.058333333333333334
1 0.11328125 0.5625 0.0359375 0.058333333333333334
1 0.17838541666666666 0.4652777777777778 0.0359375 0.058333333333333334