1 0.6557291666666667 0.5699074074074074 0.08645833333333333 0.1398148148148148
1 0.34296875 0.4648148148148148 0.058854166666666666 0.10185185185185185
1 0.8895833333333333 0.2740740740740741 0.06145833333333333 0.0962962962962963
1 0.47291666666666665 0.2777777777777778 0.05416666666666667 0.07592592592592592
1 0.28619791666666666 0.2601851851851852 0.050520833333333334 0.08518518518518518
1 0.6684895833333333 0.1 0.033854166666666664 0.05185185185185185
1 0.48020833333333335 0.10833333333333334 0.029166666666666667 0.04814814814814815
1 0.5997395833333333 0.04722222222222222 0.033854166666666664 0.05
3 0.790625 0.5601851851851852 0.08125 0.11666666666666667
3 0.4109375 0.5555555555555556 0.06979166666666667 0.09074074074074075
3 0.39453125 0.7199074074074074 0.06197916666666667 0.10462962962962963
3 0.8359375 0.21064814814814814 0.06041666666666667 0.06388888888888888
3 0.8059895833333334 0.6555555555555556 0.06510416666666667 0.07592592592592592
3 0.5346354166666667 0.7106481481481481 0.058854166666666666 0.09166666666666666
1 0.7153645833333333 0.053703703703703705 0.033854166666666664 0.05185185185185185
1 0.5322916666666667 0.08888888888888889 0.029166666666666667 0.04814814814814815