1 0.6041666666666666 0.6296296296296297 0.05555555555555555 0.09382716049382717
1 0.33055555555555555 0.27901234567901234 0.05555555555555555 0.08888888888888889
1 0.5895833333333333 0.39382716049382716 0.04583333333333333 0.07160493827160494
1 0.45625 0.3148148148148148 0.04027777777777778 0.08148148148148149
1 0.8729166666666667 0.5740740740740741 0.05138888888888889 0.09135802469135802
1 0.55 0.34814814814814815 0.03888888888888889 0.06419753086419754
1 0.25555555555555554 0.6851851851851852 0.075 0.11604938271604938
1 0.3263888888888889 0.1308641975308642 0.044444444444444446 0.06419753086419754
1 0.8090277777777778 0.4691358024691358 0.05138888888888889 0.08888888888888889
1 0.4048611111111111 0.0962962962962963 0.043055555555555555 0.0691358024691358
1 0.23194444444444445 0.05925925925925926 0.05277777777777778 0.08395061728395062
1 0.71875 0.3172839506172839 0.04861111111111111 0.08148148148148149
1 0.5645833333333333 0.23703703703703705 0.04027777777777778 0.05925925925925926
1 0.2847222222222222 0.3728395061728395 0.075 0.1037037037037037