1 0.22083333333333333 0.682716049382716 0.08333333333333333 0.12098765432098765
1 0.6458333333333334 0.40617283950617283 0.05555555555555555 0.08641975308641975
1 0.5611111111111111 0.6703703703703704 0.058333333333333334 0.0962962962962963
1 0.9326388888888889 0.5209876543209877 0.12916666666666668 0.1382716049382716
1 0.6076388888888888 0.5679012345679012 0.059722222222222225 0.08395061728395062
1 0.7229166666666667 0.24938271604938272 0.059722222222222225 0.08395061728395062
1 0.4444444444444444 0.43580246913580245 0.06666666666666667 0.1111111111111111
1 0.9722222222222222 0.28888888888888886 0.05555555555555555 0.11358024691358025
1 0.9402777777777778 0.18518518518518517 0.10555555555555556 0.09382716049382717
1 0.1388888888888889 0.6604938271604939 0.07777777777777778 0.1111111111111111
1 0.6777777777777778 0.30246913580246915 0.04722222222222222 0.07654320987654321
1 0.6923611111111111 0.19012345679012346 0.05138888888888889 0.10864197530864197
3 0.4340277777777778 0.519753086419753 0.059722222222222225 0.06666666666666667
3 0.7201388888888889 0.37037037037037035 0.06805555555555555 0.11851851851851852
3 0.19027777777777777 0.5925925925925926 0.08333333333333333 0.10864197530864197
3 0.6597222222222222 0.23703703703703705 0.044444444444444446 0.11358024691358025
3 0.4777777777777778 0.8691358024691358 0.05 0.08395061728395062
3 0.7854166666666667 0.3111111111111111 0.05138888888888889 0.05925925925925926