1 0.10677083333333333 0.5368055555555555 0.058854166666666666 0.0837962962962963
1 0.4647135416666667 0.43449074074074073 0.04140625 0.06157407407407407
1 0.53359375 0.4925925925925926 0.033854166666666664 0.053703703703703705
1 0.034375 0.8206018518518519 0.06458333333333334 0.08657407407407407
1 0.4147135416666667 0.11712962962962963 0.03567708333333333 0.05462962962962963
1 0.3944010416666667 0.03680555555555556 0.03619791666666667 0.05694444444444444
1 0.335546875 0.20462962962962963 0.03828125 0.05925925925925926
1 0.575 0.29814814814814816 0.027604166666666666 0.05277777777777778
1 0.6259114583333333 0.3196759259259259 0.032552083333333336 0.05324074074074074
1 0.5091145833333334 0.15625 0.027083333333333334 0.04675925925925926
1 0.028125 0.030555555555555555 0.049479166666666664 0.06018518518518518
1 0.7393229166666667 0.5548611111111111 0.03229166666666667 0.055092592592592596
1 0.3580729166666667 0.4689814814814815 0.034375 0.06018518518518518
1 0.5690104166666666 0.15810185185185185 0.025520833333333333 0.04675925925925926
1 0.5615885416666667 0.22615740740740742 0.026822916666666665 0.04675925925925926
1 0.5236979166666667 0.3060185185185185 0.029166666666666667 0.044444444444444446
1 0.6399739583333334 0.5733796296296296 0.029427083333333333 0.04861111111111111
1 0.652734375 0.4618055555555556 0.03307291666666667 0.06157407407407407
1 0.6033854166666667 0.5162037037037037 0.03333333333333333 0.053703703703703705
1 0.6114583333333333 0.2074074074074074 0.027604166666666666 0.046296296296296294
1 0.48098958333333336 0.09814814814814815 0.026041666666666668 0.046296296296296294
1 0.5098958333333333 0.05277777777777778 0.028645833333333332 0.04722222222222222
1 0.7197916666666667 0.4048611111111111 0.024479166666666666 0.04398148148148148
1 0.38359375 0.48935185185185187 0.03958333333333333 0.062037037037037036
1 0.74140625 0.37175925925925923 0.024479166666666666 0.04259259259259259
1 0.08919270833333333 0.29421296296296295 0.038802083333333334 0.04490740740740741
1 0.545703125 0.09375 0.02265625 0.043055555555555555
3 0.089453125 0.29421296296296295 0.03828125 0.04490740740740741
1 0.7692708333333333 0.5449074074074074 0.019270833333333334 0.040740740740740744
1 0.859375 0.5236111111111111 0.019270833333333334 0.040740740740740744
1 0.8799479166666667 0.4935185185185185 0.019270833333333334 0.040740740740740744
1 0.82734375 0.4726851851851852 0.019270833333333334 0.040740740740740744
1 0.8690104166666667 0.4125 0.019270833333333334 0.040740740740740744
1 0.9098958333333333 0.475462962962963 0.019270833333333334 0.040740740740740744
1 0.9166666666666666 0.4115740740740741 0.019270833333333334 0.040740740740740744
1 0.8986979166666667 0.38263888888888886 0.018229166666666668 0.027314814814814816
1 0.9049479166666666 0.3502314814814815 0.018229166666666668 0.027314814814814816
1 0.8497395833333333 0.33541666666666664 0.018229166666666668 0.027314814814814816
1 0.7845052083333334 0.3333333333333333 0.02109375 0.03518518518518519
1 0.7834635416666667 0.30324074074074076 0.02109375 0.03518518518518519
1 0.7391927083333333 0.262037037037037 0.02109375 0.03518518518518519
1 0.7826822916666667 0.24074074074074073 0.02109375 0.03518518518518519
1 0.8061197916666667 0.25833333333333336 0.02109375 0.03518518518518519
1 0.8626302083333334 0.28379629629629627 0.02109375 0.03518518518518519
1 0.8876302083333333 0.29768518518518516 0.02109375 0.03518518518518519
1 0.905859375 0.30092592592592593 0.02109375 0.03518518518518519
1 0.9774739583333333 0.4537037037037037 0.02109375 0.03518518518518519
1 0.9571614583333333 0.44212962962962965 0.02109375 0.03518518518518519
1 0.951171875 0.37962962962962965 0.02109375 0.03518518518518519
1 0.6962239583333333 0.10462962962962963 0.02109375 0.03518518518518519
1 0.6720052083333333 0.14814814814814814 0.02109375 0.03518518518518519
1 0.601171875 0.1125 0.02109375 0.03518518518518519
1 0.587890625 0.13703703703703704 0.02109375 0.03518518518518519
1 0.7852864583333333 0.19305555555555556 0.02109375 0.03518518518518519
1 0.574609375 0.05185185185185185 0.02109375 0.03518518518518519
1 0.6201822916666667 0.03888888888888889 0.02109375 0.03518518518518519
1 0.6686197916666666 0.04490740740740741 0.02109375 0.03518518518518519
1 0.52578125 0.20671296296296296 0.025520833333333333 0.04675925925925926