0 0.9584635416666667 0.7949074074074074 0.07994791666666666 0.13518518518518519
0 0.8703125 0.8729166666666667 0.13020833333333334 0.24583333333333332
0 0.485546875 0.8703703703703703 0.10338541666666666 0.0787037037037037
0 0.9170572916666667 0.26064814814814813 0.13359375 0.11481481481481481
0 0.9287760416666667 0.8039351851851851 0.14244791666666667 0.1550925925925926
1 0.6608072916666666 0.4787037037037037 0.10494791666666667 0.18425925925925926
1 0.8139322916666667 0.18888888888888888 0.11015625 0.18518518518518517
1 0.9373697916666667 0.08055555555555556 0.11901041666666666 0.15555555555555556
1 0.7622395833333333 0.31527777777777777 0.10729166666666666 0.17592592592592593
1 0.7174479166666666 0.6333333333333333 0.12291666666666666 0.19814814814814816
1 0.7708333333333334 0.5027777777777778 0.0953125 0.14907407407407408
1 0.8470052083333334 0.4912037037037037 0.10494791666666667 0.18055555555555555
1 0.8635416666666667 0.3747685185185185 0.11145833333333334 0.17731481481481481
1 0.7627604166666667 0.7738425925925926 0.08697916666666666 0.12453703703703704
1 0.956640625 0.28055555555555556 0.08515625 0.15
2 0.6408854166666667 0.16689814814814816 0.0671875 0.0875
2 0.7360677083333333 0.1763888888888889 0.03671875 0.040740740740740744
2 0.4069010416666667 0.9321759259259259 0.06015625 0.1300925925925926
2 0.6606770833333333 0.30277777777777776 0.043229166666666666 0.058333333333333334
2 0.484765625 0.9497685185185185 0.09036458333333333 0.10046296296296296
2 0.6134114583333333 0.924074074074074 0.07473958333333333 0.10462962962962963
3 0.377734375 0.4986111111111111 0.08255208333333333 0.17592592592592593
3 0.43919270833333335 0.3488425925925926 0.10078125 0.11712962962962963
3 0.053515625 0.5650462962962963 0.07213541666666666 0.1550925925925926
3 0.09270833333333334 0.788425925925926 0.05260416666666667 0.09907407407407408