1 0.5408854166666667 0.36574074074074076 0.044270833333333336 0.07407407407407407
1 0.3795572916666667 0.1935185185185185 0.03411458333333333 0.05
1 0.17135416666666667 0.11990740740740741 0.0734375 0.1398148148148148
1 0.29908854166666665 0.17175925925925925 0.04244791666666667 0.06481481481481481
1 0.3203125 0.4011574074074074 0.042708333333333334 0.08009259259259259
1 0.364453125 0.4398148148148148 0.038802083333333334 0.06111111111111111
1 0.28541666666666665 0.28958333333333336 0.05520833333333333 0.10324074074074074
1 0.359765625 0.5023148148148148 0.03203125 0.05555555555555555
1 0.2765625 0.12708333333333333 0.0296875 0.04675925925925926
1 0.5591145833333333 0.42939814814814814 0.03177083333333333 0.05138888888888889
3 0.09752604166666666 0.10462962962962963 0.11640625 0.15648148148148147
3 0.44505208333333335 0.6291666666666667 0.0546875 0.07777777777777778