0 0.22083333333333333 0.9 0.19583333333333333 0.17962962962962964
1 0.5315104166666667 0.4912037037037037 0.0515625 0.08425925925925926
1 0.4166666666666667 0.5032407407407408 0.04791666666666667 0.0787037037037037
1 0.5356770833333333 0.9064814814814814 0.07760416666666667 0.14074074074074075
1 0.7559895833333333 0.5365740740740741 0.0359375 0.06018518518518518
1 0.09427083333333333 0.8875 0.07291666666666667 0.10648148148148148
1 0.134375 0.2638888888888889 0.06041666666666667 0.08888888888888889
1 0.66328125 0.6240740740740741 0.034895833333333334 0.05740740740740741
1 0.6872395833333333 0.32685185185185184 0.030729166666666665 0.05185185185185185
1 0.8010416666666667 0.7916666666666666 0.036458333333333336 0.06481481481481481
1 0.43203125 0.16527777777777777 0.034895833333333334 0.062037037037037036
1 0.75859375 0.9740740740740741 0.0671875 0.05