1 0.16875 0.6370370370370371 0.06527777777777778 0.08888888888888889
1 0.12986111111111112 0.7555555555555555 0.09305555555555556 0.1382716049382716
1 0.6486111111111111 0.9098765432098765 0.08888888888888889 0.13580246913580246
1 0.8951388888888889 0.4567901234567901 0.059722222222222225 0.09382716049382717
1 0.90625 0.7777777777777778 0.06527777777777778 0.1037037037037037
1 0.42291666666666666 0.9259259259259259 0.07916666666666666 0.11358024691358025
1 0.7666666666666667 0.1962962962962963 0.04722222222222222 0.08148148148148149
1 0.44930555555555557 0.254320987654321 0.043055555555555555 0.07407407407407407
1 0.5055555555555555 0.32098765432098764 0.03611111111111111 0.06419753086419754
1 0.8152777777777778 0.6395061728395062 0.07222222222222222 0.08888888888888889
1 0.9569444444444445 0.2419753086419753 0.05 0.08395061728395062
1 0.47638888888888886 0.2123456790123457 0.05555555555555555 0.08395061728395062
1 0.6930555555555555 0.2962962962962963 0.04722222222222222 0.09382716049382717
1 0.6576388888888889 0.3345679012345679 0.0625 0.1111111111111111
1 0.65 0.24320987654320989 0.03888888888888889 0.07654320987654321
3 0.4847222222222222 0.762962962962963 0.058333333333333334 0.09876543209876543
3 0.9319444444444445 0.6728395061728395 0.075 0.1111111111111111
3 0.88125 0.7024691358024692 0.05138888888888889 0.08148148148148149
1 0.5902777777777778 0.38641975308641974 0.03888888888888889 0.07654320987654321