1 0.37994791666666666 0.5861111111111111 0.0453125 0.07777777777777778
1 0.8942708333333333 0.5851851851851851 0.040625 0.07037037037037037
1 0.47291666666666665 0.8666666666666667 0.053125 0.08333333333333333
1 0.7221354166666667 0.31203703703703706 0.033854166666666664 0.05740740740740741
1 0.6307291666666667 0.5226851851851851 0.034375 0.06388888888888888
1 0.7697916666666667 0.29814814814814816 0.03229166666666667 0.053703703703703705
1 0.5669270833333333 0.4412037037037037 0.033854166666666664 0.05462962962962963
1 0.8692708333333333 0.2726851851851852 0.03854166666666667 0.06944444444444445
1 0.24895833333333334 0.6263888888888889 0.030208333333333334 0.049074074074074076
1 0.7294270833333333 0.23333333333333334 0.0296875 0.04814814814814815
1 0.81796875 0.2550925925925926 0.030729166666666665 0.05462962962962963
1 0.5924479166666666 0.29907407407407405 0.028645833333333332 0.05
1 0.6307291666666667 0.4708333333333333 0.03229166666666667 0.06574074074074074
3 0.4947916666666667 0.6569444444444444 0.065625 0.11388888888888889
0 0.5442708333333334 0.44166666666666665 0.03125 0.03518518518518519
1 0.54609375 0.3296296296296296 0.019270833333333334 0.03148148148148148
1 0.5330729166666667 0.37777777777777777 0.019270833333333334 0.03148148148148148
1 0.6278645833333333 0.25833333333333336 0.019270833333333334 0.03148148148148148
1 0.30859375 0.5 0.019270833333333334 0.03148148148148148
1 0.042708333333333334 0.8541666666666666 0.030208333333333334 0.049074074074074076