1 0.292578125 0.34976851851851853 0.038802083333333334 0.0625
1 0.831640625 0.737037037037037 0.054947916666666666 0.0824074074074074
1 0.7720052083333333 0.5972222222222222 0.04609375 0.07592592592592592
1 0.362890625 0.07615740740740741 0.04348958333333333 0.07453703703703704
1 0.965625 0.6479166666666667 0.0640625 0.09675925925925925
1 0.583984375 0.8726851851851852 0.03307291666666667 0.06388888888888888
1 0.774609375 0.3875 0.040364583333333336 0.06296296296296296
1 0.546875 0.42777777777777776 0.036458333333333336 0.07407407407407407
1 0.6641927083333333 0.21064814814814814 0.05234375 0.08055555555555556
1 0.44973958333333336 0.024537037037037038 0.04583333333333333 0.04722222222222222
1 0.5790364583333333 0.8090277777777778 0.04244791666666667 0.07731481481481481
1 0.015494791666666667 0.5634259259259259 0.03046875 0.06296296296296296
3 0.6893229166666667 0.2386574074074074 0.057291666666666664 0.08472222222222223
3 0.869140625 0.612037037037037 0.06692708333333333 0.11296296296296296
3 0.33984375 0.2537037037037037 0.03854166666666667 0.06574074074074074
3 0.625390625 0.2247685185185185 0.039322916666666666 0.0587962962962963