0 0.3034722222222222 0.5864197530864198 0.11527777777777778 0.10617283950617284
0 0.1326388888888889 0.7962962962962963 0.24861111111111112 0.2345679012345679
0 0.07847222222222222 0.8506172839506173 0.14305555555555555 0.1308641975308642
0 0.17083333333333334 0.7691358024691358 0.16944444444444445 0.17530864197530865
1 0.07013888888888889 0.5123456790123457 0.1375 0.25925925925925924
1 0.5361111111111111 0.9222222222222223 0.14166666666666666 0.15555555555555556
3 0.6798611111111111 0.745679012345679 0.23472222222222222 0.3654320987654321
3 0.8965277777777778 0.5518518518518518 0.17083333333333334 0.254320987654321
3 0.8166666666666667 0.6814814814814815 0.18055555555555555 0.26666666666666666
3 0.1361111111111111 0.8888888888888888 0.14166666666666666 0.12345679012345678
3 0.32708333333333334 0.6987654320987654 0.11527777777777778 0.17777777777777778