1 0.8375 0.3345679012345679 0.1111111111111111 0.1654320987654321
1 0.6493055555555556 0.7666666666666667 0.1125 0.17530864197530865
1 0.4215277777777778 0.23950617283950618 0.07361111111111111 0.1382716049382716
1 0.1527777777777778 0.09135802469135802 0.11666666666666667 0.1728395061728395
1 0.3527777777777778 0.7407407407407407 0.07777777777777778 0.1728395061728395
1 0.5847222222222223 0.9345679012345679 0.11944444444444445 0.1259259259259259
1 0.9222222222222223 0.11358024691358025 0.12777777777777777 0.17777777777777778
1 0.5305555555555556 0.2839506172839506 0.07777777777777778 0.14814814814814814
1 0.75 0.8987654320987655 0.14166666666666666 0.19753086419753085
1 0.5194444444444445 0.10740740740740741 0.07222222222222222 0.1308641975308642
1 0.024305555555555556 0.7790123456790123 0.04583333333333333 0.16049382716049382
1 0.5986111111111111 0.29259259259259257 0.08611111111111111 0.14074074074074075
1 0.37222222222222223 0.4740740740740741 0.08333333333333333 0.14814814814814814