1 0.4278645833333333 0.6837962962962963 0.09010416666666667 0.15833333333333333
1 0.6122395833333333 0.5856481481481481 0.09635416666666667 0.18055555555555555
1 0.9002604166666667 0.49907407407407406 0.11510416666666666 0.17962962962962964
1 0.16822916666666668 0.1398148148148148 0.12083333333333333 0.1685185185185185
2 0.44635416666666666 0.9625 0.04791666666666667 0.075
3 0.10703125 0.7472222222222222 0.0921875 0.17592592592592593
3 0.28619791666666666 0.32037037037037036 0.09427083333333333 0.14629629629629629
3 0.771875 0.39444444444444443 0.14895833333333333 0.21851851851851853
3 0.25026041666666665 0.8625 0.0859375 0.14351851851851852
3 0.3341145833333333 0.22870370370370371 0.058854166666666666 0.11296296296296296
3 0.08463541666666667 0.5421296296296296 0.058854166666666666 0.09722222222222222
3 0.5783854166666667 0.8564814814814815 0.08697916666666666 0.1537037037037037
3 0.8291666666666667 0.9305555555555556 0.075 0.12407407407407407