0 0.7104166666666667 0.43703703703703706 0.12361111111111112 0.35555555555555557
0 0.5402777777777777 0.7506172839506173 0.20277777777777778 0.14814814814814814
0 0.4701388888888889 0.3506172839506173 0.1125 0.16296296296296298
0 0.3763888888888889 0.2814814814814815 0.058333333333333334 0.17777777777777778
1 0.275 0.6592592592592592 0.10555555555555556 0.1728395061728395
1 0.5618055555555556 0.39382716049382716 0.08194444444444444 0.16049382716049382
1 0.5902777777777778 0.17530864197530865 0.1 0.2271604938271605
1 0.21319444444444444 0.41358024691358025 0.12638888888888888 0.19506172839506172
1 0.5222222222222223 0.18271604938271604 0.07222222222222222 0.15308641975308643
1 0.38055555555555554 0.9518518518518518 0.09166666666666666 0.09135802469135802
1 0.4097222222222222 0.11234567901234568 0.08888888888888889 0.1308641975308642
1 0.4305555555555556 0.03333333333333333 0.08055555555555556 0.06172839506172839
3 0.46458333333333335 0.917283950617284 0.1125 0.17037037037037037
3 0.47638888888888886 0.45555555555555555 0.08055555555555556 0.12098765432098765
3 0.3229166666666667 0.08641975308641975 0.09027777777777778 0.15308641975308643