1 0.49296875 0.5319444444444444 0.027604166666666666 0.049074074074074076
1 0.5384114583333334 0.3587962962962963 0.02421875 0.05555555555555555
1 0.49973958333333335 0.3587962962962963 0.027083333333333334 0.04537037037037037
1 0.556640625 0.6282407407407408 0.028385416666666666 0.05648148148148148
1 0.6165364583333334 0.6307870370370371 0.028385416666666666 0.05416666666666667
1 0.5256510416666667 0.743287037037037 0.03828125 0.06157407407407407
1 0.61328125 0.9541666666666667 0.043229166666666666 0.07777777777777778
1 0.23111979166666666 0.9449074074074074 0.04765625 0.08425925925925926
1 0.359375 0.50625 0.03333333333333333 0.060648148148148145
1 0.4166666666666667 0.3368055555555556 0.027083333333333334 0.05138888888888889
1 0.43776041666666665 0.17662037037037037 0.027083333333333334 0.04953703703703704
1 0.41848958333333336 0.08287037037037037 0.029166666666666667 0.05462962962962963
1 0.3321614583333333 0.06597222222222222 0.03671875 0.06527777777777778
1 0.12669270833333332 0.08032407407407408 0.03671875 0.05138888888888889
1 0.059244791666666664 0.3993055555555556 0.05234375 0.09212962962962963
1 0.38229166666666664 0.2900462962962963 0.027083333333333334 0.05138888888888889