1 0.13424479166666667 0.08310185185185186 0.04973958333333333 0.0699074074074074
1 0.31354166666666666 0.4476851851851852 0.0484375 0.07222222222222222
1 0.16328125 0.525 0.043229166666666666 0.06574074074074074
1 0.5505208333333333 0.35555555555555557 0.033854166666666664 0.05
1 0.20403645833333334 0.08101851851851852 0.03723958333333333 0.05648148148148148
1 0.11966145833333333 0.5817129629629629 0.04765625 0.07175925925925926
1 0.4296875 0.1909722222222222 0.0328125 0.052314814814814814
1 0.60546875 0.3993055555555556 0.027083333333333334 0.04490740740740741
1 0.20442708333333334 0.28425925925925927 0.03697916666666667 0.053703703703703705
1 0.4772135416666667 0.3819444444444444 0.03046875 0.05
1 0.47708333333333336 0.11574074074074074 0.030729166666666665 0.04722222222222222
1 0.66171875 0.2587962962962963 0.029166666666666667 0.05
1 0.2794270833333333 0.6532407407407408 0.03958333333333333 0.053703703703703705
1 0.7678385416666667 0.44189814814814815 0.026822916666666665 0.052314814814814814
1 0.6201822916666667 0.24421296296296297 0.023697916666666666 0.04675925925925926
1 0.45078125 0.0525462962962963 0.03125 0.05138888888888889
1 0.38359375 0.023842592592592592 0.036458333333333336 0.04583333333333333
1 0.5541666666666667 0.13703703703703704 0.0234375 0.040740740740740744
1 0.6013020833333333 0.1884259259259259 0.0265625 0.044444444444444446
1 0.6907552083333334 0.4638888888888889 0.026302083333333334 0.04722222222222222
3 0.14869791666666668 0.19722222222222222 0.0625 0.053703703703703705
3 0.144140625 0.36412037037037037 0.03723958333333333 0.047685185185185185
1 0.500390625 0.4 0.03046875 0.05
1 0.5850260416666667 0.2548611111111111 0.023697916666666666 0.04675925925925926
1 0.7919270833333333 0.4310185185185185 0.0234375 0.03148148148148148
1 0.6928385416666667 0.3701388888888889 0.02578125 0.04027777777777778
1 0.7404947916666667 0.3261574074074074 0.02578125 0.04027777777777778
1 0.7576822916666667 0.29791666666666666 0.02578125 0.04027777777777778
1 0.8704427083333334 0.41180555555555554 0.02578125 0.04027777777777778
1 0.8717447916666666 0.31504629629629627 0.02578125 0.04027777777777778
1 0.8329427083333333 0.2826388888888889 0.02578125 0.04027777777777778
1 0.8420572916666667 0.25625 0.02578125 0.04027777777777778
1 0.7868489583333333 0.2659722222222222 0.02578125 0.04027777777777778
1 0.785546875 0.22893518518518519 0.02578125 0.04027777777777778
1 0.7454427083333334 0.20023148148148148 0.02578125 0.04027777777777778
1 0.780859375 0.18078703703703702 0.02578125 0.04027777777777778
1 0.7990885416666667 0.1988425925925926 0.02578125 0.04027777777777778
1 0.9053385416666667 0.3076388888888889 0.02578125 0.04027777777777778
1 0.9053385416666667 0.50625 0.02578125 0.04027777777777778
1 0.6578125 0.41597222222222224 0.027083333333333334 0.04490740740740741
1 0.5286458333333334 0.09351851851851851 0.0234375 0.040740740740740744
1 0.5393229166666667 0.047685185185185185 0.0234375 0.040740740740740744
1 0.5690104166666666 0.08703703703703704 0.0234375 0.040740740740740744
1 0.5953125 0.03888888888888889 0.0234375 0.040740740740740744
1 0.5989583333333334 0.13287037037037036 0.0234375 0.040740740740740744
1 0.6135416666666667 0.10324074074074074 0.0234375 0.040740740740740744
1 0.63125 0.17546296296296296 0.0234375 0.040740740740740744
1 0.6252604166666667 0.022222222222222223 0.0234375 0.040740740740740744
1 0.66796875 0.026851851851851852 0.0234375 0.040740740740740744
1 0.6510416666666666 0.08888888888888889 0.0234375 0.040740740740740744
1 0.67421875 0.11990740740740741 0.0234375 0.040740740740740744
1 0.7 0.08009259259259259 0.0234375 0.040740740740740744
1 0.7213541666666666 0.05925925925925926 0.0234375 0.040740740740740744
1 0.7338541666666667 0.1425925925925926 0.0234375 0.040740740740740744
1 0.7333333333333333 0.14166666666666666 0.0234375 0.040740740740740744