1 0.17430555555555555 0.8518518518518519 0.10694444444444444 0.1728395061728395
1 0.6118055555555556 0.19382716049382717 0.059722222222222225 0.10123456790123457
1 0.38125 0.445679012345679 0.059722222222222225 0.0962962962962963
1 0.49166666666666664 0.6382716049382716 0.06666666666666667 0.1259259259259259
1 0.2534722222222222 0.45185185185185184 0.059722222222222225 0.10864197530864197
1 0.8180555555555555 0.9543209876543209 0.09722222222222222 0.09135802469135802
1 0.6597222222222222 0.4765432098765432 0.06111111111111111 0.11358024691358025
1 0.29930555555555555 0.554320987654321 0.0625 0.11604938271604938
1 0.3527777777777778 0.6246913580246913 0.06111111111111111 0.12345679012345678
1 0.5965277777777778 0.5296296296296297 0.0625 0.12098765432098765
1 0.4097222222222222 0.5518518518518518 0.06388888888888888 0.11604938271604938
1 0.3020833333333333 0.27037037037037037 0.05416666666666667 0.10617283950617284
1 0.23680555555555555 0.2234567901234568 0.05416666666666667 0.1111111111111111
1 0.23958333333333334 0.3345679012345679 0.05694444444444444 0.1111111111111111
1 0.34791666666666665 0.2271604938271605 0.05694444444444444 0.09876543209876543
1 0.3590277777777778 0.2975308641975309 0.05416666666666667 0.09135802469135802
2 0.7284722222222222 0.7345679012345679 0.06805555555555555 0.1111111111111111
3 0.4076388888888889 0.8530864197530864 0.10694444444444444 0.19506172839506172