0 0.6465277777777778 0.8654320987654321 0.10972222222222222 0.0962962962962963
1 0.8069444444444445 0.5481481481481482 0.10277777777777777 0.17777777777777778
1 0.09236111111111112 0.7049382716049383 0.10416666666666667 0.145679012345679
1 0.8118055555555556 0.15679012345679014 0.05138888888888889 0.0962962962962963
1 0.7131944444444445 0.1271604938271605 0.0763888888888889 0.12098765432098765
1 0.48680555555555555 0.14938271604938272 0.05694444444444444 0.09135802469135802
1 0.46875 0.29876543209876544 0.06527777777777778 0.13333333333333333
1 0.9770833333333333 0.18395061728395062 0.04583333333333333 0.09135802469135802
1 0.7333333333333333 0.05185185185185185 0.04722222222222222 0.0691358024691358
3 0.14097222222222222 0.8506172839506173 0.12083333333333333 0.15555555555555556
3 0.34652777777777777 0.4049382716049383 0.059722222222222225 0.09382716049382717
3 0.6680555555555555 0.20123456790123456 0.06666666666666667 0.10123456790123457
3 0.9534722222222223 0.5864197530864198 0.059722222222222225 0.08148148148148149
3 0.0375 0.737037037037037 0.07222222222222222 0.10123456790123457
0 0.6027777777777777 0.9419753086419753 0.1 0.09135802469135802