1 0.46770833333333334 0.8004629629629629 0.051041666666666666 0.0787037037037037
1 0.4049479166666667 0.9574074074074074 0.05260416666666667 0.07592592592592592
1 0.5265625 0.4023148148148148 0.034375 0.058333333333333334
1 0.8151041666666666 0.9097222222222222 0.06041666666666667 0.08611111111111111
1 0.5078125 0.5370370370370371 0.03854166666666667 0.06111111111111111
1 0.8442708333333333 0.8916666666666667 0.059375 0.08333333333333333
1 0.85625 0.587037037037037 0.03125 0.053703703703703705
3 0.5671875 0.8050925925925926 0.071875 0.11388888888888889
1 0.4395833333333333 0.2875 0.034375 0.058333333333333334
1 0.3880208333333333 0.24953703703703703 0.034375 0.058333333333333334
1 0.7317708333333334 0.5023148148148148 0.034375 0.058333333333333334
1 0.7552083333333334 0.5375 0.034375 0.058333333333333334