0 0.4322916666666667 0.9555555555555556 0.090625 0.08333333333333333
1 0.47421875 0.7814814814814814 0.04635416666666667 0.07222222222222222
1 0.36380208333333336 0.9611111111111111 0.04739583333333333 0.07037037037037037
1 0.5151041666666667 0.5981481481481481 0.03854166666666667 0.06111111111111111
1 0.6018229166666667 0.4962962962962963 0.03697916666666667 0.05740740740740741
1 0.7578125 0.4203703703703704 0.035416666666666666 0.05555555555555555
1 0.7721354166666666 0.4912037037037037 0.04010416666666667 0.05462962962962963
1 0.8885416666666667 0.43425925925925923 0.041666666666666664 0.06111111111111111
1 0.46328125 0.38842592592592595 0.028645833333333332 0.04537037037037037
3 0.8197916666666667 0.7185185185185186 0.057291666666666664 0.07777777777777778
3 0.30494791666666665 0.7615740740740741 0.1484375 0.15462962962962962
3 0.5572916666666666 0.9685185185185186 0.07604166666666666 0.05555555555555555
3 0.321875 0.42592592592592593 0.06041666666666667 0.07407407407407407