0 0.04583333333333333 0.5123456790123457 0.08888888888888889 0.2691358024691358
0 0.43680555555555556 0.24691358024691357 0.12916666666666668 0.12839506172839507
0 0.8819444444444444 0.7851851851851852 0.2361111111111111 0.291358024691358
0 0.9326388888888889 0.23580246913580247 0.13472222222222222 0.145679012345679
0 0.8770833333333333 0.4777777777777778 0.24861111111111112 0.21975308641975308
0 0.17430555555555555 0.2222222222222222 0.12083333333333333 0.2222222222222222
0 0.6541666666666667 0.3728395061728395 0.18888888888888888 0.1382716049382716
0 0.175 0.6358024691358025 0.19722222222222222 0.19506172839506172
0 0.3333333333333333 0.9061728395061729 0.08611111111111111 0.1925925925925926
0 0.50625 0.3802469135802469 0.10972222222222222 0.23209876543209876
0 0.4409722222222222 0.10617283950617284 0.1375 0.09382716049382717
0 0.7166666666666667 0.6160493827160494 0.13055555555555556 0.36790123456790125
0 0.5180555555555556 0.582716049382716 0.2111111111111111 0.23209876543209876
0 0.24722222222222223 0.3567901234567901 0.14444444444444443 0.24938271604938272
0 0.25277777777777777 0.7098765432098766 0.225 0.31851851851851853
0 0.8527777777777777 0.05432098765432099 0.1527777777777778 0.1037037037037037
0 0.5652777777777778 0.17901234567901234 0.08611111111111111 0.06666666666666667
0 0.89375 0.6259259259259259 0.2125 0.28888888888888886
0 0.7291666666666666 0.10740740740740741 0.10277777777777777 0.16049382716049382
0 0.8256944444444444 0.15679012345679014 0.09583333333333334 0.10617283950617284
0 0.6395833333333333 0.10864197530864197 0.09861111111111111 0.12839506172839507
0 0.9173611111111111 0.5753086419753086 0.1625 0.18271604938271604
0 0.40555555555555556 0.43209876543209874 0.15833333333333333 0.2419753086419753
0 0.5597222222222222 0.06666666666666667 0.07222222222222222 0.12839506172839507
0 0.9236111111111112 0.12098765432098765 0.15 0.12839506172839507
0 0.6145833333333334 0.562962962962963 0.14305555555555555 0.2962962962962963
1 0.3277777777777778 0.3234567901234568 0.1 0.16790123456790124
1 0.25277777777777777 0.18641975308641975 0.09722222222222222 0.14074074074074075
1 0.3736111111111111 0.16666666666666666 0.08055555555555556 0.12098765432098765
1 0.3888888888888889 0.5333333333333333 0.1361111111111111 0.2765432098765432
1 0.21805555555555556 0.1 0.075 0.09135802469135802
1 0.13680555555555557 0.08888888888888889 0.06805555555555555 0.09876543209876543
1 0.3770833333333333 0.05802469135802469 0.06527777777777778 0.0962962962962963
1 0.7340277777777777 0.06666666666666667 0.1125 0.12839506172839507
1 0.4979166666666667 0.044444444444444446 0.08194444444444444 0.08395061728395062
1 0.325 0.15432098765432098 0.075 0.12098765432098765
2 0.12083333333333333 0.45555555555555555 0.11944444444444445 0.16049382716049382
3 0.6597222222222222 0.29012345679012347 0.1 0.0962962962962963
0 0.5777777777777777 0.21975308641975308 0.08611111111111111 0.0691358024691358
0 0.6993055555555555 0.20864197530864198 0.09583333333333334 0.11604938271604938