0 0.73125 0.5691358024691358 0.09861111111111111 0.08148148148148149
1 0.4722222222222222 0.09259259259259259 0.05555555555555555 0.09135802469135802
1 0.8763888888888889 0.6864197530864198 0.058333333333333334 0.10864197530864197
1 0.10138888888888889 0.8802469135802469 0.1111111111111111 0.16049382716049382
1 0.5666666666666667 0.5876543209876544 0.058333333333333334 0.11851851851851852
1 0.7986111111111112 0.7975308641975308 0.06666666666666667 0.12345679012345678
1 0.34097222222222223 0.08148148148148149 0.04027777777777778 0.07407407407407407
1 0.34652777777777777 0.3765432098765432 0.059722222222222225 0.1259259259259259
1 0.7340277777777777 0.9666666666666667 0.09861111111111111 0.06666666666666667
1 0.3541666666666667 0.5975308641975309 0.06666666666666667 0.11358024691358025
1 0.5791666666666667 0.35802469135802467 0.03611111111111111 0.07901234567901234
3 0.37430555555555556 0.725925925925926 0.07361111111111111 0.12345679012345678
3 0.6236111111111111 0.6790123456790124 0.06111111111111111 0.09876543209876543
3 0.775 0.8802469135802469 0.06111111111111111 0.09135802469135802
3 0.6590277777777778 0.8666666666666667 0.06805555555555555 0.11358024691358025
3 0.8375 0.8444444444444444 0.058333333333333334 0.10864197530864197
3 0.8381944444444445 0.682716049382716 0.04583333333333333 0.07160493827160494