1 0.8223958333333333 0.14629629629629629 0.05364583333333333 0.0787037037037037
1 0.211328125 0.4548611111111111 0.04973958333333333 0.07824074074074074
1 0.13515625 0.21805555555555556 0.033854166666666664 0.05185185185185185
1 0.3826822916666667 0.2967592592592593 0.03046875 0.05185185185185185
1 0.9514322916666667 0.1875 0.04140625 0.05740740740740741
1 0.9075520833333334 0.15092592592592594 0.040625 0.05648148148148148
1 0.08450520833333333 0.3224537037037037 0.03828125 0.047685185185185185
1 0.64609375 0.2789351851851852 0.04010416666666667 0.0625
1 0.4725260416666667 0.1962962962962963 0.03567708333333333 0.06296296296296296
1 0.33177083333333335 0.28703703703703703 0.026041666666666668 0.04351851851851852
1 0.5158854166666667 0.18726851851851853 0.030729166666666665 0.04861111111111111
1 0.54765625 0.2611111111111111 0.03697916666666667 0.06666666666666667
1 0.515234375 0.2916666666666667 0.02734375 0.04722222222222222
1 0.5959635416666667 0.17777777777777778 0.022135416666666668 0.03981481481481482
3 0.76875 0.5023148148148148 0.10104166666666667 0.1398148148148148
3 0.5904947916666666 0.28703703703703703 0.020572916666666666 0.03611111111111111
3 0.226171875 0.7409722222222223 0.03984375 0.034722222222222224
3 0.54140625 0.19583333333333333 0.026041666666666668 0.03425925925925926
1 0.33541666666666664 0.22268518518518518 0.018229166666666668 0.025925925925925925
1 0.4109375 0.20555555555555555 0.018229166666666668 0.025925925925925925
1 0.4515625 0.16944444444444445 0.018229166666666668 0.025925925925925925
1 0.45677083333333335 0.12916666666666668 0.018229166666666668 0.025925925925925925
1 0.3690104166666667 0.09305555555555556 0.018229166666666668 0.025925925925925925
1 0.20950520833333333 0.18032407407407408 0.020572916666666666 0.03287037037037037
1 0.204296875 0.22152777777777777 0.01328125 0.024537037037037038
1 0.29401041666666666 0.13796296296296295 0.013541666666666667 0.023148148148148147
1 0.28020833333333334 0.13935185185185187 0.013541666666666667 0.023148148148148147
1 0.25833333333333336 0.14560185185185184 0.0125 0.020833333333333332
1 0.6805989583333333 0.23194444444444445 0.023177083333333334 0.032407407407407406
1 0.7087239583333333 0.21435185185185185 0.023177083333333334 0.032407407407407406
1 0.766796875 0.16620370370370371 0.023177083333333334 0.032407407407407406
1 0.7846354166666667 0.0962962962962963 0.014583333333333334 0.022222222222222223
1 0.8020833333333334 0.10648148148148148 0.014583333333333334 0.022222222222222223
1 0.7684895833333333 0.10601851851851851 0.0109375 0.01574074074074074
1 0.66953125 0.13657407407407407 0.0109375 0.01574074074074074
1 0.629296875 0.13148148148148148 0.015364583333333333 0.020370370370370372
1 0.6484375 0.11990740740740741 0.009895833333333333 0.013888888888888888
1 0.65703125 0.12407407407407407 0.009895833333333333 0.013888888888888888
1 0.5985677083333333 0.13796296296296295 0.015364583333333333 0.020370370370370372
1 0.5555989583333333 0.12129629629629629 0.015364583333333333 0.020370370370370372
1 0.52421875 0.1375 0.008854166666666666 0.014814814814814815