0 0.5625 0.08765432098765433 0.09444444444444444 0.17037037037037037
0 0.5972222222222222 0.2308641975308642 0.21666666666666667 0.17530864197530865
0 0.2263888888888889 0.7864197530864198 0.175 0.43209876543209874
0 0.29791666666666666 0.41358024691358025 0.2263888888888889 0.23950617283950618
0 0.5875 0.4691358024691358 0.20277777777777778 0.28641975308641976
0 0.35625 0.2419753086419753 0.10694444444444444 0.2123456790123457
0 0.44930555555555557 0.6938271604938272 0.22361111111111112 0.32592592592592595
1 0.6548611111111111 0.0691358024691358 0.1375 0.13333333333333333
1 0.9097222222222222 0.37530864197530867 0.18333333333333332 0.37530864197530867
1 0.11666666666666667 0.5432098765432098 0.18888888888888888 0.2765432098765432
1 0.7423611111111111 0.291358024691358 0.15694444444444444 0.2123456790123457
1 0.45625 0.1765432098765432 0.12361111111111112 0.24938271604938272
1 0.05486111111111111 0.8580246913580247 0.10694444444444444 0.2691358024691358
1 0.05763888888888889 0.6753086419753086 0.1125 0.20493827160493827
2 0.7576388888888889 0.7950617283950617 0.2152777777777778 0.37037037037037035
2 0.5770833333333333 0.7382716049382716 0.18194444444444444 0.32592592592592595
2 0.8326388888888889 0.05555555555555555 0.12083333333333333 0.10617283950617284
2 0.4423611111111111 0.4111111111111111 0.10416666666666667 0.22962962962962963
2 0.3486111111111111 0.5432098765432098 0.13055555555555556 0.2419753086419753
2 0.2652777777777778 0.29506172839506173 0.10833333333333334 0.16049382716049382
2 0.23680555555555555 0.2123456790123457 0.0763888888888889 0.2074074074074074
0 0.2548611111111111 0.8469135802469135 0.1597222222222222 0.3111111111111111