0 0.7652777777777777 0.06049382716049383 0.12222222222222222 0.08641975308641975
0 0.6048611111111111 0.11975308641975309 0.04861111111111111 0.05185185185185185
0 0.40694444444444444 0.5987654320987654 0.058333333333333334 0.1506172839506173
0 0.5854166666666667 0.19135802469135801 0.04861111111111111 0.10617283950617284
0 0.9208333333333333 0.908641975308642 0.125 0.1382716049382716
1 0.41597222222222224 0.09382716049382717 0.05694444444444444 0.09382716049382717
1 0.30486111111111114 0.12839506172839507 0.05694444444444444 0.08395061728395062
1 0.7722222222222223 0.15308641975308643 0.075 0.09382716049382717
1 0.34930555555555554 0.845679012345679 0.1125 0.29876543209876544
1 0.7645833333333333 0.5666666666666667 0.07083333333333333 0.10123456790123457
1 0.3 0.591358024691358 0.05 0.14074074074074075
3 0.7138888888888889 0.8382716049382716 0.11666666666666667 0.18024691358024691
3 0.6625 0.3790123456790123 0.06666666666666667 0.09135802469135802
3 0.7756944444444445 0.7024691358024692 0.07361111111111111 0.10617283950617284
3 0.3763888888888889 0.05555555555555555 0.06111111111111111 0.09135802469135802
3 0.8486111111111111 0.9432098765432099 0.08055555555555556 0.10864197530864197
3 0.7611111111111111 0.3962962962962963 0.06666666666666667 0.1111111111111111
3 0.9819444444444444 0.391358024691358 0.03611111111111111 0.07654320987654321
3 0.5993055555555555 0.05925925925925926 0.0625 0.06419753086419754
0 0.6972222222222222 0.05185185185185185 0.09444444444444444 0.07407407407407407