1 0.32916666666666666 0.059027777777777776 0.08229166666666667 0.11342592592592593
1 0.9451822916666667 0.3886574074074074 0.08619791666666667 0.1300925925925926
1 0.6890625 0.1912037037037037 0.0703125 0.08703703703703704
1 0.9091145833333333 0.2300925925925926 0.04375 0.06574074074074074
1 0.7319010416666667 0.4131944444444444 0.13723958333333333 0.20694444444444443
1 0.849609375 0.2048611111111111 0.039322916666666666 0.0699074074074074
1 0.242578125 0.05092592592592592 0.07317708333333334 0.09722222222222222
1 0.4200520833333333 0.06481481481481481 0.07864583333333333 0.09722222222222222
1 0.6841145833333333 0.038425925925925926 0.042708333333333334 0.06666666666666667
1 0.872265625 0.13125 0.03515625 0.05138888888888889
1 0.7322916666666667 0.062037037037037036 0.03229166666666667 0.053703703703703705
3 0.7776041666666667 0.10023148148148148 0.046875 0.04212962962962963
1 0.8760416666666667 0.07430555555555556 0.040625 0.056018518518518516
1 0.8904947916666667 0.16365740740740742 0.023697916666666666 0.04212962962962963