1 0.35625 0.4462962962962963 0.057291666666666664 0.07962962962962963
1 0.7212239583333333 0.36342592592592593 0.032552083333333336 0.049074074074074076
1 0.23893229166666666 0.3435185185185185 0.04505208333333333 0.06388888888888888
1 0.8190104166666666 0.4391203703703704 0.036458333333333336 0.05138888888888889
1 0.41328125 0.5115740740740741 0.06666666666666667 0.09351851851851851
1 0.19401041666666666 0.4798611111111111 0.053125 0.06898148148148148
1 0.5485677083333333 0.30995370370370373 0.031510416666666666 0.050462962962962966
1 0.5080729166666667 0.39490740740740743 0.033854166666666664 0.05740740740740741
1 0.9098958333333333 0.43171296296296297 0.0359375 0.04490740740740741
1 0.604296875 0.33958333333333335 0.039322916666666666 0.06712962962962964
1 0.13893229166666668 0.32337962962962963 0.03463541666666667 0.05138888888888889
1 0.8985677083333333 0.31689814814814815 0.03046875 0.04398148148148148
1 0.08515625 0.5856481481481481 0.071875 0.09722222222222222
1 0.3385416666666667 0.6416666666666667 0.057291666666666664 0.0712962962962963
1 0.7912760416666667 0.29560185185185184 0.02578125 0.04212962962962963
1 0.29583333333333334 0.33935185185185185 0.03125 0.041666666666666664
1 0.8153645833333333 0.13171296296296298 0.03125 0.04953703703703704
1 0.33671875 0.36412037037037037 0.03229166666666667 0.047685185185185185
1 0.4791666666666667 0.3902777777777778 0.019270833333333334 0.03425925925925926
1 0.793359375 0.33310185185185187 0.018489583333333334 0.02361111111111111
1 0.8334635416666667 0.18703703703703703 0.020572916666666666 0.030555555555555555
1 0.9059895833333333 0.06435185185185185 0.019791666666666666 0.03333333333333333
1 0.8486979166666667 0.03726851851851852 0.0234375 0.029166666666666667
1 0.7381510416666667 0.13055555555555556 0.02109375 0.025925925925925925
1 0.66640625 0.2212962962962963 0.0234375 0.02962962962962963
1 0.671875 0.26157407407407407 0.0265625 0.032407407407407406