1 0.76796875 0.5648148148148148 0.08489583333333334 0.12407407407407407
1 0.5666666666666667 0.5824074074074074 0.075 0.12777777777777777
1 0.9088541666666666 0.425 0.178125 0.20925925925925926
1 0.35260416666666666 0.8064814814814815 0.03333333333333333 0.05740740740740741
1 0.365625 0.15324074074074073 0.036458333333333336 0.05462962962962963
1 0.4276041666666667 0.8458333333333333 0.030208333333333334 0.05648148148148148
1 0.31614583333333335 0.524074074074074 0.027083333333333334 0.04259259259259259
1 0.30442708333333335 0.41944444444444445 0.028645833333333332 0.04814814814814815
1 0.42734375 0.2212962962962963 0.025520833333333333 0.05185185185185185
1 0.2869791666666667 0.30462962962962964 0.029166666666666667 0.04259259259259259
1 0.53671875 0.6208333333333333 0.04739583333333333 0.06944444444444445
1 0.22161458333333334 0.23333333333333334 0.033854166666666664 0.046296296296296294
1 0.28489583333333335 0.5555555555555556 0.022916666666666665 0.04259259259259259
1 0.19114583333333332 0.27546296296296297 0.028125 0.041666666666666664
1 0.2609375 0.587037037037037 0.023958333333333335 0.040740740740740744
1 0.40234375 0.012962962962962963 0.025520833333333333 0.024074074074074074
1 0.27369791666666665 0.19675925925925927 0.028645833333333332 0.041666666666666664
1 0.3528645833333333 0.35833333333333334 0.028645833333333332 0.044444444444444446
1 0.30078125 0.0787037037037037 0.027604166666666666 0.044444444444444446
1 0.28958333333333336 0.8009259259259259 0.026041666666666668 0.05740740740740741
1 0.35572916666666665 0.08935185185185185 0.023958333333333335 0.03981481481481482
1 0.12135416666666667 0.8532407407407407 0.036458333333333336 0.049074074074074076
1 0.48125 0.5439814814814815 0.023958333333333335 0.04722222222222222
1 0.40572916666666664 0.29444444444444445 0.01875 0.03518518518518519
1 0.4453125 0.07083333333333333 0.029166666666666667 0.05648148148148148
1 0.29635416666666664 0.8837962962962963 0.026041666666666668 0.05092592592592592
1 0.4744791666666667 0.6587962962962963 0.03229166666666667 0.058333333333333334
1 0.4828125 0.01712962962962963 0.026041666666666668 0.032407407407407406
1 0.2359375 0.6208333333333333 0.028125 0.049074074074074076
1 0.32135416666666666 0.11944444444444445 0.021875 0.04259259259259259
1 0.31484375 0.8532407407407407 0.0234375 0.03796296296296296
2 0.6924479166666667 0.4925925925925926 0.03177083333333333 0.05185185185185185
2 0.7799479166666666 0.19074074074074074 0.04010416666666667 0.04814814814814815
2 0.753125 0.2462962962962963 0.04791666666666667 0.053703703703703705
2 0.8216145833333334 0.2013888888888889 0.0359375 0.049074074074074076
3 0.6713541666666667 0.22685185185185186 0.09791666666666667 0.17222222222222222
3 0.8825520833333333 0.04351851851851852 0.1484375 0.08518518518518518
3 0.5255208333333333 0.525 0.036458333333333336 0.06296296296296296
3 0.44453125 0.775 0.0390625 0.05925925925925926
3 0.5067708333333333 0.39814814814814814 0.03125 0.1037037037037037
3 0.9690104166666667 0.22777777777777777 0.0609375 0.12407407407407407
3 0.46015625 0.13703703703703704 0.0203125 0.044444444444444446
3 0.396875 0.07824074074074074 0.029166666666666667 0.06574074074074074
1 0.4192708333333333 0.34444444444444444 0.01875 0.02962962962962963
1 0.3932291666666667 0.2726851851851852 0.015625 0.026851851851851852
1 0.3541666666666667 0.2310185185185185 0.017708333333333333 0.030555555555555555
3 0.4700520833333333 0.14814814814814814 0.019270833333333334 0.03888888888888889
1 0.4296875 0.4361111111111111 0.023958333333333335 0.03148148148148148
1 0.16432291666666668 0.3421296296296296 0.0171875 0.032407407407407406
1 0.17604166666666668 0.37916666666666665 0.014583333333333334 0.025
1 0.20338541666666668 0.43425925925925923 0.025520833333333333 0.027777777777777776
1 0.14661458333333333 0.4023148148148148 0.025520833333333333 0.030555555555555555
1 0.25729166666666664 0.549074074074074 0.0125 0.02962962962962963
1 0.22395833333333334 0.5300925925925926 0.01875 0.030555555555555555
1 0.17083333333333334 0.5060185185185185 0.027083333333333334 0.03611111111111111
1 0.19479166666666667 0.47175925925925927 0.015625 0.019444444444444445
1 0.14244791666666667 0.5875 0.027604166666666666 0.04351851851851852
1 0.009114583333333334 0.48935185185185187 0.0171875 0.032407407407407406
1 0.21875 0.12083333333333333 0.021875 0.019444444444444445
1 0.20260416666666667 0.09212962962962963 0.022916666666666665 0.023148148148148147
1 0.20598958333333334 0.1587962962962963 0.024479166666666666 0.026851851851851852
1 0.17708333333333334 0.15138888888888888 0.020833333333333332 0.019444444444444445
1 0.10234375 0.18888888888888888 0.015104166666666667 0.024074074074074074
1 0.40572916666666664 0.038425925925925926 0.020833333333333332 0.032407407407407406
1 0.11953125 0.8847222222222222 0.0296875 0.03611111111111111