0 0.6548611111111111 0.37160493827160496 0.10972222222222222 0.08641975308641975
0 0.44027777777777777 0.7765432098765432 0.04722222222222222 0.15555555555555556
1 0.34652777777777777 0.582716049382716 0.059722222222222225 0.09876543209876543
1 0.12708333333333333 0.6679012345679012 0.07916666666666666 0.10617283950617284
1 0.58125 0.12839506172839507 0.0375 0.0691358024691358
1 0.5694444444444444 0.020987654320987655 0.05555555555555555 0.04197530864197531
1 0.06875 0.29012345679012347 0.04861111111111111 0.08641975308641975
1 0.1673611111111111 0.41358024691358025 0.05138888888888889 0.07654320987654321
3 0.5083333333333333 0.24074074074074073 0.05555555555555555 0.08641975308641975
3 0.34375 0.5111111111111111 0.043055555555555555 0.07407407407407407
3 0.3854166666666667 0.9493827160493827 0.05138888888888889 0.0962962962962963