0 0.6986111111111111 0.18271604938271604 0.10833333333333334 0.09876543209876543
0 0.43472222222222223 0.48148148148148145 0.08333333333333333 0.07901234567901234
1 0.35625 0.2740740740740741 0.05138888888888889 0.09876543209876543
1 0.06111111111111111 0.5950617283950618 0.09444444444444444 0.12345679012345678
1 0.8180555555555555 0.07901234567901234 0.06388888888888888 0.10864197530864197
3 0.08194444444444444 0.7061728395061728 0.10833333333333334 0.12839506172839507
3 0.9631944444444445 0.8567901234567902 0.07361111111111111 0.1728395061728395
3 0.27708333333333335 0.45925925925925926 0.05138888888888889 0.07901234567901234
3 0.25833333333333336 0.24444444444444444 0.05277777777777778 0.07901234567901234
3 0.18680555555555556 0.2074074074074074 0.06805555555555555 0.09382716049382717
3 0.6659722222222222 0.391358024691358 0.04027777777777778 0.1111111111111111