0 0.8944444444444445 0.22469135802469137 0.20277777777777778 0.2518518518518518
0 0.2986111111111111 0.4469135802469136 0.18055555555555555 0.2962962962962963
0 0.6673611111111111 0.27901234567901234 0.1875 0.21728395061728395
0 0.5805555555555556 0.49753086419753084 0.2861111111111111 0.362962962962963
0 0.9208333333333333 0.07407407407407407 0.15833333333333333 0.14320987654320988
0 0.03333333333333333 0.24074074074074073 0.06388888888888888 0.2839506172839506
0 0.3111111111111111 0.23333333333333334 0.25833333333333336 0.2
0 0.44930555555555557 0.10246913580246914 0.2986111111111111 0.2
0 0.08888888888888889 0.08024691358024691 0.1527777777777778 0.11604938271604938
0 0.10902777777777778 0.2691358024691358 0.1986111111111111 0.3506172839506173
0 0.3055555555555556 0.8098765432098766 0.16944444444444445 0.37530864197530867
0 0.8104166666666667 0.7839506172839507 0.19305555555555556 0.43703703703703706
0 0.3680555555555556 0.0962962962962963 0.16944444444444445 0.17777777777777778
1 0.7368055555555556 0.14320987654320988 0.16527777777777777 0.2518518518518518
1 0.5048611111111111 0.2679012345679012 0.17916666666666667 0.2691358024691358
1 0.5013888888888889 0.7592592592592593 0.325 0.47160493827160493
1 0.4 0.16790123456790124 0.11666666666666667 0.1382716049382716
2 0.9513888888888888 0.3567901234567901 0.09722222222222222 0.29876543209876544
2 0.6180555555555556 0.05432098765432099 0.10833333333333334 0.1037037037037037