1 0.21597222222222223 0.13703703703703704 0.06805555555555555 0.09135802469135802
1 0.7354166666666667 0.5296296296296297 0.0875 0.145679012345679
1 0.5430555555555555 0.49753086419753084 0.04722222222222222 0.10123456790123457
1 0.4673611111111111 0.09506172839506173 0.059722222222222225 0.10617283950617284
1 0.23680555555555555 0.4703703703703704 0.08194444444444444 0.1506172839506173
1 0.6291666666666667 0.22098765432098766 0.06944444444444445 0.1259259259259259
1 0.7638888888888888 0.937037037037037 0.1111111111111111 0.1259259259259259
1 0.7402777777777778 0.024691358024691357 0.06388888888888888 0.04938271604938271
1 0.33958333333333335 0.29876543209876544 0.059722222222222225 0.12345679012345678
1 0.14375 0.21481481481481482 0.06805555555555555 0.10864197530864197
3 0.9354166666666667 0.3111111111111111 0.09305555555555556 0.12345679012345678
3 0.6048611111111111 0.7098765432098766 0.07083333333333333 0.1259259259259259
3 0.8472222222222222 0.21975308641975308 0.08333333333333333 0.1037037037037037
3 0.4326388888888889 0.9580246913580247 0.08194444444444444 0.07407407407407407
3 0.3611111111111111 0.49382716049382713 0.05 0.08395061728395062
3 0.5597222222222222 0.38271604938271603 0.058333333333333334 0.12345679012345678
3 0.27361111111111114 0.9358024691358025 0.06111111111111111 0.11851851851851852
3 0.4027777777777778 0.754320987654321 0.044444444444444446 0.10617283950617284
3 0.15625 0.12962962962962962 0.05138888888888889 0.04691358024691358