0 0.7859375 0.961574074074074 0.13020833333333334 0.07314814814814814
1 0.1359375 0.8888888888888888 0.08645833333333333 0.12037037037037036
1 0.640625 0.6032407407407407 0.057291666666666664 0.09537037037037037
1 0.240625 0.5310185185185186 0.05 0.08425925925925926
1 0.909375 0.6083333333333333 0.05625 0.08703703703703704
1 0.25677083333333334 0.3351851851851852 0.036458333333333336 0.05925925925925926
1 0.6700520833333333 0.7166666666666667 0.0546875 0.11666666666666667
1 0.46041666666666664 0.41574074074074074 0.029166666666666667 0.05
1 0.6192708333333333 0.8587962962962963 0.06770833333333333 0.13240740740740742
1 0.6328125 0.49537037037037035 0.036458333333333336 0.05
1 0.396875 0.3351851851851852 0.028125 0.05
1 0.27838541666666666 0.3013888888888889 0.024479166666666666 0.03981481481481482
1 0.43776041666666665 0.36342592592592593 0.0265625 0.04537037037037037
1 0.26536458333333335 0.2791666666666667 0.024479166666666666 0.03981481481481482
1 0.29296875 0.27361111111111114 0.024479166666666666 0.03981481481481482
1 0.33515625 0.2740740740740741 0.022395833333333334 0.02962962962962963
1 0.14166666666666666 0.37546296296296294 0.028125 0.03981481481481482
1 0.4622395833333333 0.36342592592592593 0.0265625 0.04537037037037037
1 0.5278645833333333 0.3921296296296296 0.021354166666666667 0.03611111111111111
0 0.3494791666666667 0.525 0.03958333333333333 0.06111111111111111
0 0.27057291666666666 0.7787037037037037 0.0484375 0.053703703703703705
0 0.28515625 0.687962962962963 0.05260416666666667 0.08888888888888889
0 0.44427083333333334 0.5717592592592593 0.042708333333333334 0.04351851851851852
0 0.48203125 0.6037037037037037 0.0421875 0.05
0 0.3619791666666667 0.6912037037037037 0.05416666666666667 0.08425925925925926
0 0.8065104166666667 0.8412037037037037 0.0453125 0.075