1 0.5979166666666667 0.3675925925925926 0.0359375 0.053703703703703705
1 0.882421875 0.2969907407407407 0.03515625 0.052314814814814814
1 0.46979166666666666 0.2571759259259259 0.034895833333333334 0.055092592592592596
1 0.4134114583333333 0.1363425925925926 0.040364583333333336 0.059722222222222225
1 0.5514322916666666 0.29976851851851855 0.039322916666666666 0.06342592592592593
1 0.369140625 0.061342592592592594 0.02734375 0.03657407407407407
1 0.7828125 0.4391203703703704 0.028125 0.04490740740740741
1 0.029036458333333334 0.18171296296296297 0.05703125 0.14212962962962963
1 0.5756510416666667 0.25625 0.023697916666666666 0.0412037037037037
1 0.5526041666666667 0.49236111111111114 0.06302083333333333 0.11342592592592593
1 0.24140625 0.03912037037037037 0.03125 0.0375
1 0.524609375 0.12939814814814815 0.026302083333333334 0.038425925925925926
1 0.2875 0.03287037037037037 0.040625 0.04259259259259259
1 0.6274739583333333 0.15925925925925927 0.019010416666666665 0.032407407407407406
1 0.4393229166666667 0.025231481481481483 0.0234375 0.03287037037037037
3 0.6938802083333333 0.4988425925925926 0.05859375 0.06527777777777778
3 0.28033854166666666 0.15694444444444444 0.07317708333333334 0.0712962962962963
3 0.933203125 0.39699074074074076 0.05026041666666667 0.06157407407407407
3 0.7001302083333333 0.5743055555555555 0.037760416666666664 0.04212962962962963
1 0.9311197916666667 0.35138888888888886 0.022135416666666668 0.030555555555555555
1 0.841796875 0.17824074074074073 0.022135416666666668 0.030555555555555555
1 0.906640625 0.1527777777777778 0.022135416666666668 0.030555555555555555
1 0.8946614583333333 0.12268518518518519 0.022135416666666668 0.030555555555555555
1 0.8053385416666666 0.1638888888888889 0.016927083333333332 0.025925925925925925
1 0.7592447916666667 0.15324074074074073 0.016927083333333332 0.025925925925925925
1 0.697265625 0.15324074074074073 0.016927083333333332 0.025925925925925925
1 0.6154947916666667 0.13518518518518519 0.016927083333333332 0.025925925925925925
1 0.6923177083333333 0.09907407407407408 0.019010416666666665 0.032407407407407406
1 0.4828125 0.05277777777777778 0.0109375 0.014814814814814815
1 0.5015625 0.0625 0.0109375 0.014814814814814815
1 0.4669270833333333 0.05138888888888889 0.0109375 0.014814814814814815
1 0.44830729166666666 0.052083333333333336 0.01484375 0.01712962962962963