0 0.9486111111111111 0.4382716049382716 0.10277777777777777 0.16049382716049382
0 0.225 0.6962962962962963 0.11388888888888889 0.09876543209876543
0 0.5388888888888889 0.7802469135802469 0.07222222222222222 0.1580246913580247
0 0.8833333333333333 0.8740740740740741 0.08055555555555556 0.2074074074074074
0 0.9548611111111112 0.10246913580246914 0.08472222222222223 0.07160493827160494
1 0.7673611111111112 0.8592592592592593 0.10138888888888889 0.1580246913580247
1 0.025694444444444443 0.27037037037037037 0.05138888888888889 0.10123456790123457
1 0.2625 0.8567901234567902 0.09444444444444444 0.1382716049382716
1 0.5930555555555556 0.5777777777777777 0.075 0.14320987654320988
1 0.4930555555555556 0.08641975308641975 0.041666666666666664 0.07407407407407407
1 0.027777777777777776 0.6950617283950618 0.05555555555555555 0.09135802469135802
1 0.21041666666666667 0.808641975308642 0.06805555555555555 0.08148148148148149
1 0.6680555555555555 0.44938271604938274 0.06944444444444445 0.11358024691358025
1 0.7826388888888889 0.19012345679012346 0.0375 0.07901234567901234
1 0.15902777777777777 0.5506172839506173 0.0763888888888889 0.09382716049382717
1 0.20694444444444443 0.3592592592592593 0.044444444444444446 0.07654320987654321
3 0.3638888888888889 0.11358024691358025 0.07777777777777778 0.11358024691358025
3 0.7895833333333333 0.3654320987654321 0.07083333333333333 0.08395061728395062
3 0.18055555555555555 0.6098765432098765 0.06666666666666667 0.09382716049382717
3 0.9194444444444444 0.47160493827160493 0.09722222222222222 0.1037037037037037
3 0.034722222222222224 0.7691358024691358 0.06944444444444445 0.12098765432098765
3 0.4409722222222222 0.36049382716049383 0.05138888888888889 0.08888888888888889
3 0.08541666666666667 0.13580246913580246 0.06527777777777778 0.08395061728395062
3 0.6479166666666667 0.5604938271604938 0.06805555555555555 0.10864197530864197
3 0.10277777777777777 0.5975308641975309 0.058333333333333334 0.08395061728395062
3 0.8416666666666667 0.21728395061728395 0.05555555555555555 0.0691358024691358
3 0.1625 0.6777777777777778 0.05 0.07160493827160494