1 0.44513888888888886 0.5666666666666667 0.09583333333333334 0.15555555555555556
1 0.16458333333333333 0.8333333333333334 0.10972222222222222 0.13580246913580246
1 0.9326388888888889 0.9160493827160494 0.12638888888888888 0.16296296296296298
1 0.5256944444444445 0.7098765432098766 0.0875 0.13580246913580246
1 0.7909722222222222 0.682716049382716 0.09861111111111111 0.1654320987654321
1 0.4284722222222222 0.7691358024691358 0.10416666666666667 0.17530864197530865
1 0.5548611111111111 0.8753086419753087 0.10972222222222222 0.18518518518518517
1 0.6458333333333334 0.5456790123456791 0.075 0.12345679012345678
1 0.8930555555555556 0.14444444444444443 0.08333333333333333 0.1308641975308642
1 0.06319444444444444 0.454320987654321 0.08472222222222223 0.12839506172839507
1 0.6395833333333333 0.3271604938271605 0.0763888888888889 0.12098765432098765
1 0.7270833333333333 0.2716049382716049 0.06527777777777778 0.10864197530864197
1 0.33402777777777776 0.3654320987654321 0.06527777777777778 0.1382716049382716
1 0.6743055555555556 0.854320987654321 0.09583333333333334 0.20246913580246914
1 0.7333333333333333 0.15432098765432098 0.06388888888888888 0.10123456790123457
1 0.41041666666666665 0.25925925925925924 0.05694444444444444 0.1037037037037037
1 0.6159722222222223 0.7024691358024692 0.05694444444444444 0.09135802469135802
1 0.35347222222222224 0.16296296296296298 0.059722222222222225 0.09876543209876543
1 0.5256944444444445 0.1580246913580247 0.04861111111111111 0.1037037037037037
1 0.6486111111111111 0.21851851851851853 0.06111111111111111 0.10123456790123457
1 0.035416666666666666 0.34074074074074073 0.06805555555555555 0.08888888888888889
1 0.4215277777777778 0.35555555555555557 0.06805555555555555 0.10864197530864197
1 0.42083333333333334 0.454320987654321 0.06111111111111111 0.11358024691358025
2 0.7854166666666667 0.9518518518518518 0.07916666666666666 0.09135802469135802