1 0.09986979166666667 0.8418981481481481 0.09348958333333333 0.14305555555555555
1 0.35703125 0.5310185185185186 0.05572916666666667 0.08888888888888889
1 0.379296875 0.38773148148148145 0.04192708333333333 0.06527777777777778
1 0.4 0.42824074074074076 0.050520833333333334 0.07314814814814814
1 0.07421875 0.43449074074074073 0.034375 0.0587962962962963
1 0.45390625 0.13310185185185186 0.033854166666666664 0.04583333333333333
1 0.8194010416666667 0.524074074074074 0.03723958333333333 0.07314814814814814
1 0.2526041666666667 0.7134259259259259 0.06458333333333334 0.10740740740740741
1 0.15416666666666667 0.6787037037037037 0.06979166666666667 0.10462962962962963
1 0.6953125 0.34675925925925927 0.04375 0.06666666666666667
1 0.20963541666666666 0.37222222222222223 0.034375 0.05740740740740741
1 0.1453125 0.3460648148148148 0.027083333333333334 0.04953703703703704
1 0.01875 0.5416666666666666 0.033854166666666664 0.06388888888888888
1 0.9811197916666666 0.5483796296296296 0.03619791666666667 0.10972222222222222
1 0.440234375 0.027083333333333334 0.030989583333333334 0.04398148148148148
1 0.365625 0.028009259259259258 0.030729166666666665 0.04398148148148148
1 0.191015625 0.4979166666666667 0.04348958333333333 0.0625
1 0.45872395833333335 0.09745370370370371 0.01953125 0.03194444444444444
1 0.570703125 0.3275462962962963 0.012760416666666666 0.027314814814814816