0 0.3890625 0.5958333333333333 0.05364583333333333 0.14166666666666666
0 0.28736979166666665 0.6326388888888889 0.07057291666666667 0.08101851851851852
0 0.8352864583333334 0.30949074074074073 0.06536458333333334 0.05324074074074074
1 0.9028645833333333 0.25833333333333336 0.06354166666666666 0.07685185185185185
1 0.044270833333333336 0.23726851851851852 0.08697916666666666 0.11898148148148148
1 0.11302083333333333 0.026851851851851852 0.049479166666666664 0.05277777777777778
1 0.8350260416666667 0.1400462962962963 0.03515625 0.059722222222222225
1 0.8360677083333333 0.02662037037037037 0.04869791666666667 0.052314814814814814
1 0.309765625 0.02013888888888889 0.03463541666666667 0.03935185185185185
1 0.9458333333333333 0.08032407407407408 0.04583333333333333 0.06157407407407407
1 0.39401041666666664 0.03912037037037037 0.029166666666666667 0.04861111111111111
1 0.068359375 0.08611111111111111 0.05390625 0.05555555555555555
1 0.9794270833333333 0.21041666666666667 0.0265625 0.04583333333333333
3 0.36888020833333335 0.19930555555555557 0.03984375 0.0699074074074074
3 0.4915364583333333 0.03981481481481482 0.06276041666666667 0.062037037037037036
3 0.32278645833333336 0.3277777777777778 0.05130208333333333 0.05277777777777778
3 0.71015625 0.22592592592592592 0.042708333333333334 0.05185185185185185
3 0.5803385416666667 0.07060185185185185 0.03411458333333333 0.038425925925925926
3 0.114453125 0.17916666666666667 0.023697916666666666 0.03148148148148148
3 0.41692708333333334 0.032407407407407406 0.04114583333333333 0.05
1 0.820703125 0.11134259259259259 0.03515625 0.059722222222222225
1 0.862890625 0.09513888888888888 0.03515625 0.059722222222222225
1 0.937109375 0.03958333333333333 0.03515625 0.059722222222222225