1 0.4334635416666667 0.18796296296296297 0.05911458333333333 0.0787037037037037
1 0.7119791666666667 0.33819444444444446 0.0453125 0.07175925925925926
1 0.23919270833333334 0.1326388888888889 0.08151041666666667 0.11712962962962963
1 0.5684895833333333 0.3189814814814815 0.04791666666666667 0.09166666666666666
1 0.632421875 0.5423611111111111 0.06067708333333333 0.10138888888888889
1 0.4940104166666667 0.12152777777777778 0.03958333333333333 0.0625
1 0.6130208333333333 0.41458333333333336 0.0421875 0.0587962962962963
1 0.3126302083333333 0.6175925925925926 0.06901041666666667 0.09537037037037037
1 0.44036458333333334 0.09745370370370371 0.03697916666666667 0.06435185185185185
1 0.7369791666666666 0.24606481481481482 0.030729166666666665 0.04953703703703704
1 0.8299479166666667 0.3506944444444444 0.029166666666666667 0.04490740740740741
1 0.7826822916666667 0.2831018518518518 0.02734375 0.047685185185185185
1 0.8549479166666667 0.44166666666666665 0.024479166666666666 0.041666666666666664
1 0.5388020833333333 0.0962962962962963 0.04895833333333333 0.075
1 0.698046875 0.1951388888888889 0.026822916666666665 0.04027777777777778
1 0.89140625 0.3699074074074074 0.030208333333333334 0.04814814814814815
3 0.7950520833333333 0.48333333333333334 0.05260416666666667 0.05
3 0.3966145833333333 0.012268518518518519 0.04583333333333333 0.02361111111111111
1 0.8446614583333333 0.33402777777777776 0.020572916666666666 0.02361111111111111
1 0.853515625 0.3164351851851852 0.020572916666666666 0.02361111111111111
1 0.8234375 0.2824074074074074 0.025 0.03796296296296296
1 0.9393229166666667 0.4305555555555556 0.025 0.03796296296296296
1 0.7337239583333334 0.1849537037037037 0.026822916666666665 0.04027777777777778
1 0.7420572916666667 0.09699074074074074 0.026822916666666665 0.04027777777777778
1 0.6963541666666667 0.052314814814814814 0.015625 0.025
1 0.6802083333333333 0.046296296296296294 0.015625 0.025
1 0.6404947916666667 0.03263888888888889 0.026822916666666665 0.04027777777777778