0 0.17777777777777778 0.3530864197530864 0.12222222222222222 0.16296296296296298
0 0.4527777777777778 0.2308641975308642 0.15833333333333333 0.22469135802469137
0 0.8277777777777777 0.3271604938271605 0.19722222222222222 0.3728395061728395
0 0.27847222222222223 0.18271604938271604 0.15138888888888888 0.2518518518518518
0 0.5222222222222223 0.43580246913580245 0.16666666666666666 0.4469135802469136
0 0.37222222222222223 0.1259259259259259 0.08333333333333333 0.2074074074074074
0 0.49375 0.7061728395061728 0.12638888888888888 0.13333333333333333
0 0.11666666666666667 0.9012345679012346 0.20833333333333334 0.19753086419753085
0 0.9694444444444444 0.25925925925925924 0.058333333333333334 0.1382716049382716
0 0.4409722222222222 0.03950617283950617 0.09861111111111111 0.07407407407407407
0 0.23472222222222222 0.1506172839506173 0.13333333333333333 0.2074074074074074
0 0.8472222222222222 0.19876543209876543 0.24166666666666667 0.3728395061728395
0 0.06111111111111111 0.8666666666666667 0.06944444444444445 0.21728395061728395
0 0.21458333333333332 0.05308641975308642 0.12916666666666668 0.10123456790123457
1 0.6555555555555556 0.08024691358024691 0.14444444444444443 0.15555555555555556
1 0.48055555555555557 0.4012345679012346 0.09722222222222222 0.16049382716049382
1 0.4375 0.10493827160493827 0.10833333333333334 0.1506172839506173
1 0.12430555555555556 0.7222222222222222 0.14305555555555555 0.2641975308641975
1 0.22430555555555556 0.6135802469135803 0.11527777777777778 0.19012345679012346
1 0.60625 0.2839506172839506 0.12361111111111112 0.2222222222222222
1 0.6493055555555556 0.5037037037037037 0.1375 0.2419753086419753
1 0.5659722222222222 0.8419753086419753 0.19027777777777777 0.32098765432098764
1 0.39166666666666666 0.3469135802469136 0.08888888888888889 0.13580246913580246
1 0.5847222222222223 0.15925925925925927 0.09444444444444444 0.1506172839506173
1 0.3659722222222222 0.6506172839506172 0.15416666666666667 0.30864197530864196
1 0.20347222222222222 0.8024691358024691 0.14305555555555555 0.2419753086419753
1 0.37083333333333335 0.5814814814814815 0.13055555555555556 0.17530864197530865
1 0.4583333333333333 0.6395061728395062 0.1361111111111111 0.2271604938271605
1 0.29583333333333334 0.6283950617283951 0.075 0.15555555555555556
1 0.24097222222222223 0.8925925925925926 0.09027777777777778 0.20493827160493827
1 0.3590277777777778 0.7123456790123457 0.12083333333333333 0.19012345679012346
1 0.4701388888888889 0.8641975308641975 0.12638888888888888 0.26666666666666666
1 0.175 0.9469135802469136 0.09444444444444444 0.10617283950617284
2 0.3229166666666667 0.48641975308641977 0.1375 0.1925925925925926
2 0.3263888888888889 0.8629629629629629 0.1361111111111111 0.2691358024691358
2 0.7604166666666666 0.19012345679012346 0.12083333333333333 0.2271604938271605
2 0.8027777777777778 0.03827160493827161 0.12777777777777777 0.07160493827160494
2 0.4076388888888889 0.8679012345679012 0.07916666666666666 0.25925925925925924
2 0.2388888888888889 0.5024691358024691 0.075 0.1259259259259259
2 0.9472222222222222 0.07654320987654321 0.10277777777777777 0.14814814814814814