0 0.5294270833333333 0.7388888888888889 0.1296875 0.0962962962962963
0 0.82734375 0.5884259259259259 0.12239583333333333 0.09722222222222222
1 0.9510416666666667 0.08518518518518518 0.059375 0.08518518518518518
1 0.421875 0.475 0.04375 0.07777777777777778
1 0.7580729166666667 0.5587962962962963 0.05364583333333333 0.06944444444444445
1 0.33229166666666665 0.5023148148148148 0.030208333333333334 0.05092592592592592
1 0.39817708333333335 0.8722222222222222 0.044270833333333336 0.06851851851851852
1 0.20859375 0.7041666666666667 0.0296875 0.05092592592592592
1 0.48385416666666664 0.3 0.026041666666666668 0.044444444444444446
1 0.5 0.25833333333333336 0.021875 0.03888888888888889
1 0.36640625 0.3773148148148148 0.03802083333333333 0.06388888888888888
1 0.446875 0.21064814814814814 0.030208333333333334 0.04722222222222222
3 0.8802083333333334 0.06388888888888888 0.08958333333333333 0.10185185185185185
3 0.63359375 0.44074074074074077 0.0671875 0.10925925925925926
1 0.4109375 0.30648148148148147 0.026041666666666668 0.044444444444444446
1 0.42916666666666664 0.2712962962962963 0.026041666666666668 0.044444444444444446
1 0.659375 0.05092592592592592 0.026041666666666668 0.044444444444444446
1 0.6286458333333333 0.023148148148148147 0.026041666666666668 0.044444444444444446
1 0.5760416666666667 0.06759259259259259 0.026041666666666668 0.044444444444444446
1 0.5526041666666667 0.09074074074074075 0.026041666666666668 0.044444444444444446
1 0.5322916666666667 0.1111111111111111 0.026041666666666668 0.044444444444444446
1 0.5166666666666667 0.11203703703703703 0.026041666666666668 0.044444444444444446