0 0.6979166666666666 0.5782407407407407 0.13541666666666666 0.12129629629629629
1 0.6822916666666666 0.8300925925925926 0.058333333333333334 0.08611111111111111
1 0.9221354166666667 0.8837962962962963 0.06302083333333333 0.09537037037037037
1 0.6213541666666667 0.36712962962962964 0.046875 0.08055555555555556
1 0.5192708333333333 0.14074074074074075 0.03854166666666667 0.05925925925925926
1 0.5302083333333333 0.9439814814814815 0.05 0.09166666666666666
1 0.08515625 0.687962962962963 0.0515625 0.07777777777777778
1 0.40859375 0.33055555555555555 0.04635416666666667 0.08148148148148149
1 0.8265625 0.03611111111111111 0.041666666666666664 0.06296296296296296
1 0.7026041666666667 0.0824074074074074 0.034375 0.053703703703703705
1 0.18828125 0.9458333333333333 0.0640625 0.08981481481481482
1 0.8125 0.17916666666666667 0.03333333333333333 0.058333333333333334
1 0.9388020833333334 0.7314814814814815 0.0359375 0.06666666666666667
3 0.46822916666666664 0.29074074074074074 0.075 0.10925925925925926