0 0.5442708333333334 0.7842592592592592 0.09895833333333333 0.21851851851851853
1 0.19036458333333334 0.7583333333333333 0.059895833333333336 0.09444444444444444
1 0.6192708333333333 0.7203703703703703 0.03958333333333333 0.06666666666666667
1 0.21536458333333333 0.30416666666666664 0.03802083333333333 0.05462962962962963
1 0.11197916666666667 0.700925925925926 0.06875 0.0962962962962963
1 0.8208333333333333 0.8018518518518518 0.040625 0.06481481481481481
1 0.7299479166666667 0.6986111111111111 0.034895833333333334 0.05462962962962963
1 0.6265625 0.638425925925926 0.027083333333333334 0.04722222222222222
1 0.15572916666666667 0.09212962962962963 0.0375 0.062037037037037036
3 0.16536458333333334 0.9606481481481481 0.07447916666666667 0.06759259259259259
3 0.7796875 0.7726851851851851 0.06041666666666667 0.08796296296296297