0 0.5611111111111111 0.654320987654321 0.11944444444444445 0.08888888888888889
0 0.9618055555555556 0.4679012345679012 0.07361111111111111 0.19012345679012346
0 0.8270833333333333 0.1765432098765432 0.08194444444444444 0.10617283950617284
0 0.44305555555555554 0.7024691358024692 0.05555555555555555 0.1259259259259259
1 0.20694444444444443 0.19382716049382717 0.08888888888888889 0.1506172839506173
1 0.14166666666666666 0.345679012345679 0.175 0.1925925925925926
1 0.45208333333333334 0.4222222222222222 0.08194444444444444 0.12839506172839507
1 0.22361111111111112 0.8814814814814815 0.225 0.23209876543209876
1 0.9118055555555555 0.08395061728395062 0.11805555555555555 0.16296296296296298
1 0.22361111111111112 0.5333333333333333 0.14444444444444443 0.21728395061728395
1 0.7298611111111111 0.4604938271604938 0.05694444444444444 0.09135802469135802
0 0.9625 0.7012345679012346 0.07777777777777778 0.12839506172839507