1 0.10455729166666666 0.04050925925925926 0.06953125 0.07916666666666666
1 0.447265625 0.29421296296296295 0.05078125 0.08101851851851852
1 0.20846354166666667 0.02638888888888889 0.048177083333333336 0.05185185185185185
1 0.8763020833333334 0.3425925925925926 0.040625 0.05648148148148148
1 0.506640625 0.33240740740740743 0.046614583333333334 0.08703703703703704
1 0.425390625 0.11018518518518519 0.06744791666666666 0.09259259259259259
1 0.908203125 0.16342592592592592 0.03828125 0.05462962962962963
1 0.6079427083333333 0.08078703703703703 0.02890625 0.050462962962962966
1 0.24869791666666666 0.061342592592592594 0.03958333333333333 0.05694444444444444
1 0.5190104166666667 0.11412037037037037 0.03125 0.052314814814814814
1 0.40533854166666666 0.015509259259259259 0.04348958333333333 0.031018518518518518
1 0.6634114583333334 0.029166666666666667 0.02265625 0.03796296296296296
1 0.572265625 0.08032407407407408 0.025260416666666667 0.043055555555555555
3 0.31276041666666665 0.040740740740740744 0.06145833333333333 0.06851851851851852
3 0.08268229166666667 0.5548611111111111 0.12682291666666667 0.21342592592592594
3 0.6692708333333334 0.45949074074074076 0.046875 0.07546296296296297
3 0.6516927083333334 0.28680555555555554 0.03411458333333333 0.07175925925925926
3 0.07252604166666667 0.13078703703703703 0.029947916666666668 0.04027777777777778
3 0.7061197916666667 0.41550925925925924 0.04244791666666667 0.04675925925925926
3 0.06497395833333333 0.3002314814814815 0.06067708333333333 0.04212962962962963
3 0.23919270833333334 0.11597222222222223 0.023177083333333334 0.03657407407407407
3 0.5721354166666667 0.08032407407407408 0.024479166666666666 0.04212962962962963
3 0.576171875 0.04398148148148148 0.03567708333333333 0.037037037037037035
3 0.051171875 0.24537037037037038 0.08359375 0.13055555555555556
3 0.5733072916666667 0.059027777777777776 0.028385416666666666 0.0412037037037037