1 0.31940104166666666 0.25625 0.03567708333333333 0.05324074074074074
1 0.3553385416666667 0.42662037037037037 0.05078125 0.07824074074074074
1 0.10559895833333334 0.3284722222222222 0.06901041666666667 0.09490740740740741
1 0.4830729166666667 0.49421296296296297 0.04791666666666667 0.06805555555555555
1 0.6450520833333333 0.4775462962962963 0.036458333333333336 0.05416666666666667
1 0.22369791666666666 0.8275462962962963 0.0640625 0.12546296296296297
1 0.953515625 0.2740740740740741 0.04609375 0.06111111111111111
1 0.57578125 0.38287037037037036 0.0296875 0.044444444444444446
1 0.46966145833333334 0.6203703703703703 0.06901041666666667 0.10092592592592593
1 0.113671875 0.15833333333333333 0.05963541666666667 0.08333333333333333
1 0.06901041666666667 0.4287037037037037 0.078125 0.09907407407407408
1 0.146875 0.23425925925925925 0.058333333333333334 0.06851851851851852
1 0.059765625 0.06527777777777778 0.05130208333333333 0.06944444444444445
1 0.43046875 0.2793981481481482 0.029166666666666667 0.043055555555555555
1 0.745703125 0.5259259259259259 0.03046875 0.04537037037037037
1 0.7850260416666667 0.45439814814814816 0.02421875 0.03935185185185185
1 0.7694010416666667 0.300462962962963 0.030989583333333334 0.05
1 0.155859375 0.14027777777777778 0.037760416666666664 0.049074074074074076
1 0.712109375 0.4275462962962963 0.02421875 0.03935185185185185
1 0.6881510416666666 0.4326388888888889 0.02421875 0.03935185185185185
1 0.7016927083333333 0.28402777777777777 0.02421875 0.03935185185185185
1 0.780859375 0.3659722222222222 0.02421875 0.03935185185185185
1 0.6162760416666667 0.3701388888888889 0.02421875 0.03935185185185185
1 0.6209635416666667 0.4025462962962963 0.02421875 0.03935185185185185
1 0.627734375 0.34328703703703706 0.02421875 0.03935185185185185
1 0.8069010416666667 0.2337962962962963 0.030989583333333334 0.05
1 0.823828125 0.39675925925925926 0.030989583333333334 0.05
1 0.912890625 0.29259259259259257 0.030989583333333334 0.05
1 0.9162760416666667 0.2662037037037037 0.030989583333333334 0.05
1 0.885546875 0.2337962962962963 0.030989583333333334 0.05
1 0.8634114583333333 0.2671296296296296 0.030989583333333334 0.05
1 0.869921875 0.14675925925925926 0.030989583333333334 0.05
1 0.6772135416666667 0.1574074074074074 0.030989583333333334 0.05
1 0.984765625 0.13518518518518519 0.030989583333333334 0.05