0 0.9596354166666666 0.4284722222222222 0.08072916666666667 0.15416666666666667
1 0.7147135416666667 0.6638888888888889 0.11328125 0.20185185185185187
1 0.8760416666666667 0.3527777777777778 0.12135416666666667 0.19722222222222222
1 0.8236979166666667 0.48680555555555555 0.1203125 0.19768518518518519
1 0.8352864583333334 0.694212962962963 0.10494791666666667 0.1625
1 0.9709635416666667 0.2548611111111111 0.05703125 0.1763888888888889
1 0.77890625 0.84375 0.14010416666666667 0.2310185185185185
1 0.935546875 0.5768518518518518 0.12734375 0.2222222222222222
1 0.8217447916666667 0.9578703703703704 0.11536458333333334 0.07037037037037037
2 0.6794270833333333 0.29421296296296295 0.071875 0.09953703703703703
2 0.7852864583333333 0.32337962962962963 0.040364583333333336 0.0412037037037037
2 0.8045572916666667 0.12222222222222222 0.07838541666666667 0.0962962962962963
2 0.9240885416666667 0.14097222222222222 0.05026041666666667 0.0625
3 0.39921875 0.6393518518518518 0.09166666666666666 0.19074074074074074
3 0.04674479166666667 0.6787037037037037 0.07838541666666667 0.17037037037037037
3 0.46575520833333334 0.4861111111111111 0.11380208333333333 0.13240740740740742