1 0.8515625 0.9796296296296296 0.06458333333333334 0.041666666666666664
1 0.9376302083333333 0.7106481481481481 0.07057291666666667 0.1175925925925926
1 0.7083333333333334 0.53125 0.05520833333333333 0.09675925925925925
1 0.650390625 0.5087962962962963 0.05234375 0.08703703703703704
1 0.4744791666666667 0.41967592592592595 0.059895833333333336 0.11898148148148148
1 0.42213541666666665 0.2828703703703704 0.030729166666666665 0.030555555555555555
1 0.35377604166666665 0.1597222222222222 0.048177083333333336 0.08888888888888889
0 0.32643229166666665 0.23819444444444443 0.03203125 0.04953703703703704
1 0.23216145833333332 0.6048611111111111 0.08515625 0.14027777777777778
1 0.1625 0.7414351851851851 0.05625 0.11342592592592593
1 0.07421875 0.9652777777777778 0.0734375 0.07037037037037037