0 0.8902777777777777 0.737037037037037 0.21666666666666667 0.19506172839506172
0 0.4513888888888889 0.5950617283950618 0.08055555555555556 0.30617283950617286
0 0.39444444444444443 0.5617283950617284 0.09722222222222222 0.20987654320987653
0 0.3701388888888889 0.32839506172839505 0.09861111111111111 0.09382716049382717
1 0.9638888888888889 0.5271604938271605 0.07222222222222222 0.23950617283950618
1 0.5381944444444444 0.5320987654320988 0.11527777777777778 0.17037037037037037
1 0.8173611111111111 0.8666666666666667 0.2263888888888889 0.26666666666666666
1 0.7486111111111111 0.645679012345679 0.18055555555555555 0.2691358024691358
2 0.5423611111111111 0.6839506172839506 0.12916666666666668 0.18271604938271604
2 0.6305555555555555 0.23209876543209876 0.09722222222222222 0.12839506172839507
2 0.49166666666666664 0.8802469135802469 0.1638888888888889 0.24444444444444444
2 0.4041666666666667 0.4567901234567901 0.125 0.14320987654320988
2 0.6618055555555555 0.7716049382716049 0.17916666666666667 0.24444444444444444
2 0.7423611111111111 0.23209876543209876 0.09861111111111111 0.12839506172839507
2 0.23541666666666666 0.8012345679012346 0.13472222222222222 0.24444444444444444
2 0.3951388888888889 0.8358024691358025 0.12083333333333333 0.21975308641975308
2 0.12291666666666666 0.808641975308642 0.10972222222222222 0.21481481481481482
2 0.3458333333333333 0.674074074074074 0.12222222222222222 0.2074074074074074
2 0.45208333333333334 0.2518518518518518 0.07083333333333333 0.08888888888888889
2 0.2534722222222222 0.45555555555555555 0.08472222222222223 0.12098765432098765
3 0.6131944444444445 0.3493827160493827 0.1486111111111111 0.16049382716049382
3 0.86875 0.28641975308641976 0.1597222222222222 0.16790123456790124