1 0.19427083333333334 0.7083333333333334 0.0265625 0.03796296296296296
1 0.24401041666666667 0.6798611111111111 0.027083333333333334 0.04583333333333333
1 0.54921875 0.5898148148148148 0.019270833333333334 0.027777777777777776
1 0.81640625 0.9636574074074075 0.03177083333333333 0.04861111111111111
1 0.18802083333333333 0.5259259259259259 0.027083333333333334 0.03981481481481482
1 0.21354166666666666 0.3648148148148148 0.026041666666666668 0.040740740740740744
1 0.20625 0.7296296296296296 0.0265625 0.03796296296296296
1 0.5950520833333334 0.31342592592592594 0.019270833333333334 0.027777777777777776
1 0.4140625 0.21574074074074073 0.019270833333333334 0.027777777777777776
1 0.5080729166666667 0.2712962962962963 0.019270833333333334 0.027777777777777776
1 0.38125 0.1787037037037037 0.019270833333333334 0.027777777777777776
1 0.20807291666666666 0.23842592592592593 0.019270833333333334 0.027777777777777776
1 0.38776041666666666 0.3574074074074074 0.019270833333333334 0.027777777777777776
1 0.36796875 0.38425925925925924 0.019270833333333334 0.027777777777777776
1 0.35494791666666664 0.5208333333333334 0.019270833333333334 0.027777777777777776
1 0.3390625 0.48518518518518516 0.019270833333333334 0.027777777777777776
1 0.3072916666666667 0.5064814814814815 0.019270833333333334 0.027777777777777776
1 0.6109375 0.3527777777777778 0.019270833333333334 0.027777777777777776
1 0.7138020833333333 0.5462962962962963 0.019270833333333334 0.027777777777777776
1 0.4625 0.3773148148148148 0.019270833333333334 0.027777777777777776
1 0.5302083333333333 0.4203703703703704 0.019270833333333334 0.027777777777777776
1 0.6005208333333333 0.46041666666666664 0.020833333333333332 0.02824074074074074
1 0.6247395833333333 0.5722222222222222 0.019270833333333334 0.027777777777777776
1 0.5763020833333333 0.6175925925925926 0.019270833333333334 0.027777777777777776
1 0.5549479166666667 0.5601851851851852 0.019270833333333334 0.027777777777777776
1 0.6631510416666667 0.33425925925925926 0.01328125 0.020370370370370372
1 0.783984375 0.35138888888888886 0.01328125 0.020370370370370372
1 0.7108072916666667 0.39861111111111114 0.01328125 0.020370370370370372
1 0.7110677083333333 0.33194444444444443 0.01328125 0.020370370370370372
1 0.690234375 0.32175925925925924 0.01328125 0.020370370370370372
1 0.6694010416666667 0.3162037037037037 0.01328125 0.020370370370370372
1 0.32109375 0.2740740740740741 0.019270833333333334 0.027777777777777776
1 0.2833333333333333 0.2412037037037037 0.019270833333333334 0.027777777777777776
1 0.2515625 0.2222222222222222 0.019270833333333334 0.027777777777777776
1 0.3190104166666667 0.21851851851851853 0.019270833333333334 0.027777777777777776
1 0.5778645833333333 0.21435185185185185 0.014583333333333334 0.025
1 0.596875 0.1574074074074074 0.014583333333333334 0.025
1 0.6151041666666667 0.25092592592592594 0.014583333333333334 0.025