1 0.3165529010238908 0.19270833333333334 0.05631399317406143 0.06458333333333334
1 0.42150170648464164 0.13854166666666667 0.03754266211604096 0.04791666666666667
1 0.2781569965870307 0.2520833333333333 0.05460750853242321 0.07083333333333333
1 0.6911262798634812 0.15416666666666667 0.06143344709897611 0.07916666666666666
1 0.03668941979522184 0.8208333333333333 0.06313993174061433 0.075
1 0.36177474402730375 0.14479166666666668 0.04436860068259386 0.052083333333333336
1 0.3319112627986348 0.09166666666666666 0.052901023890784986 0.058333333333333334
1 0.3003412969283277 0.121875 0.04436860068259386 0.052083333333333336
1 0.21245733788395904 0.178125 0.06996587030716724 0.08958333333333333
1 0.4189419795221843 0.38958333333333334 0.03924914675767918 0.05
1 0.27559726962457337 0.534375 0.059726962457337884 0.06875
1 0.28242320819112626 0.47604166666666664 0.06655290102389079 0.06458333333333334
1 0.4786689419795222 0.06458333333333334 0.04607508532423208 0.04583333333333333
1 0.7303754266211604 0.7385416666666667 0.05802047781569966 0.06458333333333334
1 0.26109215017064846 0.3729166666666667 0.051194539249146756 0.06666666666666667
1 0.4496587030716723 0.45416666666666666 0.07679180887372014 0.07083333333333333
1 0.12713310580204779 0.7416666666666667 0.06996587030716724 0.06666666666666667
1 0.5699658703071673 0.45208333333333334 0.05802047781569966 0.07916666666666666
1 0.4462457337883959 0.234375 0.06996587030716724 0.09375
1 0.3660409556313993 0.29583333333333334 0.07337883959044368 0.075
1 0.0947098976109215 0.7833333333333333 0.04948805460750853 0.0625
1 0.4052901023890785 0.5208333333333334 0.03924914675767918 0.075
1 0.295221843003413 0.3854166666666667 0.051194539249146756 0.06666666666666667
1 0.5341296928327645 0.3302083333333333 0.04436860068259386 0.052083333333333336
1 0.6621160409556314 0.27395833333333336 0.04436860068259386 0.052083333333333336
1 0.07679180887372014 0.37395833333333334 0.04436860068259386 0.052083333333333336
1 0.40955631399317405 0.10104166666666667 0.04778156996587031 0.04791666666666667
1 0.47525597269624575 0.09479166666666666 0.032423208191126277 0.035416666666666666
1 0.38993174061433444 0.4 0.03924914675767918 0.05
1 0.3660409556313993 0.3729166666666667 0.03924914675767918 0.05