1 0.9393229166666667 0.5416666666666666 0.11510416666666666 0.1814814814814815
1 0.5208333333333334 0.5467592592592593 0.07291666666666667 0.1287037037037037
1 0.340625 0.36898148148148147 0.07291666666666667 0.11388888888888889
1 0.38697916666666665 0.11574074074074074 0.034375 0.05740740740740741
3 0.21536458333333333 0.44814814814814813 0.1421875 0.17037037037037037
3 0.6794270833333333 0.45 0.0703125 0.11666666666666667
3 0.8286458333333333 0.8902777777777777 0.07708333333333334 0.10833333333333334
3 0.25625 0.29953703703703705 0.065625 0.09166666666666666
3 0.5619791666666667 0.23935185185185184 0.06041666666666667 0.10648148148148148
3 0.76796875 0.22824074074074074 0.06510416666666667 0.06574074074074074
3 0.44427083333333334 0.25 0.05520833333333333 0.09814814814814815
3 0.7122395833333334 0.12962962962962962 0.06302083333333333 0.07777777777777778
3 0.703125 0.33240740740740743 0.06145833333333333 0.09074074074074075
0 0.4947916666666667 0.9393518518518519 0.071875 0.12314814814814815