0 0.47638888888888886 0.9296296296296296 0.09444444444444444 0.13580246913580246
1 0.04513888888888889 0.3851851851851852 0.09027777777777778 0.14320987654320988
1 0.30486111111111114 0.9024691358024691 0.10972222222222222 0.18518518518518517
1 0.5777777777777777 0.8925925925925926 0.09722222222222222 0.20493827160493827
1 0.5048611111111111 0.24814814814814815 0.07361111111111111 0.13580246913580246
1 0.19791666666666666 0.8123456790123457 0.1125 0.2074074074074074
1 0.7430555555555556 0.2740740740740741 0.06666666666666667 0.11358024691358025
1 0.7020833333333333 0.8444444444444444 0.12916666666666668 0.2518518518518518
1 0.5736111111111111 0.13703703703703704 0.05555555555555555 0.08148148148148149
1 0.775 0.36419753086419754 0.06944444444444445 0.1259259259259259
1 0.9770833333333333 0.3617283950617284 0.04583333333333333 0.145679012345679
1 0.9020833333333333 0.4888888888888889 0.0763888888888889 0.12839506172839507
3 0.6527777777777778 0.2777777777777778 0.05 0.10617283950617284
3 0.6666666666666666 0.1814814814814815 0.06388888888888888 0.0962962962962963
3 0.6083333333333333 0.20123456790123456 0.05 0.07654320987654321
3 0.7451388888888889 0.19876543209876543 0.0625 0.08148148148148149
3 0.96875 0.2691358024691358 0.0625 0.12345679012345678