1 0.3822525597269625 0.39895833333333336 0.11945392491467577 0.17291666666666666
1 0.9419795221843004 0.8385416666666666 0.11262798634812286 0.21458333333333332
1 0.5392491467576792 0.18645833333333334 0.11945392491467577 0.14375
1 0.33361774744027306 0.5677083333333334 0.12457337883959044 0.20208333333333334
1 0.7627986348122867 0.12604166666666666 0.11262798634812286 0.13541666666666666
1 0.2977815699658703 0.1125 0.12457337883959044 0.15416666666666667
1 0.4112627986348123 0.8395833333333333 0.18430034129692832 0.20416666666666666
1 0.9232081911262798 0.17708333333333334 0.13993174061433447 0.17083333333333334
1 0.6279863481228669 0.09479166666666666 0.18430034129692832 0.13541666666666666
1 0.9675767918088737 0.041666666666666664 0.06484641638225255 0.08333333333333333
3 0.8387372013651877 0.10625 0.09726962457337884 0.09583333333333334