0 0.4305555555555556 0.8395061728395061 0.09166666666666666 0.10864197530864197
0 0.4361111111111111 0.7938271604938272 0.1 0.16049382716049382
1 0.6201388888888889 0.07037037037037037 0.12916666666666668 0.13580246913580246
1 0.125 0.2938271604938272 0.08888888888888889 0.12839506172839507
1 0.38125 0.6024691358024692 0.05694444444444444 0.09876543209876543
1 0.2152777777777778 0.028395061728395062 0.06944444444444445 0.056790123456790124
1 0.22569444444444445 0.8358024691358025 0.07083333333333333 0.07160493827160494
1 0.5131944444444444 0.24567901234567902 0.043055555555555555 0.08641975308641975
3 0.6569444444444444 0.9074074074074074 0.08333333333333333 0.17037037037037037
3 0.5770833333333333 0.8493827160493828 0.09027777777777778 0.18765432098765433
3 0.5201388888888889 0.8382716049382716 0.05694444444444444 0.14074074074074075
3 0.38958333333333334 0.8271604938271605 0.0625 0.09876543209876543
3 0.5152777777777777 0.391358024691358 0.04722222222222222 0.09135802469135802
3 0.5006944444444444 0.6728395061728395 0.04583333333333333 0.07160493827160494