1 0.9458333333333333 0.7012345679012346 0.09722222222222222 0.14320987654320988
1 0.6027777777777777 0.1469135802469136 0.06111111111111111 0.10617283950617284
1 0.22083333333333333 0.682716049382716 0.08333333333333333 0.145679012345679
1 0.059027777777777776 0.22469135802469137 0.1125 0.2074074074074074
1 0.9736111111111111 0.5259259259259259 0.05277777777777778 0.11851851851851852
1 0.35208333333333336 0.027160493827160494 0.05138888888888889 0.05432098765432099
1 0.45416666666666666 0.18765432098765433 0.075 0.1382716049382716
1 0.04861111111111111 0.9469135802469136 0.09444444444444444 0.10123456790123457
3 0.18055555555555555 0.5691358024691358 0.08888888888888889 0.1259259259259259
3 0.5013888888888889 0.554320987654321 0.08055555555555556 0.1308641975308642
3 0.2375 0.44320987654320987 0.1 0.12098765432098765
3 0.16944444444444445 0.854320987654321 0.12222222222222222 0.18271604938271604
3 0.9180555555555555 0.47160493827160493 0.06111111111111111 0.08888888888888889
3 0.3715277777777778 0.2962962962962963 0.04583333333333333 0.0691358024691358
3 0.93125 0.36419753086419754 0.06527777777777778 0.0962962962962963