1 0.6770833333333334 0.36435185185185187 0.04583333333333333 0.0824074074074074
1 0.23385416666666667 0.32685185185185184 0.053125 0.06851851851851852
1 0.9020833333333333 0.20555555555555555 0.046875 0.07592592592592592
1 0.5333333333333333 0.2949074074074074 0.046875 0.0787037037037037
1 0.3223958333333333 0.4597222222222222 0.06354166666666666 0.10277777777777777
1 0.7260416666666667 0.3013888888888889 0.04791666666666667 0.08796296296296297
1 0.9364583333333333 0.33935185185185185 0.04791666666666667 0.0787037037037037
1 0.38723958333333336 0.21064814814814814 0.049479166666666664 0.08425925925925926
1 0.9044270833333333 0.5583333333333333 0.0671875 0.09259259259259259
3 0.28463541666666664 0.6689814814814815 0.10572916666666667 0.1527777777777778
3 0.42526041666666664 0.25277777777777777 0.049479166666666664 0.05740740740740741
3 0.6619791666666667 0.5671296296296297 0.041666666666666664 0.07314814814814814
1 0.74765625 0.13472222222222222 0.03697916666666667 0.05648148148148148
1 0.63828125 0.09537037037037037 0.03697916666666667 0.05740740740740741