0 0.3076388888888889 0.5901234567901235 0.12361111111111112 0.16296296296296298
0 0.7777777777777778 0.5518518518518518 0.11388888888888889 0.145679012345679
0 0.11875 0.6382716049382716 0.07916666666666666 0.1308641975308642
1 0.325 0.7703703703703704 0.10277777777777777 0.18271604938271604
1 0.5611111111111111 0.3345679012345679 0.06666666666666667 0.10123456790123457
1 0.5020833333333333 0.22592592592592592 0.0625 0.09135802469135802
1 0.2590277777777778 0.4345679012345679 0.0763888888888889 0.13333333333333333
1 0.36944444444444446 0.20617283950617285 0.06388888888888888 0.10617283950617284
1 0.33402777777777776 0.3567901234567901 0.06527777777777778 0.1111111111111111
1 0.5625 0.2 0.06388888888888888 0.09876543209876543
1 0.4888888888888889 0.5580246913580247 0.07222222222222222 0.10864197530864197
1 0.35 0.945679012345679 0.075 0.1037037037037037
1 0.6791666666666667 0.28888888888888886 0.06944444444444445 0.12839506172839507
1 0.42291666666666666 0.11728395061728394 0.0625 0.08641975308641975
1 0.7173611111111111 0.4024691358024691 0.07083333333333333 0.10864197530864197
1 0.25 0.3296296296296296 0.06944444444444445 0.10123456790123457
1 0.7423611111111111 0.24691358024691357 0.06527777777777778 0.10864197530864197
1 0.7048611111111112 0.14814814814814814 0.05694444444444444 0.08888888888888889
1 0.027777777777777776 0.8098765432098766 0.05277777777777778 0.1728395061728395
1 0.6527777777777778 0.18518518518518517 0.05277777777777778 0.07901234567901234
3 0.22708333333333333 0.8950617283950617 0.11805555555555555 0.2