0 0.884765625 0.47685185185185186 0.05807291666666667 0.11388888888888889
1 0.4434895833333333 0.1261574074074074 0.08333333333333333 0.12916666666666668
1 0.603515625 0.27523148148148147 0.06171875 0.14212962962962963
1 0.8341145833333333 0.20300925925925925 0.033854166666666664 0.05416666666666667
1 0.2838541666666667 0.047685185185185185 0.12135416666666667 0.09259259259259259
1 0.7494791666666667 0.3060185185185185 0.051041666666666666 0.07222222222222222
3 0.9286458333333333 0.35833333333333334 0.053125 0.04537037037037037
3 0.6920572916666666 0.3872685185185185 0.048177083333333336 0.07083333333333333
3 0.6451822916666666 0.18773148148148147 0.03515625 0.0375
3 0.6717447916666667 0.5854166666666667 0.039322916666666666 0.0412037037037037
3 0.36471354166666664 0.03726851851851852 0.07838541666666667 0.0587962962962963