0 0.738671875 0.5192129629629629 0.04088541666666667 0.12175925925925926
1 0.6786458333333333 0.34699074074074077 0.058333333333333334 0.0875
1 0.76015625 0.2585648148148148 0.052083333333333336 0.07453703703703704
1 0.259375 0.2511574074074074 0.034895833333333334 0.05787037037037037
1 0.3235677083333333 0.26157407407407407 0.03463541666666667 0.05
1 0.8936197916666667 0.30625 0.028385416666666666 0.04861111111111111
1 0.6712239583333334 0.026851851851851852 0.029947916666666668 0.04814814814814815
1 0.398828125 0.2962962962962963 0.03567708333333333 0.07685185185185185
1 0.8154947916666667 0.14166666666666666 0.024739583333333332 0.041666666666666664
1 0.7305989583333333 0.12037037037037036 0.02890625 0.05185185185185185
1 0.7484375 0.029166666666666667 0.025520833333333333 0.04537037037037037
1 0.7510416666666667 0.1960648148148148 0.029166666666666667 0.06712962962962964
1 0.5955729166666667 0.05138888888888889 0.058333333333333334 0.08611111111111111
1 0.7881510416666667 0.10208333333333333 0.021614583333333333 0.03935185185185185
1 0.670703125 0.07893518518518519 0.03307291666666667 0.052314814814814814
1 0.31731770833333334 0.01597222222222222 0.02890625 0.031018518518518518
3 0.154296875 0.15625 0.04973958333333333 0.04675925925925926
3 0.5223958333333333 0.3423611111111111 0.0375 0.05416666666666667
3 0.7368489583333333 0.29907407407407405 0.027864583333333335 0.053703703703703705
1 0.7701822916666666 0.07060185185185185 0.021614583333333333 0.03935185185185185