1 0.5197916666666667 0.5662037037037037 0.06354166666666666 0.09907407407407408
1 0.7171875 0.5527777777777778 0.05520833333333333 0.08333333333333333
1 0.63046875 0.7907407407407407 0.06197916666666667 0.0962962962962963
1 0.6791666666666667 0.7013888888888888 0.06354166666666666 0.08425925925925926
1 0.7997395833333333 0.399537037037037 0.0640625 0.0824074074074074
1 0.32395833333333335 0.7717592592592593 0.07604166666666666 0.10462962962962963
1 0.75 0.45555555555555555 0.046875 0.07407407407407407
1 0.76328125 0.350462962962963 0.0453125 0.10462962962962963
3 0.5083333333333333 0.6398148148148148 0.05520833333333333 0.06111111111111111
3 0.3067708333333333 0.6888888888888889 0.06354166666666666 0.09074074074074075
3 0.7955729166666666 0.5208333333333334 0.07239583333333334 0.11574074074074074
3 0.73046875 0.3921296296296296 0.04739583333333333 0.11388888888888889
3 0.87109375 0.4625 0.0609375 0.05648148148148148
3 0.5432291666666667 0.9675925925925926 0.053125 0.05555555555555555