1 0.7347222222222223 0.5654320987654321 0.08055555555555556 0.15308641975308643
1 0.4625 0.4271604938271605 0.1111111111111111 0.19753086419753085
1 0.2847222222222222 0.7419753086419754 0.10277777777777777 0.19506172839506172
1 0.06527777777777778 0.11604938271604938 0.08055555555555556 0.1382716049382716
1 0.7506944444444444 0.3728395061728395 0.06805555555555555 0.12345679012345678
1 0.7138888888888889 0.16049382716049382 0.05277777777777778 0.09382716049382717
1 0.7604166666666666 0.07037037037037037 0.07083333333333333 0.10617283950617284
1 0.8548611111111111 0.2271604938271605 0.04583333333333333 0.08395061728395062
3 0.6666666666666666 0.671604938271605 0.06111111111111111 0.1037037037037037
3 0.6263888888888889 0.3197530864197531 0.06111111111111111 0.10123456790123457
3 0.8131944444444444 0.49135802469135803 0.07083333333333333 0.09382716049382717
3 0.5875 0.1308641975308642 0.1 0.14814814814814814