0 0.6916666666666667 0.21481481481481482 0.08611111111111111 0.11851851851851852
0 0.89375 0.4691358024691358 0.12083333333333333 0.08888888888888889
0 0.43125 0.6308641975308642 0.10416666666666667 0.14074074074074075
1 0.1388888888888889 0.808641975308642 0.1111111111111111 0.17530864197530865
1 0.5090277777777777 0.5123456790123457 0.07916666666666666 0.145679012345679
1 0.6541666666666667 0.4444444444444444 0.06666666666666667 0.13333333333333333
1 0.6298611111111111 0.24320987654320989 0.07083333333333333 0.11604938271604938
1 0.7381944444444445 0.3925925925925926 0.0625 0.10864197530864197
3 0.5458333333333333 0.12839506172839507 0.07222222222222222 0.07901234567901234
3 0.5666666666666667 0.21604938271604937 0.06111111111111111 0.07654320987654321
3 0.6972222222222222 0.39382716049382716 0.05 0.10617283950617284
3 0.8763888888888889 0.2580246913580247 0.06666666666666667 0.07654320987654321