0 0.7569444444444444 0.45925925925925926 0.2722222222222222 0.2271604938271605
0 0.42916666666666664 0.48271604938271606 0.21944444444444444 0.2839506172839506
0 0.7083333333333334 0.7925925925925926 0.16666666666666666 0.3654320987654321
0 0.45069444444444445 0.3567901234567901 0.12083333333333333 0.25925925925925924
0 0.6604166666666667 0.15185185185185185 0.09583333333333334 0.15555555555555556
0 0.7506944444444444 0.2962962962962963 0.09861111111111111 0.1382716049382716
0 0.5777777777777777 0.2691358024691358 0.16111111111111112 0.2074074074074074
0 0.5430555555555555 0.26296296296296295 0.09444444444444444 0.18518518518518517
0 0.6638888888888889 0.21481481481481482 0.10555555555555556 0.20246913580246914
0 0.5180555555555556 0.1925925925925926 0.12222222222222222 0.1580246913580247
0 0.9159722222222222 0.8493827160493828 0.09305555555555556 0.30617283950617286
1 0.475 0.8580246913580247 0.20277777777777778 0.2839506172839506
1 0.29444444444444445 0.7518518518518519 0.175 0.29876543209876544
1 0.28402777777777777 0.9135802469135802 0.2152777777777778 0.16790123456790124
1 0.24722222222222223 0.2382716049382716 0.13055555555555556 0.21975308641975308
1 0.94375 0.4283950617283951 0.1125 0.30864197530864196
1 0.30833333333333335 0.36790123456790125 0.09722222222222222 0.1382716049382716
1 0.9138888888888889 0.07037037037037037 0.14166666666666666 0.13580246913580246
2 0.4166666666666667 0.16049382716049382 0.11388888888888889 0.18765432098765433
2 0.5930555555555556 0.4691358024691358 0.11388888888888889 0.2222222222222222
2 0.7902777777777777 0.8740740740740741 0.18611111111111112 0.24691358024691357
2 0.6951388888888889 0.3592592592592593 0.12083333333333333 0.18024691358024691
2 0.05138888888888889 0.8037037037037037 0.1 0.24938271604938272
2 0.4409722222222222 0.7246913580246913 0.16805555555555557 0.2691358024691358
2 0.8381944444444445 0.2654320987654321 0.13472222222222222 0.20987654320987653
2 0.8631944444444445 0.645679012345679 0.21805555555555556 0.3333333333333333
2 0.93125 0.8481481481481481 0.13194444444444445 0.30864197530864196
2 0.29375 0.5148148148148148 0.13194444444444445 0.2345679012345679
2 0.049305555555555554 0.9444444444444444 0.09583333333333334 0.10123456790123457