1 0.07994791666666666 0.5106481481481482 0.043229166666666666 0.06944444444444445
1 0.6302083333333334 0.4638888888888889 0.04375 0.07037037037037037
1 0.83203125 0.4983796296296296 0.046875 0.07361111111111111
1 0.237109375 0.6532407407407408 0.04453125 0.07222222222222222
1 0.2552083333333333 0.7641203703703704 0.046875 0.0763888888888889
1 0.17578125 0.874537037037037 0.058854166666666666 0.09351851851851851
1 0.728125 0.10694444444444444 0.03958333333333333 0.06759259259259259
1 0.312890625 0.8300925925925926 0.038802083333333334 0.0712962962962963
1 0.39921875 0.29560185185185184 0.046875 0.08287037037037037
1 0.08125 0.9305555555555556 0.06875 0.10185185185185185
1 0.13763020833333334 0.4284722222222222 0.05390625 0.08564814814814815
1 0.18203125 0.6967592592592593 0.05520833333333333 0.07777777777777778
1 0.47903645833333336 0.9775462962962963 0.03671875 0.04583333333333333
1 0.19895833333333332 0.12361111111111112 0.041666666666666664 0.06481481481481481
1 0.8106770833333333 0.6729166666666667 0.058854166666666666 0.07731481481481481
1 0.9571614583333333 0.39490740740740743 0.03567708333333333 0.053703703703703705
3 0.32981770833333335 0.45810185185185187 0.05078125 0.0763888888888889
3 0.12096354166666666 0.9657407407407408 0.05807291666666667 0.06018518518518518