0 0.6319444444444444 0.7777777777777778 0.25 0.32098765432098764
0 0.4111111111111111 0.7296296296296296 0.06111111111111111 0.19506172839506172
1 0.44166666666666665 0.14444444444444443 0.19722222222222222 0.27901234567901234
1 0.33125 0.9 0.06805555555555555 0.1308641975308642
3 0.5798611111111112 0.49506172839506174 0.14305555555555555 0.2740740740740741
3 0.45 0.48518518518518516 0.08888888888888889 0.17530864197530865
3 0.8375 0.3802469135802469 0.3277777777777778 0.7555555555555555
3 0.32916666666666666 0.5864197530864198 0.075 0.145679012345679
3 0.34652777777777777 0.7074074074074074 0.07083333333333333 0.14074074074074075
3 0.36875 0.3493827160493827 0.05138888888888889 0.1308641975308642
3 0.4201388888888889 0.3925925925925926 0.04861111111111111 0.10864197530864197
3 0.39791666666666664 0.48641975308641977 0.04027777777777778 0.0691358024691358