1 0.5701388888888889 0.5790123456790124 0.06805555555555555 0.0962962962962963
1 0.06111111111111111 0.06419753086419754 0.06666666666666667 0.12345679012345678
1 0.41597222222222224 0.5950617283950618 0.05694444444444444 0.10864197530864197
1 0.1597222222222222 0.928395061728395 0.15555555555555556 0.1382716049382716
1 0.35347222222222224 0.5493827160493827 0.04861111111111111 0.07160493827160494
1 0.27708333333333335 0.6469135802469136 0.08194444444444444 0.12839506172839507
1 0.13055555555555556 0.19506172839506172 0.07777777777777778 0.12345679012345678
1 0.3958333333333333 0.4777777777777778 0.03611111111111111 0.06172839506172839
1 0.26805555555555555 0.5395061728395062 0.07222222222222222 0.0962962962962963
1 0.4548611111111111 0.5592592592592592 0.059722222222222225 0.10123456790123457
1 0.5652777777777778 0.7901234567901234 0.06666666666666667 0.08888888888888889
1 0.5236111111111111 0.3790123456790123 0.03611111111111111 0.06172839506172839
1 0.6111111111111112 0.35185185185185186 0.03611111111111111 0.06172839506172839