0 0.7493055555555556 0.6679012345679012 0.08194444444444444 0.22469135802469137
0 0.7888888888888889 0.5728395061728395 0.13055555555555556 0.16790123456790124
0 0.43125 0.6283950617283951 0.0625 0.1506172839506173
1 0.21458333333333332 0.6209876543209877 0.09583333333333334 0.16049382716049382
1 0.37569444444444444 0.9358024691358025 0.12361111111111112 0.12345679012345678
1 0.10069444444444445 0.7641975308641975 0.0875 0.14074074074074075
1 0.19444444444444445 0.917283950617284 0.12222222222222222 0.16049382716049382
1 0.12083333333333333 0.562962962962963 0.09444444444444444 0.16296296296296298
2 0.4895833333333333 0.5185185185185185 0.08194444444444444 0.13333333333333333
2 0.14305555555555555 0.3432098765432099 0.07777777777777778 0.1037037037037037
2 0.1111111111111111 0.1580246913580247 0.075 0.08888888888888889
3 0.5569444444444445 0.7160493827160493 0.07777777777777778 0.12839506172839507
3 0.5263888888888889 0.825925925925926 0.05555555555555555 0.13580246913580246
3 0.6958333333333333 0.13209876543209875 0.08333333333333333 0.13580246913580246
3 0.5 0.671604938271605 0.07222222222222222 0.10864197530864197
3 0.043055555555555555 0.6555555555555556 0.08333333333333333 0.1506172839506173