1 0.3486111111111111 0.8358024691358025 0.08611111111111111 0.13580246913580246
1 0.2590277777777778 0.8 0.09027777777777778 0.15308641975308643
1 0.14791666666666667 0.7333333333333333 0.10138888888888889 0.16296296296296298
1 0.3284722222222222 0.32592592592592595 0.06805555555555555 0.08888888888888889
1 0.4486111111111111 0.8814814814814815 0.09722222222222222 0.15308641975308643
1 0.6951388888888889 0.7691358024691358 0.09583333333333334 0.15555555555555556
1 0.5458333333333333 0.6432098765432098 0.06111111111111111 0.10617283950617284
1 0.4756944444444444 0.5148148148148148 0.06527777777777778 0.1111111111111111
1 0.4777777777777778 0.6864197530864198 0.06666666666666667 0.11851851851851852
1 0.3638888888888889 0.9530864197530864 0.09166666666666666 0.09382716049382717
1 0.12569444444444444 0.18765432098765433 0.08194444444444444 0.13333333333333333
1 0.9756944444444444 0.1925925925925926 0.04861111111111111 0.14814814814814814
3 0.19305555555555556 0.8851851851851852 0.08888888888888889 0.1111111111111111