0 0.5395833333333333 0.49382716049382713 0.10416666666666667 0.18765432098765433
0 0.6784722222222223 0.5382716049382716 0.0763888888888889 0.18271604938271604
0 0.5506944444444445 0.7617283950617284 0.09027777777777778 0.08641975308641975
0 0.3625 0.5222222222222223 0.1 0.2839506172839506
0 0.30069444444444443 0.6728395061728395 0.06805555555555555 0.21975308641975308
1 0.10347222222222222 0.10740740740740741 0.13194444444444445 0.19012345679012346
1 0.5097222222222222 0.040740740740740744 0.07222222222222222 0.07654320987654321
1 0.2611111111111111 0.4839506172839506 0.1388888888888889 0.23209876543209876
3 0.7104166666666667 0.40987654320987654 0.10694444444444444 0.14320987654320988
3 0.39791666666666664 0.6024691358024692 0.09861111111111111 0.18765432098765433
3 0.4576388888888889 0.6246913580246913 0.1125 0.1728395061728395
0 0.5631944444444444 0.8246913580246914 0.059722222222222225 0.09876543209876543
0 0.5402777777777777 0.8753086419753087 0.06944444444444445 0.07654320987654321