1 0.4951388888888889 0.16790123456790124 0.07916666666666666 0.13333333333333333
1 0.6777777777777778 0.4962962962962963 0.07222222222222222 0.12345679012345678
1 0.35 0.3197530864197531 0.08333333333333333 0.12098765432098765
1 0.8298611111111112 0.4777777777777778 0.1125 0.17530864197530865
1 0.5986111111111111 0.6333333333333333 0.09722222222222222 0.14074074074074075
1 0.1 0.05555555555555555 0.13055555555555556 0.10617283950617284
1 0.2777777777777778 0.2037037037037037 0.06388888888888888 0.11604938271604938
3 0.6597222222222222 0.3074074074074074 0.11666666666666667 0.1654320987654321
3 0.09583333333333334 0.5234567901234568 0.1111111111111111 0.16296296296296298
3 0.5729166666666666 0.19012345679012346 0.09305555555555556 0.14814814814814814
3 0.3090277777777778 0.7679012345679013 0.0875 0.12839506172839507
3 0.17708333333333334 0.38641975308641974 0.14583333333333334 0.21975308641975308
3 0.8215277777777777 0.3308641975308642 0.10694444444444444 0.1382716049382716
3 0.44513888888888886 0.04567901234567901 0.06805555555555555 0.08148148148148149
3 0.75625 0.13950617283950617 0.09861111111111111 0.12098765432098765
3 0.8444444444444444 0.6123456790123457 0.07777777777777778 0.14814814814814814
3 0.4791666666666667 0.7098765432098766 0.09166666666666666 0.1506172839506173
3 0.07222222222222222 0.13209876543209875 0.09722222222222222 0.13580246913580246
3 0.3840277777777778 0.7765432098765432 0.09027777777777778 0.16049382716049382
3 0.2659722222222222 0.9530864197530864 0.10138888888888889 0.08888888888888889
3 0.3798611111111111 0.19012345679012346 0.0875 0.14814814814814814
3 0.2986111111111111 0.674074074074074 0.10277777777777777 0.15308641975308643
3 0.25416666666666665 0.6024691358024692 0.08611111111111111 0.12839506172839507
3 0.49166666666666664 0.5555555555555556 0.07777777777777778 0.09876543209876543