1 0.21180555555555555 0.43580246913580245 0.1597222222222222 0.254320987654321
1 0.5180555555555556 0.4160493827160494 0.19166666666666668 0.2938271604938272
1 0.6118055555555556 0.5753086419753086 0.20694444444444443 0.4049382716049383
1 0.9340277777777778 0.7888888888888889 0.13194444444444445 0.4271604938271605
2 0.4673611111111111 0.7234567901234568 0.20694444444444443 0.35555555555555557
2 0.17222222222222222 0.6765432098765433 0.18888888888888888 0.25679012345679014
2 0.3472222222222222 0.48641975308641977 0.1527777777777778 0.23703703703703705
2 0.9402777777777778 0.35555555555555557 0.11944444444444445 0.19753086419753085
2 0.5875 0.25679012345679014 0.15833333333333333 0.1728395061728395
2 0.14652777777777778 0.8716049382716049 0.24027777777777778 0.25679012345679014
2 0.42916666666666664 0.937037037037037 0.29444444444444445 0.12098765432098765
2 0.4340277777777778 0.3111111111111111 0.1763888888888889 0.2271604938271605
2 0.02638888888888889 0.8185185185185185 0.05277777777777778 0.20493827160493827