0 0.30486111111111114 0.6506172839506172 0.0875 0.22469135802469137
1 0.3215277777777778 0.1111111111111111 0.18194444444444444 0.21728395061728395
1 0.11388888888888889 0.8358024691358025 0.11388888888888889 0.18518518518518517
1 0.28541666666666665 0.31234567901234567 0.15138888888888888 0.2691358024691358
1 0.14097222222222222 0.12222222222222222 0.20972222222222223 0.23950617283950618
1 0.5319444444444444 0.6753086419753086 0.20277777777777778 0.38271604938271603
1 0.5118055555555555 0.03827160493827161 0.1375 0.07160493827160494
1 0.3888888888888889 0.528395061728395 0.18055555555555555 0.28641975308641976
1 0.7215277777777778 0.8061728395061728 0.09305555555555556 0.1506172839506173
3 0.18333333333333332 0.5444444444444444 0.1 0.1654320987654321
3 0.8444444444444444 0.7839506172839507 0.3138888888888889 0.43703703703703706
3 0.05347222222222222 0.6753086419753086 0.10416666666666667 0.2
0 0.21875 0.8506172839506173 0.06527777777777778 0.22469135802469137