0 0.7263888888888889 0.3506172839506173 0.15555555555555556 0.14814814814814814
0 0.4965277777777778 0.5333333333333333 0.05416666666666667 0.14320987654320988
1 0.6902777777777778 0.13950617283950617 0.08611111111111111 0.14074074074074075
1 0.325 0.4246913580246914 0.08888888888888889 0.13333333333333333
1 0.5194444444444445 0.6777777777777778 0.09444444444444444 0.1654320987654321
1 0.3138888888888889 0.6617283950617284 0.08888888888888889 0.14320987654320988
1 0.09305555555555556 0.5395061728395062 0.07777777777777778 0.1308641975308642
1 0.3680555555555556 0.5703703703703704 0.06944444444444445 0.13333333333333333
1 0.4527777777777778 0.5370370370370371 0.06666666666666667 0.13580246913580246
1 0.5548611111111111 0.07530864197530865 0.06527777777777778 0.11604938271604938
1 0.5201388888888889 0.3160493827160494 0.06805555555555555 0.12345679012345678
1 0.42083333333333334 0.145679012345679 0.08333333333333333 0.1037037037037037
1 0.6388888888888888 0.07777777777777778 0.06944444444444445 0.12098765432098765
1 0.19027777777777777 0.5962962962962963 0.1 0.1506172839506173
1 0.4840277777777778 0.2234567901234568 0.0625 0.10617283950617284
1 0.6104166666666667 0.14074074074074075 0.08194444444444444 0.15308641975308643
2 0.5548611111111111 0.854320987654321 0.1125 0.2123456790123457
3 0.6888888888888889 0.6419753086419753 0.08888888888888889 0.1382716049382716