1 0.33359375 0.7851851851851852 0.07239583333333334 0.11851851851851852
1 0.045572916666666664 0.45 0.049479166666666664 0.06851851851851852
1 0.5239583333333333 0.1310185185185185 0.04791666666666667 0.075
1 0.3971354166666667 0.5185185185185185 0.04635416666666667 0.07407407407407407
1 0.49765625 0.07407407407407407 0.0328125 0.05740740740740741
1 0.3338541666666667 0.24953703703703703 0.042708333333333334 0.07685185185185185
1 0.28958333333333336 0.1865740740740741 0.035416666666666666 0.05648148148148148
1 0.24270833333333333 0.3476851851851852 0.036458333333333336 0.062037037037037036
1 0.3046875 0.11805555555555555 0.0375 0.06018518518518518
1 0.032552083333333336 0.575462962962963 0.049479166666666664 0.08611111111111111
3 0.57265625 0.8166666666666667 0.0609375 0.0962962962962963
3 0.190625 0.6569444444444444 0.090625 0.16944444444444445
1 0.3880208333333333 0.15833333333333333 0.026041666666666668 0.053703703703703705
1 0.4197916666666667 0.14074074074074075 0.026041666666666668 0.053703703703703705