0 0.5777777777777777 0.6296296296296297 0.058333333333333334 0.2222222222222222
0 0.5069444444444444 0.7555555555555555 0.06388888888888888 0.12839506172839507
0 0.4444444444444444 0.4604938271604938 0.08888888888888889 0.11604938271604938
1 0.30277777777777776 0.33827160493827163 0.06666666666666667 0.1037037037037037
1 0.17569444444444443 0.10864197530864197 0.059722222222222225 0.07407407407407407
1 0.38958333333333334 0.9469135802469136 0.09861111111111111 0.10617283950617284
1 0.5458333333333333 0.15432098765432098 0.06111111111111111 0.145679012345679
1 0.3388888888888889 0.03209876543209877 0.058333333333333334 0.05925925925925926
1 0.3951388888888889 0.025925925925925925 0.05138888888888889 0.04691358024691358
1 0.1451388888888889 0.07037037037037037 0.04583333333333333 0.06172839506172839
0 0.2826388888888889 0.5444444444444444 0.059722222222222225 0.06666666666666667