1 0.2046875 0.7976851851851852 0.0875 0.11203703703703703
1 0.5067708333333333 0.8800925925925925 0.05520833333333333 0.09907407407407408
1 0.09244791666666667 0.950925925925926 0.13072916666666667 0.09444444444444444
1 0.41901041666666666 0.5995370370370371 0.04114583333333333 0.062037037037037036
1 0.5674479166666667 0.6282407407407408 0.044270833333333336 0.0787037037037037
1 0.23984375 0.6893518518518519 0.05260416666666667 0.08611111111111111
1 0.41458333333333336 0.7416666666666667 0.04895833333333333 0.07592592592592592
1 0.5182291666666666 0.6013888888888889 0.0375 0.06574074074074074
1 0.09010416666666667 0.7972222222222223 0.04895833333333333 0.07222222222222222
1 0.49322916666666666 0.25 0.040625 0.07037037037037037
1 0.421875 0.06944444444444445 0.04375 0.07037037037037037
1 0.4317708333333333 0.549074074074074 0.03333333333333333 0.053703703703703705
1 0.47578125 0.17685185185185184 0.03802083333333333 0.07777777777777778
1 0.553125 0.34074074074074073 0.040625 0.07037037037037037
1 0.5669270833333333 0.5069444444444444 0.033854166666666664 0.05462962962962963
1 0.5388020833333333 0.5143518518518518 0.033854166666666664 0.05462962962962963