0 0.4486111111111111 0.8679012345679012 0.06666666666666667 0.25925925925925924
0 0.5104166666666666 0.7938271604938272 0.07361111111111111 0.19012345679012346
0 0.3034722222222222 0.5148148148148148 0.059722222222222225 0.14074074074074075
1 0.8451388888888889 0.33827160493827163 0.06805555555555555 0.13333333333333333
1 0.3798611111111111 0.09135802469135802 0.06805555555555555 0.12345679012345678
1 0.38055555555555554 0.24320987654320989 0.06388888888888888 0.1111111111111111
1 0.7569444444444444 0.0345679012345679 0.06111111111111111 0.0691358024691358
3 0.47638888888888886 0.6753086419753086 0.08333333333333333 0.145679012345679
3 0.8034722222222223 0.945679012345679 0.09861111111111111 0.10864197530864197
3 0.9069444444444444 0.9061728395061729 0.09444444444444444 0.16790123456790124
3 0.9395833333333333 0.5419753086419753 0.07083333333333333 0.1111111111111111