1 0.7135416666666666 0.9641203703703703 0.05520833333333333 0.07268518518518519
1 0.9 0.6053240740740741 0.03125 0.050462962962962966
1 0.9764322916666667 0.4460648148148148 0.027864583333333335 0.050462962962962966
1 0.9138020833333333 0.4356481481481482 0.0234375 0.049074074074074076
1 0.9092447916666667 0.32407407407407407 0.026822916666666665 0.05925925925925926
1 0.8712239583333333 0.19282407407407406 0.02578125 0.05416666666666667
1 0.8391927083333334 0.27314814814814814 0.027864583333333335 0.05925925925925926
1 0.7298177083333334 0.5594907407407408 0.026822916666666665 0.05694444444444444
1 0.5154947916666667 0.7090277777777778 0.022135416666666668 0.050462962962962966
1 0.658984375 0.6590277777777778 0.03046875 0.05787037037037037
1 0.7052083333333333 0.10486111111111111 0.027083333333333334 0.05787037037037037
1 0.74140625 0.3418981481481482 0.030729166666666665 0.05416666666666667
1 0.53984375 0.300462962962963 0.03125 0.05185185185185185
1 0.5838541666666667 0.5638888888888889 0.029166666666666667 0.05277777777777778
1 0.5014322916666667 0.5895833333333333 0.03046875 0.06157407407407407
1 0.180859375 0.4587962962962963 0.029947916666666668 0.05277777777777778
1 0.19075520833333334 0.7502314814814814 0.03411458333333333 0.050462962962962966
1 0.3268229166666667 0.8145833333333333 0.0234375 0.05416666666666667
1 0.31471354166666665 0.593287037037037 0.028385416666666666 0.05138888888888889
1 0.23958333333333334 0.7233796296296297 0.029166666666666667 0.033796296296296297
1 0.3951822916666667 0.4224537037037037 0.020572916666666666 0.03564814814814815
1 0.23372395833333334 0.13796296296296295 0.032552083333333336 0.062037037037037036
1 0.308984375 0.09791666666666667 0.02421875 0.05694444444444444
1 0.27239583333333334 0.07453703703703704 0.03125 0.06296296296296296
1 0.0390625 0.6083333333333333 0.034895833333333334 0.05648148148148148
1 0.007291666666666667 0.46458333333333335 0.0140625 0.04675925925925926
1 0.03984375 0.43703703703703706 0.03333333333333333 0.041666666666666664