0 0.8627604166666667 0.5675925925925925 0.1015625 0.1574074074074074
0 0.5002604166666667 0.8157407407407408 0.10260416666666666 0.07592592592592592
1 0.6744791666666666 0.825462962962963 0.07291666666666667 0.1175925925925926
1 0.3890625 0.12824074074074074 0.05520833333333333 0.09722222222222222
1 0.10546875 0.18333333333333332 0.07552083333333333 0.12222222222222222
1 0.7278645833333334 0.17314814814814813 0.04739583333333333 0.07777777777777778
1 0.31744791666666666 0.14629629629629629 0.058854166666666666 0.08888888888888889
1 0.6661458333333333 0.2175925925925926 0.04583333333333333 0.07592592592592592
1 0.4942708333333333 0.36527777777777776 0.06145833333333333 0.11203703703703703
1 0.70703125 0.287962962962963 0.0546875 0.08333333333333333
1 0.5526041666666667 0.7532407407407408 0.09479166666666666 0.1527777777777778
1 0.30885416666666665 0.0699074074074074 0.046875 0.06944444444444445
1 0.54765625 0.9115740740740741 0.1171875 0.1675925925925926
1 0.5111979166666667 0.6462962962962963 0.0828125 0.1425925925925926
1 0.5708333333333333 0.9708333333333333 0.08333333333333333 0.058333333333333334
3 0.40338541666666666 0.3912037037037037 0.07135416666666666 0.10833333333333334