0 0.5489583333333333 0.30925925925925923 0.09791666666666667 0.1
0 0.79453125 0.9634259259259259 0.1015625 0.06944444444444445
0 0.21276041666666667 0.9537037037037037 0.17552083333333332 0.08333333333333333
1 0.4796875 0.6787037037037037 0.059375 0.09259259259259259
1 0.3078125 0.7856481481481481 0.053125 0.08611111111111111
1 0.6338541666666667 0.5282407407407408 0.0625 0.09537037037037037
1 0.3453125 0.8666666666666667 0.057291666666666664 0.0962962962962963
1 0.55703125 0.875462962962963 0.0515625 0.08796296296296297
1 0.39348958333333334 0.11064814814814815 0.04635416666666667 0.0787037037037037
1 0.26223958333333336 0.8796296296296297 0.059895833333333336 0.09814814814814815
1 0.70546875 0.2550925925925926 0.04739583333333333 0.0712962962962963
1 0.2828125 0.300462962962963 0.046875 0.08055555555555556
1 0.6416666666666667 0.16296296296296298 0.034375 0.053703703703703705
1 0.3729166666666667 0.3101851851851852 0.041666666666666664 0.07222222222222222
1 0.5796875 0.12916666666666668 0.03229166666666667 0.05648148148148148
1 0.8416666666666667 0.3347222222222222 0.0375 0.06574074074074074
1 0.7114583333333333 0.04212962962962963 0.030208333333333334 0.04722222222222222
1 0.44479166666666664 0.08148148148148149 0.03958333333333333 0.06851851851851852
3 0.240625 0.5796296296296296 0.07916666666666666 0.12777777777777777
3 0.7265625 0.16712962962962963 0.06041666666666667 0.09166666666666666
3 0.9721354166666667 0.8546296296296296 0.0546875 0.13333333333333333
3 0.21536458333333333 0.09675925925925925 0.059895833333333336 0.062037037037037036
3 0.13958333333333334 0.9652777777777778 0.08125 0.06018518518518518
3 0.7916666666666666 0.2689814814814815 0.042708333333333334 0.06388888888888888