0 0.12239583333333333 0.19166666666666668 0.12604166666666666 0.1574074074074074
1 0.65390625 0.2972222222222222 0.05677083333333333 0.1037037037037037
1 0.6763020833333333 0.24351851851851852 0.04010416666666667 0.06851851851851852
3 0.23958333333333334 0.3472222222222222 0.11145833333333334 0.17407407407407408
3 0.13463541666666667 0.4615740740740741 0.12447916666666667 0.15648148148148147
3 0.7734375 0.5990740740740741 0.06145833333333333 0.09444444444444444
3 0.8158854166666667 0.9601851851851851 0.08177083333333333 0.07037037037037037
3 0.5752604166666667 0.950925925925926 0.0546875 0.09074074074074075
3 0.06302083333333333 0.08009259259259259 0.11875 0.1527777777777778
3 0.8572916666666667 0.5472222222222223 0.07916666666666666 0.08518518518518518
0 0.19270833333333334 0.05 0.035416666666666666 0.09814814814814815