0 0.6909722222222222 0.34444444444444444 0.06805555555555555 0.11604938271604938
1 0.5840277777777778 0.32839506172839505 0.04861111111111111 0.07901234567901234
1 0.6770833333333334 0.4580246913580247 0.04861111111111111 0.08641975308641975
1 0.6430555555555556 0.18518518518518517 0.03888888888888889 0.0691358024691358
1 0.47847222222222224 0.5901234567901235 0.05416666666666667 0.08395061728395062
1 0.3993055555555556 0.34074074074074073 0.04583333333333333 0.07407407407407407
1 0.6527777777777778 0.6765432098765433 0.06111111111111111 0.1037037037037037
1 0.7493055555555556 0.7320987654320987 0.05138888888888889 0.08641975308641975
1 0.1111111111111111 0.2765432098765432 0.058333333333333334 0.10864197530864197
1 0.6472222222222223 0.11851851851851852 0.03333333333333333 0.04938271604938271
1 0.7229166666666667 0.7913580246913581 0.05138888888888889 0.08641975308641975
1 0.17847222222222223 0.15679012345679014 0.0375 0.07654320987654321
1 0.2125 0.1506172839506173 0.03611111111111111 0.07901234567901234
3 0.18541666666666667 0.7086419753086419 0.06805555555555555 0.07901234567901234
3 0.18055555555555555 0.8049382716049382 0.06666666666666667 0.07901234567901234
3 0.5208333333333334 0.3148148148148148 0.05277777777777778 0.07654320987654321
3 0.6798611111111111 0.8580246913580247 0.05416666666666667 0.056790123456790124
3 0.6069444444444444 0.4382716049382716 0.044444444444444446 0.07160493827160494
3 0.3701388888888889 0.9469135802469136 0.059722222222222225 0.10123456790123457