0 0.829296875 0.41759259259259257 0.05182291666666667 0.11388888888888889
1 0.365234375 0.1259259259259259 0.09609375 0.1398148148148148
1 0.5447916666666667 0.2601851851851852 0.06458333333333334 0.14074074074074075
1 0.763671875 0.1486111111111111 0.03307291666666667 0.05277777777777778
1 0.16731770833333334 0.05486111111111111 0.15494791666666666 0.10601851851851851
1 0.6923177083333333 0.2636574074074074 0.053385416666666664 0.07453703703703704
3 0.6404947916666667 0.5840277777777778 0.04973958333333333 0.04861111111111111
3 0.8623697916666667 0.2902777777777778 0.04921875 0.04259259259259259
3 0.6419270833333334 0.35810185185185184 0.04791666666666667 0.06435185185185185
3 0.5799479166666667 0.15671296296296297 0.0328125 0.038425925925925926
3 0.280078125 0.041666666666666664 0.07734375 0.05925925925925926
1 0.8735677083333333 0.09398148148148149 0.03307291666666667 0.05277777777777778
1 0.7665364583333333 0.12731481481481483 0.03307291666666667 0.05277777777777778
1 0.7852864583333333 0.13240740740740742 0.03307291666666667 0.05277777777777778