1 0.18151041666666667 0.17708333333333334 0.046875 0.07083333333333333
1 0.11510416666666666 0.11805555555555555 0.04895833333333333 0.07314814814814814
1 0.6145833333333334 0.8388888888888889 0.06666666666666667 0.13425925925925927
1 0.480078125 0.4131944444444444 0.031510416666666666 0.05324074074074074
1 0.03919270833333333 0.04513888888888889 0.07057291666666667 0.08564814814814815
1 0.24401041666666667 0.17337962962962963 0.029166666666666667 0.04675925925925926
1 0.2046875 0.1011574074074074 0.030208333333333334 0.04953703703703704
1 0.24778645833333332 0.2275462962962963 0.029427083333333333 0.04953703703703704
1 0.26223958333333336 0.324537037037037 0.0328125 0.06018518518518518
1 0.9869791666666666 0.5462962962962963 0.026041666666666668 0.04722222222222222
3 0.8303385416666667 0.5622685185185186 0.05026041666666667 0.0587962962962963