1 0.801953125 0.3013888888888889 0.027864583333333335 0.05092592592592592
1 0.13216145833333334 0.42407407407407405 0.04244791666666667 0.06388888888888888
1 0.24934895833333334 0.5358796296296297 0.048177083333333336 0.07175925925925926
1 0.6779947916666667 0.3104166666666667 0.03046875 0.050462962962962966
1 0.169140625 0.19467592592592592 0.03984375 0.06157407407407407
1 0.555078125 0.5793981481481482 0.03359375 0.050462962962962966
1 0.50625 0.5414351851851852 0.03229166666666667 0.055092592592592596
1 0.13307291666666668 0.7888888888888889 0.07083333333333333 0.0962962962962963
1 0.5850260416666667 0.35509259259259257 0.02265625 0.040740740740740744
1 0.8393229166666667 0.23425925925925925 0.023958333333333335 0.040740740740740744
1 0.4708333333333333 0.35208333333333336 0.030208333333333334 0.04583333333333333
1 0.8890625 0.44004629629629627 0.020833333333333332 0.03564814814814815
3 0.44140625 0.42476851851851855 0.042708333333333334 0.04212962962962963
3 0.21731770833333333 0.4201388888888889 0.04140625 0.059722222222222225
1 0.87421875 0.29444444444444445 0.023958333333333335 0.040740740740740744
1 0.87734375 0.25254629629629627 0.019270833333333334 0.03287037037037037
1 0.8973958333333333 0.2835648148148148 0.019270833333333334 0.03287037037037037
1 0.92890625 0.29976851851851855 0.019270833333333334 0.03287037037037037
1 0.9315104166666667 0.3784722222222222 0.019270833333333334 0.03287037037037037
1 0.9697916666666667 0.37430555555555556 0.019270833333333334 0.03287037037037037
1 0.965625 0.456712962962963 0.019270833333333334 0.03287037037037037
1 0.7618489583333333 0.15949074074074074 0.02109375 0.03287037037037037
1 0.742578125 0.20023148148148148 0.02109375 0.03287037037037037
1 0.7467447916666666 0.24282407407407408 0.02109375 0.03287037037037037
1 0.7069010416666667 0.24513888888888888 0.018489583333333334 0.029166666666666667
1 0.6024739583333333 0.29791666666666666 0.018489583333333334 0.029166666666666667
1 0.5734375 0.31527777777777777 0.015625 0.025
1 0.5377604166666666 0.2847222222222222 0.015625 0.025
1 0.52421875 0.2722222222222222 0.0140625 0.020370370370370372
1 0.3067708333333333 0.03912037037037037 0.015104166666666667 0.024537037037037038
1 0.32265625 0.04375 0.015625 0.02361111111111111
1 0.32760416666666664 0.02662037037037037 0.015625 0.02361111111111111
1 0.45703125 0.06226851851851852 0.015625 0.02361111111111111
1 0.39114583333333336 0.13680555555555557 0.015625 0.02361111111111111
1 0.4388020833333333 0.027546296296296298 0.015625 0.02361111111111111
1 0.45989583333333334 0.022916666666666665 0.015625 0.02361111111111111
1 0.3828125 0.033101851851851855 0.015625 0.02361111111111111
1 0.5013020833333334 0.034027777777777775 0.015625 0.02361111111111111
1 0.22005208333333334 0.19375 0.028125 0.0375
1 0.2752604166666667 0.1511574074074074 0.028125 0.0375