1 0.4708333333333333 0.07037037037037037 0.05416666666666667 0.08888888888888889
1 0.76015625 0.4393518518518518 0.0515625 0.08981481481481482
1 0.4203125 0.35138888888888886 0.046875 0.08425925925925926
1 0.44244791666666666 0.48703703703703705 0.05260416666666667 0.0962962962962963
1 0.5674479166666667 0.5217592592592593 0.0546875 0.08981481481481482
1 0.8390625 0.8981481481481481 0.058333333333333334 0.09074074074074075
1 0.8489583333333334 0.3143518518518518 0.04791666666666667 0.075
1 0.4583333333333333 0.2412037037037037 0.0375 0.06388888888888888
1 0.3260416666666667 0.1925925925925926 0.041666666666666664 0.07777777777777778
1 0.6080729166666666 0.9541666666666667 0.034895833333333334 0.049074074074074076
3 0.959375 0.6 0.07916666666666666 0.13518518518518519
3 0.64453125 0.32546296296296295 0.0796875 0.125
3 0.5223958333333333 0.5689814814814815 0.05520833333333333 0.09537037037037037
3 0.6307291666666667 0.6157407407407407 0.058333333333333334 0.09814814814814815
3 0.6872395833333333 0.3824074074074074 0.05260416666666667 0.08333333333333333
3 0.671875 0.2523148148148148 0.058333333333333334 0.09166666666666666
3 0.73046875 0.3962962962962963 0.0546875 0.09074074074074075
3 0.40598958333333335 0.13657407407407407 0.04739583333333333 0.07685185185185185
3 0.6255208333333333 0.7648148148148148 0.06041666666666667 0.07777777777777778