1 0.554296875 0.40925925925925927 0.046614583333333334 0.08148148148148149
1 0.8286458333333333 0.3148148148148148 0.03177083333333333 0.046296296296296294
1 0.165234375 0.1599537037037037 0.08046875 0.10416666666666667
1 0.42630208333333336 0.16412037037037036 0.034375 0.052314814814814814
1 0.5876302083333333 0.34305555555555556 0.029427083333333333 0.04537037037037037
1 0.47877604166666665 0.25972222222222224 0.028385416666666666 0.046296296296296294
1 0.067578125 0.7416666666666667 0.13411458333333334 0.24722222222222223
1 0.546875 0.2949074074074074 0.0328125 0.053703703703703705
1 0.46067708333333335 0.6293981481481481 0.07083333333333333 0.08657407407407407
1 0.38333333333333336 0.1025462962962963 0.0234375 0.03564814814814815
1 0.7403645833333333 0.4152777777777778 0.024479166666666666 0.040740740740740744
1 0.5998697916666667 0.6055555555555555 0.054947916666666666 0.05462962962962963
1 0.311328125 0.0738425925925926 0.02890625 0.04027777777777778
1 0.858203125 0.4837962962962963 0.027864583333333335 0.04814814814814815
1 0.5166666666666667 0.16782407407407407 0.022916666666666665 0.033796296296296297
1 0.27513020833333335 0.08078703703703703 0.025260416666666667 0.03194444444444444
1 0.5578125 0.28449074074074077 0.028645833333333332 0.05787037037037037
3 0.8666666666666667 0.38773148148148145 0.0390625 0.04861111111111111
3 0.332421875 0.16967592592592592 0.05651041666666667 0.056018518518518516
3 0.6630208333333333 0.43842592592592594 0.04895833333333333 0.05277777777777778
3 0.6778645833333333 0.5013888888888889 0.04635416666666667 0.06388888888888888
1 0.8786458333333333 0.2949074074074074 0.024479166666666666 0.040740740740740744
1 0.9333333333333333 0.28425925925925927 0.024479166666666666 0.040740740740740744
1 0.9375 0.2518518518518518 0.024479166666666666 0.040740740740740744
1 0.85 0.20046296296296295 0.024479166666666666 0.040740740740740744
1 0.84296875 0.16712962962962963 0.024479166666666666 0.040740740740740744
1 0.7984375 0.21064814814814814 0.024479166666666666 0.040740740740740744
1 0.7623697916666666 0.20601851851851852 0.017447916666666667 0.02962962962962963
1 0.7268229166666667 0.19768518518518519 0.024479166666666666 0.040740740740740744
1 0.6755208333333333 0.1986111111111111 0.024479166666666666 0.040740740740740744
1 0.6052083333333333 0.19907407407407407 0.024479166666666666 0.040740740740740744
1 0.5981770833333333 0.17962962962962964 0.024479166666666666 0.040740740740740744
1 0.6661458333333333 0.15 0.024479166666666666 0.040740740740740744
1 0.68125 0.08703703703703704 0.024479166666666666 0.040740740740740744
1 0.5575520833333333 0.1726851851851852 0.024479166666666666 0.040740740740740744
1 0.5591145833333333 0.15185185185185185 0.024479166666666666 0.040740740740740744
1 0.5171875 0.1287037037037037 0.024479166666666666 0.040740740740740744
1 0.48020833333333335 0.10833333333333334 0.024479166666666666 0.040740740740740744
1 0.4390625 0.0787037037037037 0.024479166666666666 0.040740740740740744
1 0.71015625 0.16805555555555557 0.024479166666666666 0.040740740740740744