0 0.7097222222222223 0.7506172839506173 0.09444444444444444 0.23703703703703705
0 0.20902777777777778 0.18518518518518517 0.09861111111111111 0.09382716049382717
0 0.45069444444444445 0.07901234567901234 0.10416666666666667 0.08888888888888889
1 0.3701388888888889 0.5074074074074074 0.10972222222222222 0.17530864197530865
1 0.18472222222222223 0.6358024691358025 0.11944444444444445 0.19012345679012346
1 0.25277777777777777 0.8827160493827161 0.16944444444444445 0.22962962962962963
1 0.04861111111111111 0.5839506172839506 0.09722222222222222 0.254320987654321
1 0.5666666666666667 0.845679012345679 0.1388888888888889 0.254320987654321
1 0.022916666666666665 0.20246913580246914 0.04583333333333333 0.14814814814814814
2 0.7944444444444444 0.9222222222222223 0.06944444444444445 0.11604938271604938
3 0.4875 0.5740740740740741 0.16111111111111112 0.29876543209876544
3 0.3951388888888889 0.36419753086419754 0.09861111111111111 0.1506172839506173
3 0.13333333333333333 0.30493827160493825 0.14722222222222223 0.22962962962962963
3 0.2798611111111111 0.2876543209876543 0.12916666666666668 0.20987654320987653
3 0.6597222222222222 0.6604938271604939 0.11944444444444445 0.21481481481481482
3 0.09652777777777778 0.7814814814814814 0.12916666666666668 0.20987654320987653
3 0.03263888888888889 0.11728395061728394 0.059722222222222225 0.0962962962962963
3 0.4076388888888889 0.8 0.11805555555555555 0.20246913580246914
3 0.4131944444444444 0.854320987654321 0.15694444444444444 0.2765432098765432