0 0.3173611111111111 0.5012345679012346 0.12916666666666668 0.09382716049382717
0 0.4326388888888889 0.8888888888888888 0.11527777777777778 0.21728395061728395
0 0.6131944444444445 0.7395061728395061 0.08194444444444444 0.2691358024691358
0 0.4708333333333333 0.7 0.16111111111111112 0.10617283950617284
0 0.8090277777777778 0.2382716049382716 0.06805555555555555 0.08148148148148149
0 0.6444444444444445 0.9234567901234568 0.30277777777777776 0.1580246913580247
0 0.36944444444444446 0.8888888888888888 0.10277777777777777 0.2074074074074074
0 0.3076388888888889 0.5456790123456791 0.08472222222222223 0.07407407407407407
0 0.28541666666666665 0.9024691358024691 0.14305555555555555 0.1259259259259259
1 0.9354166666666667 0.40617283950617283 0.08194444444444444 0.1308641975308642
1 0.6666666666666666 0.5703703703703704 0.08611111111111111 0.12345679012345678
1 0.8465277777777778 0.40370370370370373 0.08194444444444444 0.1308641975308642
1 0.2701388888888889 0.8024691358024691 0.11527777777777778 0.14320987654320988
1 0.5506944444444445 0.3358024691358025 0.05416666666666667 0.08395061728395062
1 0.11388888888888889 0.6617283950617284 0.08333333333333333 0.14320987654320988
1 0.4909722222222222 0.39382716049382716 0.05694444444444444 0.08641975308641975
1 0.12361111111111112 0.928395061728395 0.15 0.14320987654320988
1 0.27847222222222223 0.6864197530864198 0.09027777777777778 0.11851851851851852
1 0.4375 0.4728395061728395 0.075 0.12098765432098765
1 0.6631944444444444 0.37777777777777777 0.07083333333333333 0.08888888888888889
1 0.5736111111111111 0.38641975308641974 0.058333333333333334 0.10123456790123457
1 0.4777777777777778 0.2876543209876543 0.05555555555555555 0.06666666666666667
1 0.6756944444444445 0.7061728395061728 0.10972222222222222 0.1728395061728395
1 0.2826388888888889 0.4469135802469136 0.09861111111111111 0.11358024691358025
1 0.5194444444444445 0.9506172839506173 0.13333333333333333 0.09382716049382717
1 0.55 0.7814814814814814 0.125 0.2
1 0.9833333333333333 0.2962962962962963 0.03611111111111111 0.11358024691358025
1 0.9756944444444444 0.7691358024691358 0.04861111111111111 0.19506172839506172
1 0.31180555555555556 0.6074074074074074 0.07916666666666666 0.12839506172839507
1 0.5277777777777778 0.44320987654320987 0.06666666666666667 0.0962962962962963
1 0.5159722222222223 0.562962962962963 0.13472222222222222 0.18271604938271604
1 0.7534722222222222 0.27283950617283953 0.0625 0.12098765432098765
1 0.7576388888888889 0.6592592592592592 0.09583333333333334 0.16790123456790124
1 0.03819444444444445 0.6864197530864198 0.07083333333333333 0.12839506172839507
1 0.9222222222222223 0.562962962962963 0.11388888888888889 0.14814814814814814
1 0.18333333333333332 0.5975308641975309 0.075 0.10864197530864197
1 0.06875 0.5654320987654321 0.07083333333333333 0.09382716049382717
1 0.6388888888888888 0.9567901234567902 0.11666666666666667 0.08148148148148149
1 0.675 0.44938271604938274 0.08055555555555556 0.11358024691358025
1 0.029861111111111113 0.4888888888888889 0.05694444444444444 0.1382716049382716
1 0.03958333333333333 0.8160493827160494 0.0763888888888889 0.15555555555555556
1 0.2388888888888889 0.3851851851851852 0.06666666666666667 0.09876543209876543
1 0.7611111111111111 0.43209876543209874 0.09166666666666666 0.12839506172839507
1 0.23402777777777778 0.5765432098765432 0.07083333333333333 0.10617283950617284
1 0.8506944444444444 0.662962962962963 0.09305555555555556 0.18518518518518517
1 0.5409722222222222 0.5358024691358024 0.09305555555555556 0.12345679012345678
1 0.2 0.48518518518518516 0.05 0.06666666666666667
1 0.9736111111111111 0.5864197530864198 0.05277777777777778 0.15555555555555556
1 0.48194444444444445 0.5012345679012346 0.06666666666666667 0.09382716049382717
1 0.15555555555555556 0.49382716049382713 0.06388888888888888 0.09876543209876543
1 0.18333333333333332 0.4111111111111111 0.05277777777777778 0.08148148148148149
1 0.15347222222222223 0.3814814814814815 0.04027777777777778 0.06172839506172839
2 0.3840277777777778 0.6012345679012345 0.09027777777777778 0.1308641975308642
2 0.9055555555555556 0.7876543209876543 0.1361111111111111 0.1728395061728395
2 0.48125 0.3271604938271605 0.05416666666666667 0.06172839506172839
2 0.9847222222222223 0.9246913580246914 0.03333333333333333 0.15555555555555556
1 0.8090277777777778 0.4888888888888889 0.0625 0.1037037037037037
1 0.9395833333333333 0.6876543209876543 0.07916666666666666 0.13580246913580246
1 0.7506944444444444 0.5308641975308642 0.0763888888888889 0.1037037037037037