0 0.8369791666666667 0.9078703703703703 0.07083333333333333 0.1787037037037037
1 0.5653645833333333 0.6435185185185185 0.058854166666666666 0.09074074074074075
1 0.4953125 0.7310185185185185 0.05520833333333333 0.10092592592592593
1 0.5197916666666667 0.8601851851851852 0.04479166666666667 0.07407407407407407
1 0.35390625 0.5365740740740741 0.04114583333333333 0.06944444444444445
1 0.12864583333333332 0.5356481481481481 0.040625 0.06388888888888888
1 0.9588541666666667 0.5282407407407408 0.04375 0.07314814814814814
1 0.09192708333333334 0.3375 0.03802083333333333 0.05648148148148148
1 0.6369791666666667 0.275 0.034375 0.05185185185185185
1 0.021614583333333333 0.47962962962962963 0.0421875 0.07592592592592592
1 0.9002604166666667 0.25092592592592594 0.034895833333333334 0.05185185185185185
1 0.29635416666666664 0.29259259259259257 0.034375 0.06666666666666667
3 0.22213541666666667 0.6615740740740741 0.06822916666666666 0.09351851851851851
3 0.5872395833333334 0.774074074074074 0.04739583333333333 0.07592592592592592