0 0.8618055555555556 0.891358024691358 0.1486111111111111 0.11851851851851852
1 0.5611111111111111 0.3888888888888889 0.05 0.09135802469135802
1 0.4263888888888889 0.3296296296296296 0.05 0.08641975308641975
1 0.44513888888888886 0.09382716049382717 0.05138888888888889 0.07901234567901234
1 0.7416666666666667 0.8753086419753087 0.07222222222222222 0.1111111111111111
1 0.5944444444444444 0.08395061728395062 0.05277777777777778 0.08395061728395062
1 0.44513888888888886 0.8827160493827161 0.06527777777777778 0.12098765432098765
1 0.3388888888888889 0.26049382716049385 0.05 0.08148148148148149
1 0.6569444444444444 0.6407407407407407 0.04722222222222222 0.08148148148148149
1 0.17708333333333334 0.7604938271604939 0.05694444444444444 0.09382716049382717
1 0.32916666666666666 0.8617283950617284 0.044444444444444446 0.08888888888888889
1 0.7493055555555556 0.5185185185185185 0.04861111111111111 0.07901234567901234
1 0.3194444444444444 0.14444444444444443 0.06944444444444445 0.1111111111111111
3 0.5097222222222222 0.3296296296296296 0.05277777777777778 0.08641975308641975
3 0.6840277777777778 0.9185185185185185 0.05416666666666667 0.0691358024691358
3 0.6854166666666667 0.4777777777777778 0.05416666666666667 0.10123456790123457
3 0.48541666666666666 0.8049382716049382 0.05416666666666667 0.07901234567901234
1 0.23055555555555557 0.4345679012345679 0.041666666666666664 0.08395061728395062