0 0.14153645833333334 0.225 0.12682291666666667 0.07777777777777778
1 0.38776041666666666 0.4449074074074074 0.05260416666666667 0.08518518518518518
1 0.2760416666666667 0.5335648148148148 0.08125 0.11342592592592593
1 0.7608072916666667 0.5479166666666667 0.03828125 0.05324074074074074
1 0.521484375 0.3076388888888889 0.04609375 0.0699074074074074
1 0.7717447916666667 0.4324074074074074 0.031510416666666666 0.05277777777777778
1 0.6805989583333333 0.2789351851851852 0.029947916666666668 0.047685185185185185
1 0.06171875 0.17685185185185184 0.0640625 0.07314814814814814
1 0.2923177083333333 0.19050925925925927 0.04609375 0.06342592592592593
1 0.4747395833333333 0.6340277777777777 0.06458333333333334 0.07083333333333333
1 0.7162760416666667 0.3849537037037037 0.025260416666666667 0.04212962962962963
1 0.8022135416666667 0.49444444444444446 0.026302083333333334 0.041666666666666664
1 0.10247395833333334 0.39861111111111114 0.06276041666666667 0.09259259259259259
1 0.3143229166666667 0.11666666666666667 0.03125 0.03981481481481482
1 0.59453125 0.17708333333333334 0.025 0.04027777777777778
1 0.569140625 0.18217592592592594 0.021614583333333333 0.03564814814814815
3 0.28033854166666666 0.2511574074074074 0.05651041666666667 0.05694444444444444
3 0.034375 0.5053240740740741 0.06822916666666666 0.15787037037037038
3 0.6125 0.29467592592592595 0.036458333333333336 0.056018518518518516
1 0.6545572916666667 0.2136574074074074 0.029947916666666668 0.047685185185185185
1 0.699609375 0.17337962962962963 0.029947916666666668 0.047685185185185185
1 0.8446614583333333 0.29606481481481484 0.029947916666666668 0.047685185185185185
1 0.730078125 0.21736111111111112 0.029947916666666668 0.047685185185185185
1 0.7600260416666667 0.28541666666666665 0.029947916666666668 0.047685185185185185
1 0.8485677083333333 0.21134259259259258 0.029947916666666668 0.047685185185185185