0 0.25885416666666666 0.8870370370370371 0.0625 0.2037037037037037
1 0.23203125 0.7152777777777778 0.04739583333333333 0.06944444444444445
1 0.14895833333333333 0.4699074074074074 0.040625 0.06018518518518518
1 0.7528645833333333 0.9587962962962963 0.04635416666666667 0.06944444444444445
1 0.50078125 0.6416666666666667 0.0359375 0.05185185185185185
1 0.5010416666666667 0.8550925925925926 0.065625 0.11203703703703703
1 0.5028645833333333 0.7550925925925925 0.04739583333333333 0.06574074074074074
1 0.5481770833333334 0.6365740740740741 0.03802083333333333 0.049074074074074076
1 0.33541666666666664 0.9745370370370371 0.06041666666666667 0.04722222222222222
1 0.02890625 0.30925925925925923 0.04114583333333333 0.06296296296296296
1 0.03203125 0.46064814814814814 0.03802083333333333 0.0712962962962963
1 0.440625 0.5611111111111111 0.034375 0.04814814814814815
2 0.2833333333333333 0.49907407407407406 0.09270833333333334 0.09259259259259259
3 0.12473958333333333 0.7300925925925926 0.07135416666666666 0.0824074074074074
3 0.63125 0.8935185185185185 0.078125 0.09259259259259259
3 0.29296875 0.8125 0.0578125 0.09722222222222222
3 0.5854166666666667 0.8111111111111111 0.05416666666666667 0.08703703703703704
3 0.21458333333333332 0.8870370370370371 0.052083333333333336 0.08703703703703704