3 0.7860677083333333 0.12638888888888888 0.03984375 0.04722222222222222
3 0.8037760416666667 0.6659722222222222 0.04921875 0.08287037037037037
3 0.7497395833333333 0.7118055555555556 0.0359375 0.056018518518518516
3 0.7294270833333333 0.7842592592592592 0.04635416666666667 0.06851851851851852
3 0.67421875 0.6611111111111111 0.021875 0.04259259259259259
3 0.7223958333333333 0.5520833333333334 0.025520833333333333 0.04861111111111111
3 0.6006510416666667 0.7900462962962963 0.039322916666666666 0.0412037037037037
3 0.60390625 0.6164351851851851 0.027604166666666666 0.03935185185185185
3 0.5229166666666667 0.5391203703703704 0.0375 0.04675925925925926
3 0.5734375 0.39652777777777776 0.03854166666666667 0.060648148148148145
3 0.542578125 0.3108796296296296 0.032552083333333336 0.05324074074074074
3 0.27369791666666665 0.5900462962962963 0.03333333333333333 0.05694444444444444
3 0.1828125 0.3402777777777778 0.030729166666666665 0.03981481481481482
3 0.25755208333333335 0.3127314814814815 0.028125 0.034722222222222224
3 0.21145833333333333 0.2877314814814815 0.042708333333333334 0.04675925925925926