0 0.08229166666666667 0.6604166666666667 0.16041666666666668 0.2625
1 0.500390625 0.3861111111111111 0.055989583333333336 0.08055555555555556
1 0.21640625 0.4134259259259259 0.09375 0.11203703703703703
1 0.735546875 0.46620370370370373 0.03203125 0.05277777777777778
1 0.6723958333333333 0.41203703703703703 0.024479166666666666 0.03888888888888889
1 0.03463541666666667 0.32708333333333334 0.051041666666666666 0.060648148148148145
1 0.54375 0.6129629629629629 0.06614583333333333 0.07407407407407407
1 0.3397135416666667 0.25069444444444444 0.02578125 0.03287037037037037
1 0.4703125 0.30300925925925926 0.029166666666666667 0.04398148148148148
1 0.60078125 0.37800925925925927 0.025 0.03564814814814815
1 0.7453125 0.3199074074074074 0.023958333333333335 0.041666666666666664
1 0.556640625 0.36944444444444446 0.020052083333333335 0.019444444444444445
1 0.395703125 0.2099537037037037 0.019010416666666665 0.031018518518518518
1 0.399609375 0.25601851851851853 0.020572916666666666 0.030555555555555555
3 0.27369791666666665 0.5164351851851852 0.08802083333333334 0.11157407407407408
3 0.4733072916666667 0.3400462962962963 0.03723958333333333 0.03657407407407407
1 0.321875 0.27685185185185185 0.0265625 0.03148148148148148
1 0.31002604166666664 0.26134259259259257 0.026822916666666665 0.02361111111111111
1 0.5729166666666666 0.35694444444444445 0.013541666666666667 0.027777777777777776
1 0.569921875 0.2810185185185185 0.014322916666666666 0.020370370370370372
1 0.7514322916666667 0.4300925925925926 0.016927083333333332 0.022222222222222223
1 0.92109375 0.47291666666666665 0.020833333333333332 0.02361111111111111
1 0.8697916666666666 0.4601851851851852 0.017708333333333333 0.022222222222222223
1 0.9748697916666667 0.48009259259259257 0.017447916666666667 0.025
1 0.6798177083333333 0.2423611111111111 0.012239583333333333 0.01898148148148148
1 0.7192708333333333 0.22060185185185185 0.013541666666666667 0.01898148148148148
1 0.7834635416666667 0.2652777777777778 0.016927083333333332 0.020370370370370372
1 0.7841145833333333 0.2490740740740741 0.0140625 0.020370370370370372