3 0.7143229166666667 0.7944444444444444 0.04791666666666667 0.053703703703703705
3 0.7174479166666666 0.9807870370370371 0.0453125 0.03935185185185185
3 0.8247395833333333 0.9340277777777778 0.08072916666666667 0.08194444444444444
3 0.8567708333333334 0.8782407407407408 0.08958333333333333 0.08148148148148149
3 0.6294270833333333 0.20625 0.03854166666666667 0.050462962962962966
3 0.733203125 0.13773148148148148 0.03567708333333333 0.06157407407407407
3 0.7522135416666667 0.19444444444444445 0.03619791666666667 0.0712962962962963
3 0.6907552083333334 0.6898148148148148 0.04765625 0.03425925925925926
3 0.5203125 0.5928240740740741 0.021354166666666667 0.038425925925925926
3 0.46041666666666664 0.3210648148148148 0.027083333333333334 0.047685185185185185
0 0.5109375 0.6620370370370371 0.051041666666666666 0.06851851851851852