1 0.7473958333333334 0.637962962962963 0.057291666666666664 0.08888888888888889
1 0.4622395833333333 0.362962962962963 0.04114583333333333 0.06851851851851852
1 0.5861979166666667 0.30925925925925923 0.0390625 0.06666666666666667
1 0.8669270833333333 0.8726851851851852 0.0484375 0.07685185185185185
1 0.5481770833333334 0.2310185185185185 0.030729166666666665 0.049074074074074076
1 0.2078125 0.5287037037037037 0.036458333333333336 0.05925925925925926
1 0.2546875 0.5351851851851852 0.034375 0.05740740740740741
1 0.415625 0.3106481481481482 0.022916666666666665 0.03425925925925926
1 0.48776041666666664 0.18611111111111112 0.025520833333333333 0.037037037037037035
3 0.5807291666666666 0.6569444444444444 0.053125 0.08055555555555556
3 0.5588541666666667 0.3300925925925926 0.051041666666666666 0.06944444444444445
3 0.6041666666666666 0.19212962962962962 0.04479166666666667 0.06574074074074074
1 0.4234375 0.28379629629629627 0.022916666666666665 0.03425925925925926
1 0.41302083333333334 0.2513888888888889 0.022916666666666665 0.03425925925925926
1 0.32083333333333336 0.24768518518518517 0.017708333333333333 0.028703703703703703
1 0.240625 0.1884259259259259 0.017708333333333333 0.028703703703703703
1 0.4244791666666667 0.11898148148148148 0.017708333333333333 0.028703703703703703