0 0.45625 0.8888888888888888 0.07916666666666666 0.20246913580246914
1 0.28125 0.8271604938271605 0.1125 0.20246913580246914
1 0.25416666666666665 0.508641975308642 0.10833333333333334 0.20246913580246914
1 0.16944444444444445 0.38641975308641974 0.1 0.1259259259259259
1 0.32569444444444445 0.1728395061728395 0.0625 0.10864197530864197
1 0.3798611111111111 0.5185185185185185 0.05694444444444444 0.11851851851851852
1 0.3472222222222222 0.3197530864197531 0.08055555555555556 0.08641975308641975
1 0.22291666666666668 0.21728395061728395 0.06805555555555555 0.11851851851851852
1 0.04027777777777778 0.7320987654320987 0.07777777777777778 0.24938271604938272
1 0.13680555555555557 0.682716049382716 0.15416666666666667 0.28888888888888886
1 0.41805555555555557 0.5518518518518518 0.05 0.09135802469135802