3 0.890234375 0.14189814814814813 0.03515625 0.050462962962962966
1 0.5446614583333333 0.36203703703703705 0.04401041666666667 0.044444444444444446
1 0.499609375 0.33819444444444446 0.05234375 0.0763888888888889
3 0.703125 0.3199074074074074 0.05416666666666667 0.025925925925925925
3 0.6490885416666666 0.37939814814814815 0.05182291666666667 0.059722222222222225
3 0.7079427083333333 0.46805555555555556 0.07109375 0.10462962962962963
3 0.7618489583333333 0.8356481481481481 0.06692708333333333 0.14907407407407408
3 0.5389322916666667 0.41574074074074074 0.05026041666666667 0.06851851851851852
3 0.28619791666666666 0.9319444444444445 0.0671875 0.08518518518518518
3 0.23098958333333333 0.6037037037037037 0.03229166666666667 0.07962962962962963
3 0.3645833333333333 0.1037037037037037 0.0234375 0.022222222222222223
3 0.31549479166666666 0.11574074074074074 0.026822916666666665 0.03425925925925926
3 0.705859375 0.07523148148148148 0.05182291666666667 0.059722222222222225