1 0.3653645833333333 0.5833333333333334 0.0484375 0.08518518518518518
1 0.203125 0.5236111111111111 0.03854166666666667 0.062037037037037036
1 0.14635416666666667 0.5773148148148148 0.040625 0.062037037037037036
1 0.29244791666666664 0.3023148148148148 0.033854166666666664 0.058333333333333334
1 0.5143229166666666 0.16574074074074074 0.03697916666666667 0.06666666666666667
1 0.058854166666666666 0.21851851851851853 0.0375 0.05925925925925926
1 0.9325520833333333 0.4152777777777778 0.08177083333333333 0.09722222222222222
1 0.52890625 0.0824074074074074 0.03177083333333333 0.05740740740740741
1 0.12421875 0.25555555555555554 0.030729166666666665 0.04814814814814815
1 0.33177083333333335 0.17916666666666667 0.03229166666666667 0.05648148148148148
1 0.221875 0.175 0.03125 0.05
3 0.6755208333333333 0.20046296296296295 0.06458333333333334 0.13796296296296295
3 0.6098958333333333 0.47175925925925927 0.109375 0.18796296296296297
3 0.09322916666666667 0.7319444444444444 0.06354166666666666 0.09907407407407408
3 0.4588541666666667 0.5768518518518518 0.05625 0.12037037037037036
3 0.21875 0.7402777777777778 0.06770833333333333 0.10092592592592593
3 0.7919270833333333 0.36666666666666664 0.08697916666666666 0.14074074074074075