3 0.858984375 0.27569444444444446 0.07213541666666666 0.08842592592592592
2 0.6690104166666667 0.07337962962962963 0.050520833333333334 0.033796296296296297
2 0.812109375 0.16898148148148148 0.04921875 0.037037037037037035
2 0.526171875 0.8810185185185185 0.20026041666666666 0.2388888888888889
2 0.017447916666666667 0.5530092592592593 0.034375 0.11157407407407408
2 0.8139322916666667 0.6532407407407408 0.11640625 0.15833333333333333
2 0.6376302083333333 0.5423611111111111 0.10755208333333334 0.16435185185185186
2 0.8384114583333333 0.10925925925925926 0.08151041666666667 0.053703703703703705
2 0.8119791666666667 0.2967592592592593 0.0625 0.05925925925925926
2 0.7505208333333333 0.2777777777777778 0.050520833333333334 0.05648148148148148
3 0.764453125 0.11666666666666667 0.06432291666666666 0.06574074074074074
3 0.9471354166666667 0.35717592592592595 0.0953125 0.10787037037037037
3 0.9182291666666667 0.21342592592592594 0.10572916666666667 0.11574074074074074