1 0.5283854166666667 0.887962962962963 0.07395833333333333 0.13148148148148148
2 0.18307291666666667 0.2747685185185185 0.046875 0.06435185185185185
0 0.6151041666666667 0.694675925925926 0.0359375 0.12083333333333333
0 0.4837239583333333 0.4636574074074074 0.04609375 0.08472222222222223
0 0.375 0.47337962962962965 0.04739583333333333 0.10972222222222222
0 0.3235677083333333 0.42939814814814814 0.06901041666666667 0.08472222222222223
1 0.5912760416666667 0.3421296296296296 0.05963541666666667 0.09444444444444444
1 0.6337239583333333 0.20625 0.06380208333333333 0.1125
1 0.6938802083333333 0.14560185185185184 0.06380208333333333 0.12638888888888888
1 0.54140625 0.04490740740740741 0.07447916666666667 0.08055555555555556
3 0.33151041666666664 0.06157407407407407 0.05520833333333333 0.11388888888888889