0 0.045703125 0.36875 0.06067708333333333 0.1837962962962963
0 0.17760416666666667 0.46782407407407406 0.057291666666666664 0.0763888888888889
1 0.2518229166666667 0.6328703703703704 0.057291666666666664 0.09259259259259259
1 0.25494791666666666 0.3902777777777778 0.0703125 0.11851851851851852
1 0.3444010416666667 0.48819444444444443 0.07005208333333333 0.11898148148148148
1 0.5220052083333333 0.8946759259259259 0.047135416666666666 0.08287037037037037
1 0.666796875 0.7178240740740741 0.04921875 0.08287037037037037
3 0.5247395833333334 0.5518518518518518 0.053125 0.09722222222222222
3 0.6481770833333333 0.24560185185185185 0.0625 0.06805555555555555
3 0.24453125 0.05324074074074074 0.06927083333333334 0.1037037037037037
3 0.15078125 0.9402777777777778 0.0484375 0.07222222222222222
3 0.58046875 0.6604166666666667 0.05520833333333333 0.11712962962962963