0 0.8173611111111111 0.29506172839506173 0.08194444444444444 0.06666666666666667
1 0.64375 0.44320987654320987 0.05138888888888889 0.08641975308641975
1 0.6819444444444445 0.6333333333333333 0.058333333333333334 0.0962962962962963
1 0.7409722222222223 0.29012345679012347 0.04861111111111111 0.07160493827160494
1 0.3659722222222222 0.35432098765432096 0.04583333333333333 0.06666666666666667
1 0.31666666666666665 0.4012345679012346 0.04722222222222222 0.07654320987654321
1 0.3659722222222222 0.5728395061728395 0.05694444444444444 0.10864197530864197
1 0.5423611111111111 0.33827160493827163 0.04861111111111111 0.08395061728395062
1 0.4395833333333333 0.4728395061728395 0.04583333333333333 0.09135802469135802
1 0.9840277777777777 0.691358024691358 0.03194444444444444 0.08888888888888889
1 0.41458333333333336 0.8271604938271605 0.0375 0.06419753086419754
1 0.8090277777777778 0.13703703703703704 0.0625 0.0962962962962963
1 0.71875 0.1962962962962963 0.0375 0.06172839506172839
3 0.6027777777777777 0.7716049382716049 0.05555555555555555 0.09135802469135802
3 0.8319444444444445 0.5160493827160494 0.06111111111111111 0.08888888888888889
3 0.7826388888888889 0.44938271604938274 0.059722222222222225 0.07901234567901234
3 0.54375 0.9654320987654321 0.06805555555555555 0.0691358024691358
3 0.4673611111111111 0.9197530864197531 0.07083333333333333 0.1111111111111111
3 0.9173611111111111 0.3395061728395062 0.04861111111111111 0.04691358024691358