0 0.45555555555555555 0.8111111111111111 0.16666666666666666 0.25925925925925924
0 0.6402777777777777 0.6925925925925925 0.1361111111111111 0.3333333333333333
0 0.65625 0.2037037037037037 0.07361111111111111 0.18024691358024691
0 0.18680555555555556 0.14938271604938272 0.10694444444444444 0.2839506172839506
1 0.5388888888888889 0.254320987654321 0.10277777777777777 0.17777777777777778
1 0.1076388888888889 0.7604938271604939 0.12361111111111112 0.1580246913580247
1 0.5076388888888889 0.07037037037037037 0.08194444444444444 0.13580246913580246
1 0.06388888888888888 0.9098765432098765 0.125 0.18518518518518517
1 0.5770833333333333 0.04814814814814815 0.08472222222222223 0.09135802469135802
3 0.7527777777777778 0.8098765432098766 0.11666666666666667 0.18765432098765433
3 0.6888888888888889 0.38395061728395063 0.11666666666666667 0.19506172839506172
3 0.5375 0.5728395061728395 0.075 0.1382716049382716
3 0.7923611111111111 0.41728395061728396 0.09861111111111111 0.16296296296296298
3 0.6166666666666667 0.2740740740740741 0.08055555555555556 0.14814814814814814