0 0.29583333333333334 0.6320987654320988 0.18333333333333332 0.1728395061728395
0 0.8159722222222222 0.8320987654320988 0.1625 0.2271604938271605
0 0.22569444444444445 0.23580246913580247 0.11805555555555555 0.1111111111111111
1 0.31805555555555554 0.3074074074074074 0.12222222222222222 0.17037037037037037
1 0.6013888888888889 0.3493827160493827 0.09722222222222222 0.16049382716049382
1 0.5208333333333334 0.16419753086419753 0.09444444444444444 0.17530864197530865
1 0.50625 0.6567901234567901 0.10416666666666667 0.19753086419753085
1 0.44027777777777777 0.4839506172839506 0.08055555555555556 0.15308641975308643
1 0.6916666666666667 0.36790123456790125 0.11388888888888889 0.19753086419753085
1 0.1125 0.5320987654320988 0.13055555555555556 0.16049382716049382
1 0.8027777777777778 0.5530864197530864 0.12777777777777777 0.20246913580246914
1 0.19375 0.8580246913580247 0.15138888888888888 0.254320987654321
1 0.41388888888888886 0.9629629629629629 0.09444444444444444 0.07407407407407407
3 0.4465277777777778 0.2222222222222222 0.09583333333333334 0.14320987654320988