1 0.40555555555555556 0.5407407407407407 0.05 0.08395061728395062
1 0.11319444444444444 0.737037037037037 0.09027777777777778 0.1308641975308642
1 0.19652777777777777 0.3234567901234568 0.05416666666666667 0.07901234567901234
1 0.30833333333333335 0.554320987654321 0.06388888888888888 0.10617283950617284
1 0.2048611111111111 0.6753086419753086 0.07083333333333333 0.08641975308641975
1 0.40902777777777777 0.7518518518518519 0.07083333333333333 0.1259259259259259
1 0.34097222222222223 0.35555555555555557 0.03194444444444444 0.05432098765432099
1 0.40347222222222223 0.6234567901234568 0.05416666666666667 0.09135802469135802
1 0.26458333333333334 0.7530864197530864 0.06805555555555555 0.1037037037037037
1 0.375 0.6444444444444445 0.05277777777777778 0.09876543209876543
1 0.3076388888888889 0.9567901234567902 0.10416666666666667 0.08148148148148149
1 0.2375 0.2975308641975309 0.03611111111111111 0.056790123456790124
1 0.41597222222222224 0.9469135802469136 0.07361111111111111 0.10123456790123457
1 0.1111111111111111 0.20617283950617285 0.05 0.07160493827160494
3 0.44305555555555554 0.6654320987654321 0.05 0.06666666666666667
3 0.19583333333333333 0.4345679012345679 0.058333333333333334 0.05432098765432099
3 0.46041666666666664 0.9679012345679012 0.05416666666666667 0.0691358024691358
1 0.37083333333333335 0.42592592592592593 0.041666666666666664 0.06666666666666667
1 0.32222222222222224 0.32222222222222224 0.030555555555555555 0.05185185185185185
1 0.3013888888888889 0.29506172839506173 0.030555555555555555 0.05185185185185185