1 0.85703125 0.23657407407407408 0.08958333333333333 0.11574074074074074
1 0.47044270833333335 0.7092592592592593 0.05026041666666667 0.07222222222222222
1 0.5536458333333333 0.5611111111111111 0.06666666666666667 0.1
1 0.24270833333333333 0.5081018518518519 0.053125 0.07268518518518519
1 0.10833333333333334 0.14560185185185184 0.07135416666666666 0.11157407407407408
1 0.9294270833333333 0.18194444444444444 0.06875 0.10740740740740741
1 0.98203125 0.19837962962962963 0.034895833333333334 0.09861111111111111
2 0.7813802083333333 0.3733796296296296 0.04088541666666667 0.07083333333333333
3 0.6544270833333333 0.11944444444444445 0.05677083333333333 0.06944444444444445
3 0.6981770833333333 0.8270833333333333 0.06354166666666666 0.11527777777777778
3 0.12408854166666666 0.6682870370370371 0.04088541666666667 0.10046296296296296
1 0.574609375 0.6914351851851852 0.05546875 0.06342592592592593
1 0.3782552083333333 0.9064814814814814 0.054947916666666666 0.08703703703703704
3 0.669921875 0.0525462962962963 0.03463541666666667 0.047685185185185185