1 0.8215277777777777 0.44814814814814813 0.09027777777777778 0.15555555555555556
1 0.91875 0.2037037037037037 0.11805555555555555 0.17530864197530865
1 0.16944444444444445 0.49506172839506174 0.1111111111111111 0.16049382716049382
1 0.25416666666666665 0.23703703703703705 0.08055555555555556 0.13333333333333333
1 0.35347222222222224 0.908641975308642 0.09583333333333334 0.1728395061728395
1 0.2520833333333333 0.737037037037037 0.09305555555555556 0.17530864197530865
1 0.8868055555555555 0.6469135802469136 0.14027777777777778 0.2271604938271605
1 0.5645833333333333 0.7185185185185186 0.13194444444444445 0.2123456790123457
1 0.07708333333333334 0.22469135802469137 0.11527777777777778 0.1728395061728395
1 0.7625 0.9395061728395062 0.1111111111111111 0.11604938271604938
1 0.5375 0.4345679012345679 0.10833333333333334 0.15308641975308643
1 0.7097222222222223 0.29259259259259257 0.12222222222222222 0.145679012345679
1 0.9743055555555555 0.38765432098765434 0.05138888888888889 0.16790123456790124