1 0.5111111111111111 0.7209876543209877 0.10555555555555556 0.16790123456790124
1 0.5375 0.9234567901234568 0.11388888888888889 0.14814814814814814
1 0.3548611111111111 0.08395061728395062 0.10694444444444444 0.15308641975308643
1 0.09097222222222222 0.7691358024691358 0.12361111111111112 0.2
1 0.48819444444444443 0.5135802469135803 0.11527777777777778 0.20246913580246914
1 0.5381944444444444 0.09506172839506173 0.17916666666666667 0.18024691358024691
2 0.8131944444444444 0.7111111111111111 0.10694444444444444 0.19753086419753085
3 0.7923611111111111 0.1111111111111111 0.09027777777777778 0.14320987654320988
3 0.73125 0.5925925925925926 0.11527777777777778 0.16790123456790124
3 0.7583333333333333 0.9024691358024691 0.16111111111111112 0.19506172839506172
3 0.6597222222222222 0.21728395061728395 0.1111111111111111 0.19753086419753085