1 0.3888888888888889 0.6530864197530865 0.09166666666666666 0.16049382716049382
1 0.3638888888888889 0.4185185185185185 0.075 0.1308641975308642
1 0.5194444444444445 0.22098765432098766 0.07777777777777778 0.1259259259259259
1 0.2763888888888889 0.3654320987654321 0.08055555555555556 0.13333333333333333
1 0.6125 0.6222222222222222 0.1 0.1728395061728395
1 0.25 0.16049382716049382 0.06666666666666667 0.11358024691358025
1 0.49444444444444446 0.8888888888888888 0.09722222222222222 0.18765432098765433
1 0.08680555555555555 0.7345679012345679 0.04027777777777778 0.08641975308641975
2 0.43194444444444446 0.24567901234567902 0.07222222222222222 0.12098765432098765
3 0.5270833333333333 0.05925925925925926 0.10694444444444444 0.1037037037037037
3 0.30972222222222223 0.6641975308641975 0.07222222222222222 0.14814814814814814
3 0.7868055555555555 0.2679012345679012 0.08194444444444444 0.1259259259259259
3 0.1486111111111111 0.9444444444444444 0.08055555555555556 0.1111111111111111
3 0.15416666666666667 0.06790123456790123 0.08333333333333333 0.0962962962962963