1 0.15950520833333334 0.8520833333333333 0.03671875 0.05416666666666667
1 0.585546875 0.49236111111111114 0.031510416666666666 0.050462962962962966
1 0.208984375 0.5162037037037037 0.026822916666666665 0.04259259259259259
1 0.4061197916666667 0.5844907407407407 0.03203125 0.05138888888888889
1 0.23776041666666667 0.4740740740740741 0.0296875 0.049074074074074076
1 0.104296875 0.9280092592592593 0.045572916666666664 0.06435185185185185
1 0.5467447916666667 0.32407407407407407 0.02734375 0.04259259259259259
1 0.790234375 0.5310185185185186 0.03411458333333333 0.05555555555555555
1 0.5231770833333333 0.430787037037037 0.028645833333333332 0.047685185185185185
1 0.0234375 0.6599537037037037 0.0375 0.056018518518518516
1 0.17955729166666667 0.41782407407407407 0.04140625 0.05787037037037037
1 0.5555989583333333 0.6212962962962963 0.031510416666666666 0.04814814814814815
1 0.11471354166666667 0.6192129629629629 0.032552083333333336 0.04953703703703704
1 0.3821614583333333 0.33125 0.028385416666666666 0.04490740740740741
1 0.6865885416666667 0.48217592592592595 0.031510416666666666 0.04861111111111111
1 0.28125 0.4652777777777778 0.022916666666666665 0.03981481481481482
1 0.03997395833333333 0.5143518518518518 0.03515625 0.049074074074074076
1 0.34479166666666666 0.41458333333333336 0.025520833333333333 0.038425925925925926
1 0.6341145833333334 0.35555555555555557 0.026041666666666668 0.04259259259259259
1 0.3307291666666667 0.46319444444444446 0.021875 0.034722222222222224
1 0.31171875 0.4162037037037037 0.0234375 0.03611111111111111
1 0.15455729166666668 0.555324074074074 0.02734375 0.04398148148148148
1 0.31419270833333335 0.5805555555555556 0.026302083333333334 0.04259259259259259
1 0.3203125 0.2636574074074074 0.021875 0.04212962962962963
1 0.47213541666666664 0.49398148148148147 0.022916666666666665 0.037037037037037035
1 0.44973958333333336 0.3296296296296296 0.0265625 0.044444444444444446
1 0.2872395833333333 0.274537037037037 0.029166666666666667 0.044444444444444446
3 0.371484375 0.49444444444444446 0.029947916666666668 0.046296296296296294
1 0.41627604166666665 0.40694444444444444 0.019010416666666665 0.028703703703703703
1 0.400390625 0.21805555555555556 0.01796875 0.026851851851851852
1 0.5305989583333334 0.25046296296296294 0.01796875 0.026851851851851852
1 0.5454427083333333 0.24444444444444444 0.01796875 0.026851851851851852
1 0.545703125 0.2652777777777778 0.01796875 0.026851851851851852
1 0.4993489583333333 0.22777777777777777 0.01796875 0.026851851851851852
1 0.5998697916666667 0.27824074074074073 0.01796875 0.026851851851851852
1 0.6149739583333333 0.2726851851851852 0.01796875 0.026851851851851852
1 0.6467447916666667 0.29212962962962963 0.01796875 0.026851851851851852
3 0.4583333333333333 0.2657407407407407 0.022916666666666665 0.028703703703703703
1 0.8333333333333334 0.5064814814814815 0.0234375 0.03333333333333333
1 0.685546875 0.28703703703703703 0.01796875 0.026851851851851852
1 0.7014322916666667 0.30462962962962964 0.01796875 0.026851851851851852
1 0.7860677083333333 0.34305555555555556 0.01796875 0.026851851851851852
1 0.8311197916666667 0.32314814814814813 0.01796875 0.026851851851851852
1 0.8470052083333334 0.33055555555555555 0.01796875 0.026851851851851852