0 0.06458333333333334 0.2802469135802469 0.12361111111111112 0.11604938271604938
0 0.25625 0.8074074074074075 0.0625 0.11851851851851852
1 0.7069444444444445 0.21975308641975308 0.05 0.08888888888888889
1 0.5340277777777778 0.48271604938271606 0.08194444444444444 0.14074074074074075
1 0.1361111111111111 0.6444444444444445 0.11666666666666667 0.18765432098765433
1 0.6319444444444444 0.19012345679012346 0.06111111111111111 0.10864197530864197
1 0.6138888888888889 0.3802469135802469 0.06944444444444445 0.12839506172839507
1 0.3819444444444444 0.5012345679012346 0.10833333333333334 0.17777777777777778
1 0.6506944444444445 0.9555555555555556 0.1125 0.08888888888888889
1 0.17291666666666666 0.8567901234567902 0.13194444444444445 0.2074074074074074
1 0.78125 0.7876543209876543 0.14027777777777778 0.2271604938271605
0 0.6701388888888888 0.682716049382716 0.11527777777777778 0.2740740740740741