0 0.50078125 0.48564814814814816 0.1140625 0.09166666666666666
0 0.45703125 0.5592592592592592 0.05677083333333333 0.1648148148148148
1 0.6213541666666667 0.6699074074074074 0.04895833333333333 0.075
1 0.4921875 0.6611111111111111 0.06041666666666667 0.08888888888888889
1 0.34713541666666664 0.22916666666666666 0.044270833333333336 0.06388888888888888
1 0.43776041666666665 0.35138888888888886 0.043229166666666666 0.0824074074074074
1 0.6036458333333333 0.21574074074074073 0.03854166666666667 0.05925925925925926
1 0.7197916666666667 0.49583333333333335 0.03333333333333333 0.05462962962962963
1 0.029166666666666667 0.38101851851851853 0.04583333333333333 0.06388888888888888
1 0.30572916666666666 0.025925925925925925 0.04375 0.05
1 0.35911458333333335 0.3476851851851852 0.04010416666666667 0.0712962962962963
1 0.22369791666666666 0.15925925925925927 0.03802083333333333 0.05740740740740741
1 0.45859375 0.2712962962962963 0.03697916666666667 0.08703703703703704
1 0.9546875 0.6967592592592593 0.036458333333333336 0.05648148148148148
1 0.2955729166666667 0.31157407407407406 0.0296875 0.062037037037037036
3 0.18619791666666666 0.37037037037037035 0.07760416666666667 0.07777777777777778
3 0.73828125 0.8148148148148148 0.0515625 0.07962962962962963
0 0.77265625 0.7527777777777778 0.1171875 0.18333333333333332
1 0.4630208333333333 0.06018518518518518 0.03854166666666667 0.05925925925925926