1 0.52890625 0.575925925925926 0.0203125 0.03425925925925926
1 0.47369791666666666 0.6289351851851852 0.025 0.04675925925925926
3 0.8532552083333333 0.6497685185185185 0.04609375 0.031018518518518518
3 0.437109375 0.9337962962962963 0.048177083333333336 0.07962962962962963
1 0.24544270833333334 0.8300925925925926 0.03359375 0.04722222222222222
1 0.7875 0.6349537037037037 0.04583333333333333 0.050462962962962966
1 0.8286458333333333 0.5986111111111111 0.027083333333333334 0.040740740740740744
1 0.46315104166666665 0.9550925925925926 0.039322916666666666 0.07314814814814814
1 0.6305989583333333 0.8662037037037037 0.05078125 0.09722222222222222
1 0.583203125 0.7627314814814815 0.047135416666666666 0.07731481481481481
1 0.6984375 0.6328703703703704 0.027083333333333334 0.040740740740740744