0 0.6131944444444445 0.4111111111111111 0.08194444444444444 0.16049382716049382
0 0.9625 0.21975308641975308 0.075 0.1037037037037037
1 0.3861111111111111 0.9308641975308642 0.09166666666666666 0.13333333333333333
1 0.90625 0.06790123456790123 0.10416666666666667 0.1308641975308642
1 0.27361111111111114 0.554320987654321 0.175 0.2740740740740741
1 0.9166666666666666 0.7 0.058333333333333334 0.07654320987654321
1 0.8305555555555556 0.562962962962963 0.08611111111111111 0.10864197530864197
1 0.5361111111111111 0.16049382716049382 0.13055555555555556 0.2271604938271605
2 0.4340277777777778 0.8666666666666667 0.08472222222222223 0.09876543209876543
3 0.8847222222222222 0.2679012345679012 0.08333333333333333 0.145679012345679
3 0.6020833333333333 0.6975308641975309 0.04583333333333333 0.07654320987654321
3 0.24791666666666667 0.8962962962962963 0.0875 0.14320987654320988
3 0.6229166666666667 0.9506172839506173 0.09583333333333334 0.09876543209876543
3 0.08472222222222223 0.8901234567901235 0.10833333333333334 0.16049382716049382
3 0.17083333333333334 0.8765432098765432 0.06666666666666667 0.09382716049382717