1 0.7930555555555555 0.05802469135802469 0.09444444444444444 0.1111111111111111
1 0.1986111111111111 0.5604938271604938 0.08333333333333333 0.12345679012345678
1 0.6430555555555556 0.1345679012345679 0.05555555555555555 0.10617283950617284
1 0.6340277777777777 0.03827160493827161 0.05694444444444444 0.07654320987654321
1 0.7805555555555556 0.2975308641975309 0.06666666666666667 0.11604938271604938
3 0.9451388888888889 0.9296296296296296 0.10416666666666667 0.14074074074074075
3 0.43333333333333335 0.5592592592592592 0.06388888888888888 0.10123456790123457
3 0.12083333333333333 0.8962962962962963 0.07222222222222222 0.12839506172839507
3 0.15486111111111112 0.762962962962963 0.09861111111111111 0.14320987654320988
3 0.08958333333333333 0.4222222222222222 0.09305555555555556 0.15308641975308643
3 0.3798611111111111 0.21975308641975308 0.05694444444444444 0.09382716049382717
3 0.5638888888888889 0.2802469135802469 0.058333333333333334 0.10123456790123457
3 0.0375 0.22962962962962963 0.06111111111111111 0.08395061728395062
3 0.9729166666666667 0.7814814814814814 0.05416666666666667 0.10123456790123457
3 0.9034722222222222 0.040740740740740744 0.0625 0.07654320987654321
3 0.48819444444444443 0.808641975308642 0.06527777777777778 0.11604938271604938
3 0.5847222222222223 0.9012345679012346 0.06666666666666667 0.12345679012345678