1 0.34444444444444444 0.8419753086419753 0.10277777777777777 0.15308641975308643
1 0.6034722222222222 0.18518518518518517 0.05416666666666667 0.09382716049382717
1 0.9451388888888889 0.3654320987654321 0.059722222222222225 0.08888888888888889
1 0.4618055555555556 0.8024691358024691 0.0763888888888889 0.14320987654320988
1 0.64375 0.9419753086419753 0.10972222222222222 0.1111111111111111
1 0.5784722222222223 0.825925925925926 0.07361111111111111 0.11604938271604938
1 0.3388888888888889 0.2419753086419753 0.06944444444444445 0.11851851851851852
1 0.5965277777777778 0.3074074074074074 0.0625 0.1111111111111111
1 0.28958333333333336 0.06419753086419754 0.07083333333333333 0.11358024691358025
1 0.46041666666666664 0.25308641975308643 0.05694444444444444 0.0962962962962963
1 0.8527777777777777 0.5407407407407407 0.08888888888888889 0.1580246913580247
1 0.41944444444444445 0.1962962962962963 0.06666666666666667 0.1111111111111111
1 0.425 0.05185185185185185 0.06388888888888888 0.09876543209876543