0 0.8513888888888889 0.8308641975308642 0.08611111111111111 0.18518518518518517
1 0.7868055555555555 0.3530864197530864 0.0625 0.09876543209876543
1 0.4979166666666667 0.6925925925925925 0.05416666666666667 0.10617283950617284
1 0.6333333333333333 0.5172839506172839 0.05555555555555555 0.09135802469135802
1 0.2965277777777778 0.8469135802469135 0.0625 0.10864197530864197
1 0.08819444444444445 0.8753086419753087 0.09027777777777778 0.13580246913580246
1 0.8055555555555556 0.19753086419753085 0.06388888888888888 0.10864197530864197
1 0.3111111111111111 0.4765432098765432 0.03888888888888889 0.0691358024691358
1 0.5708333333333333 0.1728395061728395 0.03888888888888889 0.06419753086419754
1 0.7180555555555556 0.02345679012345679 0.044444444444444446 0.04197530864197531
1 0.9673611111111111 0.6197530864197531 0.06527777777777778 0.12345679012345678
1 0.425 0.1728395061728395 0.03888888888888889 0.07407407407407407
1 0.28125 0.4580246913580247 0.04583333333333333 0.06172839506172839
1 0.3541666666666667 0.20617283950617285 0.03333333333333333 0.06172839506172839
3 0.14722222222222223 0.9296296296296296 0.06388888888888888 0.09135802469135802
3 0.3298611111111111 0.5691358024691358 0.059722222222222225 0.07160493827160494
3 0.975 0.7691358024691358 0.05 0.09135802469135802
3 0.41805555555555557 0.6358024691358025 0.058333333333333334 0.08148148148148149
3 0.06875 0.9753086419753086 0.05138888888888889 0.04938271604938271
3 0.9319444444444445 0.17530864197530865 0.11666666666666667 0.10864197530864197