0 0.42083333333333334 0.43580246913580245 0.058333333333333334 0.22469135802469137
1 0.3819444444444444 0.6691358024691358 0.10833333333333334 0.18765432098765433
1 0.5270833333333333 0.22098765432098766 0.09027777777777778 0.17037037037037037
1 0.8048611111111111 0.917283950617284 0.1486111111111111 0.16049382716049382
1 0.4701388888888889 0.5567901234567901 0.09861111111111111 0.13580246913580246
1 0.6951388888888889 0.7395061728395061 0.1625 0.27901234567901234
1 0.8895833333333333 0.6580246913580247 0.1597222222222222 0.2345679012345679
1 0.2659722222222222 0.38765432098765434 0.0875 0.12839506172839507
1 0.275 0.3012345679012346 0.07777777777777778 0.1037037037037037
1 0.3958333333333333 0.9481481481481482 0.075 0.09876543209876543
1 0.04236111111111111 0.11358024691358025 0.07083333333333333 0.11358024691358025
1 0.5423611111111111 0.9 0.18472222222222223 0.19012345679012346
3 0.7472222222222222 0.43950617283950616 0.1111111111111111 0.2123456790123457
3 0.8256944444444444 0.508641975308642 0.10416666666666667 0.1580246913580247
3 0.7340277777777777 0.10246913580246914 0.10416666666666667 0.1506172839506173
3 0.9270833333333334 0.291358024691358 0.14305555555555555 0.2222222222222222
3 0.4173611111111111 0.11481481481481481 0.06805555555555555 0.1654320987654321
3 0.8611111111111112 0.08641975308641975 0.15833333333333333 0.16790123456790124
3 0.5090277777777777 0.4703703703703704 0.0763888888888889 0.11604938271604938
3 0.9465277777777777 0.11358024691358025 0.10416666666666667 0.2123456790123457
3 0.4111111111111111 0.26049382716049385 0.08055555555555556 0.12098765432098765
3 0.6125 0.7382716049382716 0.075 0.1382716049382716
3 0.7520833333333333 0.5888888888888889 0.11805555555555555 0.145679012345679