1 0.93359375 0.4412037037037037 0.05572916666666667 0.08981481481481482
1 0.6447916666666667 0.6407407407407407 0.051041666666666666 0.08333333333333333
1 0.8143229166666667 0.7722222222222223 0.04635416666666667 0.07962962962962963
1 0.7934895833333333 0.5287037037037037 0.04114583333333333 0.07962962962962963
1 0.4786458333333333 0.6615740740740741 0.040625 0.07685185185185185
1 0.378125 0.37962962962962965 0.03333333333333333 0.05740740740740741
1 0.8247395833333333 0.6611111111111111 0.0484375 0.07962962962962963
1 0.3502604166666667 0.8675925925925926 0.0453125 0.08148148148148149
1 0.40208333333333335 0.8245370370370371 0.04479166666666667 0.07685185185185185
1 0.9466145833333334 0.31574074074074077 0.0515625 0.08703703703703704
1 0.5473958333333333 0.9722222222222222 0.05416666666666667 0.053703703703703705
1 0.36015625 0.30833333333333335 0.0296875 0.04814814814814815
1 0.6682291666666667 0.5453703703703704 0.0375 0.04814814814814815
1 0.013802083333333333 0.5513888888888889 0.0265625 0.06944444444444445
1 0.29296875 0.22962962962962963 0.030729166666666665 0.05185185185185185
1 0.9653645833333333 0.15231481481481482 0.0390625 0.058333333333333334
1 0.83046875 0.24768518518518517 0.0265625 0.05092592592592592
3 0.96875 0.9611111111111111 0.059375 0.07222222222222222
1 0.4002604166666667 0.29907407407407405 0.030729166666666665 0.05185185185185185
1 0.28098958333333335 0.14814814814814814 0.030729166666666665 0.05185185185185185
1 0.85390625 0.19490740740740742 0.0265625 0.05092592592592592
1 0.8122395833333333 0.21898148148148147 0.0265625 0.05092592592592592