1 0.17239583333333333 0.5344907407407408 0.035416666666666666 0.05324074074074074
1 0.16484375 0.7907407407407407 0.03802083333333333 0.06018518518518518
1 0.41067708333333336 0.4636574074074074 0.027083333333333334 0.04583333333333333
1 0.5891927083333334 0.2935185185185185 0.02890625 0.04351851851851852
1 0.191015625 0.9243055555555556 0.039322916666666666 0.06620370370370371
1 0.7126302083333333 0.5196759259259259 0.029427083333333333 0.047685185185185185
1 0.733203125 0.5611111111111111 0.03203125 0.049074074074074076
1 0.47578125 0.5407407407407407 0.033854166666666664 0.05648148148148148
1 0.6997395833333333 0.40162037037037035 0.024479166666666666 0.043055555555555555
1 0.8045572916666667 0.4428240740740741 0.026822916666666665 0.04490740740740741
1 0.7231770833333333 0.4636574074074074 0.021875 0.038425925925925926
1 0.23059895833333333 0.6953703703703704 0.03463541666666667 0.053703703703703705
1 0.7955729166666666 0.5465277777777777 0.029166666666666667 0.043055555555555555
1 0.5236979166666667 0.3333333333333333 0.0265625 0.040740740740740744
3 0.09205729166666667 0.5594907407407408 0.029427083333333333 0.0412037037037037
1 0.7561197916666667 0.3363425925925926 0.026822916666666665 0.04490740740740741
1 0.707421875 0.29930555555555555 0.026822916666666665 0.04490740740740741
1 0.667578125 0.3104166666666667 0.026822916666666665 0.04490740740740741
1 0.8186197916666667 0.3298611111111111 0.026822916666666665 0.04490740740740741
1 0.8291666666666667 0.28912037037037036 0.0203125 0.03657407407407407
1 0.8774739583333333 0.31180555555555556 0.026822916666666665 0.04490740740740741
1 0.901953125 0.3798611111111111 0.026822916666666665 0.04490740740740741
1 0.9360677083333333 0.24837962962962962 0.026822916666666665 0.04490740740740741
1 0.9670572916666667 0.30162037037037037 0.026822916666666665 0.04490740740740741
1 0.9595052083333333 0.21689814814814815 0.026822916666666665 0.04490740740740741
1 0.8154947916666667 0.2423611111111111 0.026822916666666665 0.04490740740740741
1 0.7977864583333333 0.2224537037037037 0.026822916666666665 0.04490740740740741
1 0.7391927083333333 0.21689814814814815 0.026822916666666665 0.04490740740740741
1 0.6483072916666667 0.25254629629629627 0.026822916666666665 0.04490740740740741
1 0.446875 0.3849537037037037 0.027083333333333334 0.04583333333333333
1 0.37916666666666665 0.38680555555555557 0.027083333333333334 0.04583333333333333
1 0.3541666666666667 0.38680555555555557 0.027083333333333334 0.04583333333333333
1 0.365625 0.11550925925925926 0.027083333333333334 0.04583333333333333
1 0.30364583333333334 0.0775462962962963 0.027083333333333334 0.04583333333333333
3 0.8567708333333334 0.5060185185185185 0.028645833333333332 0.04537037037037037