1 0.6013888888888889 0.22839506172839505 0.05277777777777778 0.0962962962962963
1 0.39444444444444443 0.6851851851851852 0.05555555555555555 0.12098765432098765
1 0.7791666666666667 0.08271604938271605 0.06666666666666667 0.11604938271604938
1 0.53125 0.7061728395061728 0.0625 0.11358024691358025
1 0.4930555555555556 0.10864197530864197 0.044444444444444446 0.08395061728395062
1 0.5805555555555556 0.7049382716049383 0.03611111111111111 0.06666666666666667
1 0.42916666666666664 0.21481481481481482 0.04722222222222222 0.07407407407407407
1 0.5590277777777778 0.3037037037037037 0.0375 0.08395061728395062
1 0.13402777777777777 0.3851851851851852 0.07916666666666666 0.08888888888888889
1 0.41597222222222224 0.9185185185185185 0.04027777777777778 0.08395061728395062
1 0.40347222222222223 0.12839506172839507 0.04027777777777778 0.0691358024691358
3 0.26944444444444443 0.908641975308642 0.09722222222222222 0.1728395061728395
3 0.30486111111111114 0.7234567901234568 0.059722222222222225 0.11851851851851852
3 0.6902777777777778 0.4691358024691358 0.06388888888888888 0.11358024691358025
3 0.8458333333333333 0.5950617283950618 0.06111111111111111 0.08395061728395062
3 0.49444444444444446 0.5111111111111111 0.05277777777777778 0.09382716049382717
3 0.4361111111111111 0.7061728395061728 0.05 0.09876543209876543
3 0.3958333333333333 0.4666666666666667 0.05 0.08888888888888889