1 0.19505208333333332 0.17916666666666667 0.044270833333333336 0.06481481481481481
1 0.3533854166666667 0.5138888888888888 0.04583333333333333 0.07037037037037037
1 0.17291666666666666 0.6354166666666666 0.0453125 0.0699074074074074
1 0.214453125 0.5819444444444445 0.04088541666666667 0.06296296296296296
1 0.5763020833333333 0.43125 0.03125 0.04583333333333333
1 0.255859375 0.1761574074074074 0.03411458333333333 0.05324074074074074
1 0.46067708333333335 0.27569444444444446 0.03125 0.050462962962962966
1 0.5069010416666667 0.4564814814814815 0.02890625 0.053703703703703705
1 0.504296875 0.20717592592592593 0.029427083333333333 0.04583333333333333
1 0.41796875 0.1224537037037037 0.030208333333333334 0.04490740740740741
1 0.2552083333333333 0.3592592592592593 0.033854166666666664 0.05092592592592592
1 0.6296875 0.47314814814814815 0.028125 0.046296296296296294
1 0.47942708333333334 0.14652777777777778 0.030208333333333334 0.052314814814814814
1 0.68359375 0.3418981481481482 0.030729166666666665 0.05138888888888889
1 0.040755208333333334 0.3594907407407407 0.04348958333333333 0.06157407407407407
1 0.6415364583333333 0.3296296296296296 0.022135416666666668 0.03888888888888889
1 0.320703125 0.33611111111111114 0.032552083333333336 0.05555555555555555
1 0.5774739583333334 0.22662037037037036 0.02265625 0.03935185185185185
3 0.21028645833333334 0.2833333333333333 0.05286458333333333 0.04351851851851852
3 0.199609375 0.43194444444444446 0.03359375 0.044444444444444446
1 0.5287760416666667 0.4699074074074074 0.023177083333333334 0.040740740740740744
1 0.7106770833333333 0.5368055555555555 0.022395833333333334 0.03287037037037037
1 0.7890625 0.5192129629629629 0.022395833333333334 0.03287037037037037
1 0.812109375 0.5076388888888889 0.01484375 0.02638888888888889
1 0.885546875 0.49189814814814814 0.01484375 0.02638888888888889
1 0.8990885416666666 0.46875 0.01484375 0.02638888888888889
1 0.886328125 0.3997685185185185 0.018489583333333334 0.029166666666666667
1 0.7618489583333333 0.40532407407407406 0.018489583333333334 0.029166666666666667
1 0.7779947916666666 0.37800925925925927 0.018489583333333334 0.029166666666666667
1 0.7623697916666666 0.2900462962962963 0.018489583333333334 0.029166666666666667
1 0.8009114583333333 0.3164351851851852 0.015885416666666666 0.020833333333333332
1 0.7944010416666667 0.27847222222222223 0.015885416666666666 0.020833333333333332
1 0.8201822916666667 0.28587962962962965 0.015885416666666666 0.020833333333333332
1 0.862890625 0.33819444444444446 0.015885416666666666 0.020833333333333332
1 0.848828125 0.3599537037037037 0.015885416666666666 0.020833333333333332
1 0.9126302083333333 0.368287037037037 0.015885416666666666 0.020833333333333332
1 0.843359375 0.34375 0.012760416666666666 0.016203703703703703
1 0.85703125 0.4462962962962963 0.016145833333333335 0.024074074074074074
1 0.6048177083333334 0.3349537037037037 0.019010416666666665 0.02638888888888889
1 0.6227864583333333 0.274537037037037 0.020572916666666666 0.03518518518518519
1 0.65703125 0.25810185185185186 0.019270833333333334 0.03564814814814815
1 0.6194010416666667 0.22662037037037036 0.02265625 0.03657407407407407
1 0.5981770833333333 0.26273148148148145 0.019270833333333334 0.034722222222222224
1 0.6372395833333333 0.19328703703703703 0.019270833333333334 0.03564814814814815
1 0.5966145833333333 0.1824074074074074 0.017708333333333333 0.026851851851851852
1 0.5630208333333333 0.15 0.017708333333333333 0.026851851851851852
1 0.55078125 0.1875 0.017708333333333333 0.026851851851851852
1 0.684375 0.12546296296296297 0.017708333333333333 0.026851851851851852
1 0.6467447916666667 0.1300925925925926 0.015364583333333333 0.023148148148148147
1 0.3919270833333333 0.07361111111111111 0.020833333333333332 0.03888888888888889
1 0.4591145833333333 0.06620370370370371 0.028645833333333332 0.04722222222222222
1 0.37109375 0.018287037037037036 0.0234375 0.03287037037037037