0 0.678125 0.899537037037037 0.11354166666666667 0.175
1 0.1484375 0.4310185185185185 0.05625 0.0824074074074074
1 0.3815104166666667 0.22314814814814815 0.04114583333333333 0.06481481481481481
1 0.3731770833333333 0.6314814814814815 0.0640625 0.1
1 0.1484375 0.8949074074074074 0.059375 0.08981481481481482
1 0.0765625 0.3726851851851852 0.04375 0.06574074074074074
1 0.5619791666666667 0.549537037037037 0.0375 0.06018518518518518
1 0.07708333333333334 0.4583333333333333 0.05625 0.08888888888888889
1 0.6395833333333333 0.9152777777777777 0.053125 0.08796296296296297
1 0.48828125 0.4393518518518518 0.0484375 0.0787037037037037
1 0.9614583333333333 0.8143518518518519 0.040625 0.06944444444444445
1 0.709375 0.6439814814814815 0.030208333333333334 0.05462962962962963
1 0.7169270833333333 0.5796296296296296 0.03697916666666667 0.05740740740740741
1 0.5205729166666667 0.5268518518518519 0.0390625 0.07592592592592592
3 0.7846354166666667 0.7513888888888889 0.0546875 0.08055555555555556
3 0.7901041666666667 0.6925925925925925 0.06458333333333334 0.07777777777777778
3 0.9080729166666667 0.7851851851851852 0.10052083333333334 0.14074074074074075