0 0.4951388888888889 0.7185185185185186 0.10694444444444444 0.12345679012345678
0 0.6402777777777777 0.5555555555555556 0.06388888888888888 0.1382716049382716
1 0.22083333333333333 0.5259259259259259 0.1 0.1382716049382716
1 0.5166666666666667 0.8308641975308642 0.10833333333333334 0.19012345679012346
1 0.8423611111111111 0.6246913580246913 0.09861111111111111 0.1382716049382716
1 0.7819444444444444 0.9222222222222223 0.11388888888888889 0.1506172839506173
1 0.5986111111111111 0.29012345679012347 0.07777777777777778 0.1308641975308642
1 0.6618055555555555 0.8592592592592593 0.1125 0.17777777777777778
1 0.7805555555555556 0.745679012345679 0.09444444444444444 0.14320987654320988
1 0.725 0.3617283950617284 0.07222222222222222 0.11604938271604938
1 0.7340277777777777 0.04691358024691358 0.07361111111111111 0.08888888888888889
1 0.5763888888888888 0.10740740740740741 0.06111111111111111 0.1111111111111111
1 0.07013888888888889 0.5222222222222223 0.09583333333333334 0.1506172839506173
1 0.40208333333333335 0.4876543209876543 0.07361111111111111 0.12098765432098765
1 0.7381944444444445 0.5802469135802469 0.09305555555555556 0.12345679012345678
1 0.4166666666666667 0.8938271604938272 0.07222222222222222 0.11851851851851852
1 0.8708333333333333 0.13209876543209875 0.06944444444444445 0.12098765432098765
1 0.7583333333333333 0.1419753086419753 0.06666666666666667 0.1111111111111111
1 0.8097222222222222 0.3358024691358025 0.06666666666666667 0.11358024691358025
1 0.975 0.9197530864197531 0.05 0.16049382716049382
1 0.9381944444444444 0.2111111111111111 0.09027777777777778 0.15555555555555556
1 0.49930555555555556 0.9679012345679012 0.08194444444444444 0.05925925925925926
3 0.3326388888888889 0.9246913580246914 0.09583333333333334 0.1506172839506173
3 0.05416666666666667 0.7716049382716049 0.10833333333333334 0.21481481481481482
3 0.6361111111111111 0.6777777777777778 0.07222222222222222 0.0962962962962963