1 0.7885416666666667 0.27870370370370373 0.0625 0.09259259259259259
1 0.06354166666666666 0.14629629629629629 0.04583333333333333 0.07407407407407407
1 0.33307291666666666 0.4013888888888889 0.0484375 0.07685185185185185
1 0.5466145833333333 0.4736111111111111 0.0453125 0.06944444444444445
1 0.09765625 0.4212962962962963 0.050520833333333334 0.07407407407407407
1 0.5455729166666666 0.3925925925925926 0.04010416666666667 0.06296296296296296
1 0.9760416666666667 0.3597222222222222 0.046875 0.08796296296296297
1 0.6497395833333334 0.462037037037037 0.0546875 0.09074074074074075
1 0.6471354166666666 0.40555555555555556 0.050520833333333334 0.07777777777777778
1 0.013802083333333333 0.12222222222222222 0.0265625 0.09074074074074075
1 0.6796875 0.14444444444444443 0.0375 0.06666666666666667
1 0.4361979166666667 0.3925925925925926 0.03697916666666667 0.06111111111111111
1 0.31796875 0.3587962962962963 0.0390625 0.06574074074074074
1 0.4122395833333333 0.03009259259259259 0.0390625 0.058333333333333334
1 0.7106770833333333 0.2412037037037037 0.03802083333333333 0.062037037037037036
1 0.8330729166666667 0.21712962962962962 0.04635416666666667 0.08981481481481482
3 0.08880208333333334 0.7606481481481482 0.06927083333333334 0.09351851851851851
3 0.415625 0.7662037037037037 0.051041666666666666 0.062037037037037036
3 0.4583333333333333 0.7222222222222222 0.07291666666666667 0.09074074074074075
1 0.40859375 0.08333333333333333 0.0390625 0.05925925925925926
1 0.42421875 0.15648148148148147 0.0390625 0.05925925925925926