1 0.7013888888888888 0.6407407407407407 0.10555555555555556 0.1506172839506173
1 0.40902777777777777 0.5950617283950618 0.0875 0.1382716049382716
1 0.5159722222222223 0.14444444444444443 0.04583333333333333 0.0962962962962963
1 0.1076388888888889 0.6271604938271605 0.0763888888888889 0.1037037037037037
1 0.9645833333333333 0.8716049382716049 0.07083333333333333 0.11358024691358025
1 0.9708333333333333 0.4148148148148148 0.058333333333333334 0.11358024691358025
1 0.9305555555555556 0.5246913580246914 0.058333333333333334 0.10123456790123457
1 0.018055555555555554 0.682716049382716 0.03611111111111111 0.11604938271604938
3 0.7576388888888889 0.8654320987654321 0.09027777777777778 0.14074074074074075
3 0.5416666666666666 0.7518518518518519 0.07777777777777778 0.09135802469135802
3 0.6118055555555556 0.6641975308641975 0.07916666666666666 0.09876543209876543
3 0.5701388888888889 0.5617283950617284 0.05694444444444444 0.06666666666666667
3 0.875 0.4580246913580247 0.06111111111111111 0.08148148148148149