1 0.7372395833333333 0.03958333333333333 0.05520833333333333 0.07268518518518519
1 0.2657552083333333 0.45393518518518516 0.05911458333333333 0.08287037037037037
1 0.5671875 0.14074074074074075 0.05 0.1037037037037037
1 0.8109375 0.35532407407407407 0.07864583333333333 0.11064814814814815
1 0.4864583333333333 0.046296296296296294 0.0515625 0.08888888888888889
1 0.28606770833333334 0.0349537037037037 0.06953125 0.06712962962962964
1 0.45755208333333336 0.9576388888888889 0.08177083333333333 0.08009259259259259
1 0.19934895833333333 0.39560185185185187 0.06796875 0.09398148148148149
1 0.08033854166666667 0.31689814814814815 0.07057291666666667 0.11342592592592593
1 0.23932291666666666 0.22152777777777777 0.06041666666666667 0.1162037037037037
3 0.5837239583333333 0.059953703703703703 0.03463541666666667 0.10231481481481482
3 0.5295572916666667 0.19814814814814816 0.04453125 0.0962962962962963
1 0.171484375 0.03680555555555556 0.046614583333333334 0.07268518518518519
3 0.5845052083333333 0.3189814814814815 0.04192708333333333 0.05