0 0.7597222222222222 0.782716049382716 0.058333333333333334 0.15308641975308643
1 0.11597222222222223 0.8617283950617284 0.05416666666666667 0.09876543209876543
1 0.49930555555555556 0.48641975308641977 0.05138888888888889 0.1037037037037037
1 0.42291666666666666 0.3469135802469136 0.04583333333333333 0.07160493827160494
1 0.2375 0.9419753086419753 0.08611111111111111 0.10617283950617284
1 0.7083333333333334 0.12345679012345678 0.041666666666666664 0.0691358024691358
1 0.05486111111111111 0.8950617283950617 0.04861111111111111 0.08641975308641975
1 0.4111111111111111 0.7925925925925926 0.06111111111111111 0.11358024691358025
1 0.47708333333333336 0.2074074074074074 0.0375 0.05925925925925926
1 0.8354166666666667 0.08765432098765433 0.05138888888888889 0.07654320987654321
1 0.9229166666666667 0.5111111111111111 0.07083333333333333 0.10864197530864197
3 0.6958333333333333 0.6135802469135803 0.06388888888888888 0.0962962962962963
3 0.8659722222222223 0.6790123456790124 0.0763888888888889 0.08395061728395062