1 0.2772135416666667 0.5261574074074075 0.04401041666666667 0.08009259259259259
1 0.619140625 0.65625 0.04192708333333333 0.07175925925925926
1 0.5790364583333333 0.7094907407407407 0.04609375 0.07453703703703704
1 0.7912760416666667 0.5143518518518518 0.048177083333333336 0.0787037037037037
1 0.6095052083333333 0.5835648148148148 0.038802083333333334 0.06712962962962964
1 0.6015625 0.8831018518518519 0.06822916666666666 0.12731481481481483
1 0.182421875 0.7759259259259259 0.05390625 0.0824074074074074
1 0.8108072916666667 0.6481481481481481 0.06015625 0.09259259259259259
1 0.5920572916666667 0.8148148148148148 0.06015625 0.06944444444444445
1 0.294921875 0.28564814814814815 0.03411458333333333 0.06574074074074074
3 0.3907552083333333 0.7435185185185185 0.061197916666666664 0.07407407407407407
3 0.784375 0.6127314814814815 0.05520833333333333 0.07916666666666666
3 0.8223958333333333 0.5636574074074074 0.030729166666666665 0.04953703703703704