1 0.4329427083333333 0.6296296296296297 0.038802083333333334 0.06111111111111111
1 0.09231770833333333 0.6266203703703703 0.037760416666666664 0.059722222222222225
1 0.19270833333333334 0.5935185185185186 0.034375 0.05462962962962963
1 0.3229166666666667 0.5800925925925926 0.03177083333333333 0.058333333333333334
1 0.17005208333333333 0.33310185185185187 0.025 0.0412037037037037
1 0.671875 0.5254629629629629 0.021354166666666667 0.04351851851851852
1 0.40716145833333334 0.36736111111111114 0.01640625 0.02638888888888889
1 0.14270833333333333 0.32546296296296295 0.0265625 0.04259259259259259
1 0.046875 0.5388888888888889 0.030729166666666665 0.053703703703703705
1 0.9063802083333333 0.4252314814814815 0.02890625 0.04675925925925926
3 0.483984375 0.5224537037037037 0.026822916666666665 0.03657407407407407
1 0.3951822916666667 0.35856481481481484 0.01640625 0.02638888888888889
1 0.3834635416666667 0.34328703703703706 0.01640625 0.02638888888888889
1 0.307421875 0.3145833333333333 0.01640625 0.02638888888888889
1 0.305859375 0.2831018518518518 0.01640625 0.02638888888888889
1 0.317578125 0.11875 0.01640625 0.02638888888888889
1 0.2618489583333333 0.1863425925925926 0.01640625 0.02638888888888889
1 0.250390625 0.2025462962962963 0.01640625 0.02638888888888889
1 0.32330729166666666 0.3886574074074074 0.01640625 0.02638888888888889
3 0.5654947916666667 0.5914351851851852 0.026822916666666665 0.03657407407407407
1 0.22786458333333334 0.5333333333333333 0.034375 0.05462962962962963