0 0.2359375 0.32083333333333336 0.07864583333333333 0.06111111111111111
1 0.17721354166666667 0.2875 0.04505208333333333 0.05740740740740741
1 0.34127604166666664 0.5402777777777777 0.053385416666666664 0.0824074074074074
1 0.48776041666666664 0.6219907407407408 0.04895833333333333 0.07361111111111111
1 0.41432291666666665 0.4752314814814815 0.04010416666666667 0.06805555555555555
1 0.13841145833333332 0.7532407407407408 0.08723958333333333 0.13333333333333333
1 0.5114583333333333 0.36689814814814814 0.0375 0.0587962962962963
1 0.7022135416666667 0.5546296296296296 0.03307291666666667 0.053703703703703705
1 0.21510416666666668 0.4474537037037037 0.042708333333333334 0.06898148148148148
1 0.33424479166666665 0.28425925925925927 0.03567708333333333 0.05277777777777778
1 0.6423177083333333 0.3347222222222222 0.02734375 0.04537037037037037
1 0.7188802083333333 0.46064814814814814 0.02578125 0.04259259259259259
1 0.6716145833333333 0.4233796296296296 0.021354166666666667 0.03935185185185185
1 0.56875 0.25069444444444444 0.022395833333333334 0.03657407407407407
1 0.740234375 0.5111111111111111 0.020572916666666666 0.03425925925925926
1 0.012369791666666666 0.6983796296296296 0.02421875 0.11712962962962963
1 0.337109375 0.21481481481481482 0.026302083333333334 0.03518518518518519
1 0.741796875 0.43425925925925923 0.016927083333333332 0.03611111111111111
3 0.14700520833333333 0.5215277777777778 0.09244791666666667 0.10601851851851851
3 0.33125 0.33287037037037037 0.04375 0.041666666666666664
3 0.08072916666666667 0.5965277777777778 0.07760416666666667 0.09675925925925925
3 0.5834635416666667 0.3525462962962963 0.029427083333333333 0.04953703703703704
1 0.5481770833333334 0.2574074074074074 0.015104166666666667 0.02962962962962963