1 0.503125 0.8050925925925926 0.05520833333333333 0.08796296296296297
1 0.43020833333333336 0.7671296296296296 0.041666666666666664 0.058333333333333334
1 0.18255208333333334 0.9282407407407407 0.059895833333333336 0.09351851851851851
1 0.19140625 0.8768518518518519 0.0453125 0.06296296296296296
3 0.6049479166666667 0.8689814814814815 0.06197916666666667 0.10648148148148148
3 0.484375 0.961574074074074 0.06770833333333333 0.06388888888888888
3 0.8645833333333334 0.7930555555555555 0.07708333333333334 0.125
3 0.3828125 0.9569444444444445 0.06354166666666666 0.06018518518518518
3 0.5645833333333333 0.8449074074074074 0.05625 0.0712962962962963
3 0.8942708333333333 0.9513888888888888 0.084375 0.09351851851851851
0 0.6950520833333333 0.7587962962962963 0.07864583333333333 0.05462962962962963