0 0.6944444444444444 0.1962962962962963 0.06388888888888888 0.14074074074074075
0 0.6326388888888889 0.6530864197530865 0.08194444444444444 0.08148148148148149
1 0.8868055555555555 0.28641975308641976 0.09583333333333334 0.15308641975308643
1 0.4673611111111111 0.937037037037037 0.10972222222222222 0.1259259259259259
1 0.5819444444444445 0.8209876543209876 0.1 0.19506172839506172
1 0.11388888888888889 0.7753086419753087 0.11388888888888889 0.18271604938271604
1 0.5798611111111112 0.09753086419753086 0.04861111111111111 0.07160493827160494
1 0.050694444444444445 0.04814814814814815 0.09861111111111111 0.09135802469135802
1 0.25 0.9271604938271605 0.06944444444444445 0.1259259259259259
1 0.46041666666666664 0.2580246913580247 0.0625 0.13580246913580246
3 0.4965277777777778 0.7765432098765432 0.10138888888888889 0.17037037037037037
3 0.4125 0.6185185185185185 0.058333333333333334 0.07654320987654321
3 0.5694444444444444 0.48148148148148145 0.06111111111111111 0.07407407407407407
3 0.725 0.6864197530864198 0.08333333333333333 0.11358024691358025
3 0.20902777777777778 0.8876543209876543 0.059722222222222225 0.0962962962962963
3 0.24027777777777778 0.6271604938271605 0.06388888888888888 0.1037037037037037
3 0.5145833333333333 0.46296296296296297 0.04583333333333333 0.06666666666666667