0 0.43472222222222223 0.5037037037037037 0.09444444444444444 0.23703703703703705
0 0.34930555555555554 0.43209876543209874 0.12361111111111112 0.10864197530864197
0 0.9305555555555556 0.5604938271604938 0.1361111111111111 0.17777777777777778
0 0.2263888888888889 0.8407407407407408 0.15 0.1654320987654321
0 0.43125 0.2123456790123457 0.10694444444444444 0.1037037037037037
0 0.1388888888888889 0.7123456790123457 0.09722222222222222 0.18518518518518517
0 0.7166666666666667 0.8197530864197531 0.14166666666666666 0.1925925925925926
0 0.6875 0.7654320987654321 0.20277777777777778 0.30617283950617286
0 0.5340277777777778 0.7864197530864198 0.1597222222222222 0.18024691358024691
0 0.2791666666666667 0.5419753086419753 0.17777777777777778 0.13580246913580246
0 0.5256944444444445 0.2679012345679012 0.09305555555555556 0.08148148148148149
0 0.34097222222222223 0.3012345679012346 0.10972222222222222 0.10864197530864197
0 0.6958333333333333 0.391358024691358 0.13333333333333333 0.145679012345679
0 0.46458333333333335 0.19012345679012346 0.05416666666666667 0.14814814814814814
0 0.36180555555555555 0.3530864197530864 0.10972222222222222 0.12345679012345678
0 0.4652777777777778 0.05555555555555555 0.09722222222222222 0.08641975308641975
0 0.1673611111111111 0.6148148148148148 0.07916666666666666 0.14814814814814814
0 0.575 0.691358024691358 0.125 0.1925925925925926
1 0.36944444444444446 0.7086419753086419 0.1 0.16790123456790124
1 0.8625 0.2679012345679012 0.09444444444444444 0.10123456790123457
1 0.5388888888888889 0.9061728395061729 0.10555555555555556 0.18271604938271604
1 0.44513888888888886 0.3308641975308642 0.0875 0.12839506172839507
1 0.6909722222222222 0.5098765432098765 0.10416666666666667 0.18518518518518517
1 0.5166666666666667 0.1654320987654321 0.07222222222222222 0.10864197530864197
1 0.5833333333333334 0.391358024691358 0.09444444444444444 0.145679012345679
1 0.5986111111111111 0.44938271604938274 0.11388888888888889 0.19753086419753085
1 0.38472222222222224 0.391358024691358 0.06666666666666667 0.07160493827160494
2 0.21458333333333332 0.6617283950617284 0.1125 0.14320987654320988
2 0.9034722222222222 0.3765432098765432 0.13194444444444445 0.1654320987654321
2 0.5097222222222222 0.4580246913580247 0.08333333333333333 0.13580246913580246
2 0.6430555555555556 0.22592592592592592 0.1 0.16049382716049382
2 0.6256944444444444 0.908641975308642 0.10972222222222222 0.18765432098765433
2 0.8472222222222222 0.5382716049382716 0.12777777777777777 0.1728395061728395
2 0.4111111111111111 0.10740740740740741 0.06388888888888888 0.08641975308641975
2 0.5111111111111111 0.337037037037037 0.06666666666666667 0.10123456790123457
2 0.6854166666666667 0.29259259259259257 0.0763888888888889 0.1259259259259259
2 0.5916666666666667 0.16296296296296298 0.075 0.09382716049382717
2 0.7875 0.46296296296296297 0.09166666666666666 0.145679012345679
2 0.5777777777777777 0.2975308641975309 0.08611111111111111 0.10123456790123457
2 0.925 0.8728395061728395 0.1527777777777778 0.25925925925925924
2 0.4652777777777778 0.05432098765432099 0.09722222222222222 0.08888888888888889
2 0.35347222222222224 0.1271604938271605 0.06527777777777778 0.09135802469135802
2 0.7388888888888889 0.49135802469135803 0.06944444444444445 0.16296296296296298
2 0.49236111111111114 0.10864197530864197 0.059722222222222225 0.06419753086419754
2 0.4111111111111111 0.2641975308641975 0.08055555555555556 0.08888888888888889
3 0.9555555555555556 0.2222222222222222 0.08611111111111111 0.13333333333333333
3 0.7902777777777777 0.717283950617284 0.18333333333333332 0.2938271604938272
3 0.775 0.2691358024691358 0.1111111111111111 0.15308641975308643