0 0.66875 0.4925925925925926 0.09861111111111111 0.07654320987654321
1 0.10138888888888889 0.5148148148148148 0.04722222222222222 0.07654320987654321
1 0.9020833333333333 0.3 0.05416666666666667 0.09135802469135802
1 0.5131944444444444 0.5987654320987654 0.043055555555555555 0.06666666666666667
1 0.8034722222222223 0.7 0.0625 0.0962962962962963
1 0.3548611111111111 0.32098765432098764 0.0375 0.07407407407407407
1 0.7041666666666667 0.11728395061728394 0.041666666666666664 0.06666666666666667
1 0.43194444444444446 0.2037037037037037 0.03611111111111111 0.06666666666666667
1 0.07708333333333334 0.5740740740740741 0.04861111111111111 0.06666666666666667
1 0.7069444444444445 0.21975308641975308 0.041666666666666664 0.07407407407407407
1 0.9666666666666667 0.8037037037037037 0.06666666666666667 0.1259259259259259
1 0.36527777777777776 0.44938271604938274 0.041666666666666664 0.07407407407407407
1 0.5479166666666667 0.19506172839506172 0.034722222222222224 0.05925925925925926
1 0.03958333333333333 0.9358024691358025 0.07916666666666666 0.12839506172839507
1 0.6263888888888889 0.09382716049382717 0.03888888888888889 0.05432098765432099
1 0.4097222222222222 0.5580246913580247 0.05555555555555555 0.08888888888888889
1 0.10069444444444445 0.3333333333333333 0.043055555555555555 0.05925925925925926
1 0.6861111111111111 0.45185185185185184 0.041666666666666664 0.05925925925925926
3 0.4618055555555556 0.6395061728395062 0.04583333333333333 0.05925925925925926