0 0.5125 0.782716049382716 0.11388888888888889 0.1925925925925926
0 0.75625 0.7654320987654321 0.0625 0.14320987654320988
1 0.14027777777777778 0.12345679012345678 0.1111111111111111 0.14320987654320988
1 0.9590277777777778 0.20864197530864198 0.07916666666666666 0.14074074074074075
1 0.5118055555555555 0.5098765432098765 0.08194444444444444 0.1308641975308642
1 0.31666666666666665 0.3617283950617284 0.08333333333333333 0.12098765432098765
1 0.06458333333333334 0.6222222222222222 0.12638888888888888 0.2074074074074074
1 0.45902777777777776 0.4 0.05138888888888889 0.10864197530864197
1 0.30972222222222223 0.6987654320987654 0.07222222222222222 0.13333333333333333
3 0.6645833333333333 0.9419753086419753 0.10694444444444444 0.11604938271604938
3 0.42569444444444443 0.6580246913580247 0.05694444444444444 0.0962962962962963
3 0.03333333333333333 0.18641975308641975 0.06388888888888888 0.11604938271604938