0 0.13515625 0.4337962962962963 0.09010416666666667 0.0824074074074074
0 0.5283854166666667 0.47824074074074074 0.06822916666666666 0.10092592592592593
0 0.315625 0.9083333333333333 0.06145833333333333 0.18518518518518517
0 0.68515625 0.9273148148148148 0.1078125 0.12314814814814815
1 0.29270833333333335 0.5847222222222223 0.04583333333333333 0.0712962962962963
1 0.7776041666666667 0.6564814814814814 0.046875 0.06481481481481481
1 0.6221354166666667 0.9398148148148148 0.05572916666666667 0.1
1 0.6260416666666667 0.65 0.04375 0.06481481481481481
1 0.06197916666666667 0.3458333333333333 0.05416666666666667 0.075
1 0.27005208333333336 0.8208333333333333 0.06927083333333334 0.11944444444444445
1 0.7109375 0.8314814814814815 0.041666666666666664 0.06851851851851852
1 0.8466145833333333 0.6763888888888889 0.03177083333333333 0.04722222222222222
1 0.19322916666666667 0.075 0.03125 0.05
1 0.08463541666666667 0.11018518518518519 0.050520833333333334 0.08333333333333333