0 0.6436197916666667 0.20856481481481481 0.06067708333333333 0.09583333333333334
0 0.7389322916666666 0.23796296296296296 0.07526041666666666 0.0824074074074074
0 0.6740885416666667 0.5486111111111112 0.04505208333333333 0.12314814814814815
1 0.9173177083333334 0.46875 0.13619791666666667 0.1412037037037037
1 0.3084635416666667 0.05925925925925926 0.08151041666666667 0.10925925925925926
1 0.37083333333333335 0.45740740740740743 0.1421875 0.2601851851851852
1 0.18763020833333333 0.21064814814814814 0.045572916666666664 0.09166666666666666
3 0.31927083333333334 0.17939814814814814 0.05572916666666667 0.07453703703703704
3 0.858203125 0.05625 0.04921875 0.07083333333333333
3 0.7828125 0.18912037037037038 0.0390625 0.047685185185185185
3 0.7149739583333333 0.09166666666666666 0.026302083333333334 0.040740740740740744
3 0.81171875 0.05787037037037037 0.028645833333333332 0.04537037037037037