0 0.8791666666666667 0.5296296296296297 0.14166666666666666 0.1259259259259259
1 0.7083333333333334 0.2777777777777778 0.05555555555555555 0.08641975308641975
1 0.4986111111111111 0.9111111111111111 0.12777777777777777 0.17777777777777778
1 0.7340277777777777 0.4691358024691358 0.08472222222222223 0.1382716049382716
1 0.3368055555555556 0.49135802469135803 0.10972222222222222 0.18271604938271604
1 0.8451388888888889 0.25925925925925924 0.07083333333333333 0.12345679012345678
1 0.8069444444444445 0.9345679012345679 0.1111111111111111 0.1259259259259259
1 0.5381944444444444 0.2679012345679012 0.09305555555555556 0.17530864197530865
1 0.9666666666666667 0.454320987654321 0.06666666666666667 0.13333333333333333
1 0.48333333333333334 0.02962962962962963 0.07222222222222222 0.05925925925925926
1 0.9451388888888889 0.9604938271604938 0.10972222222222222 0.07901234567901234
1 0.6597222222222222 0.8790123456790123 0.12222222222222222 0.23209876543209876