1 0.08541666666666667 0.0654320987654321 0.12361111111111112 0.1259259259259259
1 0.5993055555555555 0.1506172839506173 0.04583333333333333 0.07901234567901234
1 0.6465277777777778 0.7333333333333333 0.0763888888888889 0.14814814814814814
1 0.40347222222222223 0.2506172839506173 0.0763888888888889 0.13580246913580246
1 0.7340277777777777 0.3802469135802469 0.07083333333333333 0.11851851851851852
1 0.9381944444444444 0.8716049382716049 0.09305555555555556 0.13333333333333333
1 0.7159722222222222 0.7209876543209877 0.04861111111111111 0.08395061728395062
1 0.8541666666666666 0.6407407407407407 0.04722222222222222 0.09135802469135802
1 0.7625 0.8703703703703703 0.06388888888888888 0.1259259259259259
3 0.6743055555555556 0.36419753086419754 0.07083333333333333 0.1308641975308642
3 0.6361111111111111 0.9592592592592593 0.08888888888888889 0.07654320987654321
3 0.37916666666666665 0.08024691358024691 0.06944444444444445 0.08641975308641975