0 0.28958333333333336 0.6703703703703704 0.0763888888888889 0.24938271604938272
0 0.4979166666666667 0.6679012345679012 0.09861111111111111 0.20987654320987653
1 0.6236111111111111 0.44320987654320987 0.09444444444444444 0.15555555555555556
1 0.39791666666666664 0.21728395061728395 0.08472222222222223 0.12839506172839507
1 0.2708333333333333 0.2308641975308642 0.08055555555555556 0.12098765432098765
1 0.6583333333333333 0.6259259259259259 0.09444444444444444 0.1654320987654321
1 0.5881944444444445 0.2839506172839506 0.07361111111111111 0.12839506172839507
1 0.1076388888888889 0.11728395061728394 0.09027777777777778 0.11604938271604938
1 0.3125 0.06172839506172839 0.08055555555555556 0.11851851851851852
1 0.6423611111111112 0.07037037037037037 0.07361111111111111 0.12098765432098765
1 0.7576388888888889 0.671604938271605 0.08472222222222223 0.11851851851851852
1 0.0875 0.4024691358024691 0.13333333333333333 0.18765432098765433
1 0.25763888888888886 0.9506172839506173 0.10416666666666667 0.09382716049382717
1 0.48819444444444443 0.08024691358024691 0.06805555555555555 0.11604938271604938
1 0.19930555555555557 0.7901234567901234 0.1486111111111111 0.2617283950617284
1 0.51875 0.2074074074074074 0.06527777777777778 0.11851851851851852
1 0.4027777777777778 0.07530864197530865 0.08888888888888889 0.1308641975308642
1 0.5527777777777778 0.02962962962962963 0.06944444444444445 0.05432098765432099
2 0.9430555555555555 0.3197530864197531 0.10833333333333334 0.16049382716049382
2 0.7569444444444444 0.5777777777777777 0.05277777777777778 0.08888888888888889
2 0.5708333333333333 0.1580246913580247 0.044444444444444446 0.07407407407407407
3 0.22083333333333333 0.408641975308642 0.1111111111111111 0.16049382716049382
3 0.09791666666666667 0.6098765432098765 0.10694444444444444 0.1580246913580247
3 0.325 0.8419753086419753 0.11944444444444445 0.18765432098765433
3 0.6625 0.3308641975308642 0.08611111111111111 0.12839506172839507
3 0.4270833333333333 0.5024691358024691 0.0763888888888889 0.1111111111111111
3 0.9451388888888889 0.591358024691358 0.09861111111111111 0.1259259259259259