0 0.7981770833333334 0.37430555555555556 0.07083333333333333 0.12175925925925926
0 0.9315104166666667 0.4134259259259259 0.10885416666666667 0.1037037037037037
1 0.41549479166666664 0.10787037037037037 0.08463541666666667 0.11666666666666667
1 0.48098958333333336 0.5534722222222223 0.17291666666666666 0.23935185185185184
1 0.6915364583333333 0.08449074074074074 0.06796875 0.09398148148148149
1 0.278515625 0.2388888888888889 0.05182291666666667 0.09444444444444444
1 0.7885416666666667 0.08726851851851852 0.040625 0.06157407407407407
1 0.9829427083333333 0.1372685185185185 0.03411458333333333 0.06527777777777778
3 0.42473958333333334 0.24259259259259258 0.0625 0.07592592592592592
3 0.8477864583333333 0.2351851851851852 0.026822916666666665 0.04722222222222222
3 0.9138020833333333 0.3560185185185185 0.05520833333333333 0.05648148148148148
0 0.931640625 0.3300925925925926 0.04505208333333333 0.0787037037037037
1 0.809375 0.15555555555555556 0.03229166666666667 0.04537037037037037