0 0.4027777777777778 0.9345679012345679 0.07222222222222222 0.1308641975308642
1 0.1798611111111111 0.9234567901234568 0.11805555555555555 0.14814814814814814
1 0.3729166666666667 0.6358024691358025 0.04861111111111111 0.08641975308641975
1 0.2388888888888889 0.41358024691358025 0.041666666666666664 0.06666666666666667
1 0.15486111111111112 0.4666666666666667 0.06805555555555555 0.09876543209876543
1 0.3715277777777778 0.8765432098765432 0.0763888888888889 0.14320987654320988
1 0.3506944444444444 0.445679012345679 0.034722222222222224 0.056790123456790124
1 0.10625 0.2975308641975309 0.04583333333333333 0.08148148148148149
1 0.14027777777777778 0.2691358024691358 0.03888888888888889 0.05925925925925926
1 0.3659722222222222 0.5098765432098765 0.04027777777777778 0.07654320987654321
1 0.34444444444444444 0.3925925925925926 0.03611111111111111 0.05925925925925926
3 0.4 0.7111111111111111 0.06111111111111111 0.07901234567901234
3 0.05555555555555555 0.691358024691358 0.08611111111111111 0.09876543209876543
3 0.4479166666666667 0.6382716049382716 0.05416666666666667 0.07160493827160494