1 0.6059895833333333 0.538425925925926 0.08072916666666667 0.13240740740740742
1 0.5104166666666666 0.2849537037037037 0.05364583333333333 0.09305555555555556
1 0.83828125 0.3715277777777778 0.0328125 0.05416666666666667
1 0.46002604166666666 0.07893518518518519 0.06953125 0.1162037037037037
1 0.9467447916666667 0.3611111111111111 0.04296875 0.06481481481481481
1 0.748046875 0.12106481481481482 0.040364583333333336 0.0763888888888889
1 0.887890625 0.059027777777777776 0.032552083333333336 0.05787037037037037
1 0.8739583333333333 0.2222222222222222 0.04635416666666667 0.075
3 0.16653645833333333 0.2263888888888889 0.13880208333333333 0.17685185185185184
3 0.42578125 0.55625 0.08489583333333334 0.12731481481481483
3 0.7203125 0.2900462962962963 0.040625 0.08287037037037037
3 0.81328125 0.029861111111111113 0.0375 0.05787037037037037
1 0.9419270833333333 0.41550925925925924 0.025 0.047685185185185185