1 0.12369791666666667 0.3738425925925926 0.04479166666666667 0.06435185185185185
1 0.3807291666666667 0.6597222222222222 0.041666666666666664 0.0712962962962963
1 0.4571614583333333 0.337037037037037 0.03671875 0.07222222222222222
1 0.15872395833333333 0.4965277777777778 0.054427083333333334 0.08657407407407407
1 0.16223958333333333 0.6986111111111111 0.0515625 0.08148148148148149
1 0.6985677083333334 0.8476851851851852 0.04244791666666667 0.06851851851851852
1 0.5049479166666667 0.22152777777777777 0.03229166666666667 0.0587962962962963
1 0.255859375 0.08101851851851852 0.054427083333333334 0.08148148148148149
1 0.658203125 0.262037037037037 0.03046875 0.05185185185185185
1 0.28958333333333336 0.4699074074074074 0.04739583333333333 0.07685185185185185
1 0.6453125 0.11226851851851852 0.026041666666666668 0.056018518518518516
1 0.6110677083333333 0.18425925925925926 0.03307291666666667 0.06851851851851852
1 0.6549479166666666 0.17731481481481481 0.025 0.04259259259259259
1 0.46822916666666664 0.7710648148148148 0.03177083333333333 0.059722222222222225
1 0.044140625 0.9356481481481481 0.07786458333333333 0.09907407407407408
1 0.5205729166666667 0.4361111111111111 0.030208333333333334 0.062037037037037036
1 0.64375 0.05324074074074074 0.0125 0.02962962962962963
1 0.6436197916666667 0.5423611111111111 0.01953125 0.031018518518518518