0 0.16319444444444445 0.8395061728395061 0.08472222222222223 0.32098765432098764
0 0.5298611111111111 0.2617283950617284 0.12916666666666668 0.10864197530864197
1 0.7451388888888889 0.5802469135802469 0.10416666666666667 0.18271604938271604
1 0.6118055555555556 0.3506172839506173 0.12916666666666668 0.17777777777777778
1 0.9319444444444445 0.44320987654320987 0.12777777777777777 0.18518518518518517
1 0.8416666666666667 0.1925925925925926 0.125 0.1925925925925926
1 0.4076388888888889 0.5679012345679012 0.12916666666666668 0.17777777777777778
1 0.4791666666666667 0.0345679012345679 0.09166666666666666 0.06419753086419754
1 0.07291666666666667 0.9037037037037037 0.12638888888888888 0.18765432098765433
1 0.4576388888888889 0.8888888888888888 0.1597222222222222 0.21728395061728395
1 0.8041666666666667 0.7913580246913581 0.14722222222222223 0.21975308641975308
1 0.02847222222222222 0.21604938271604937 0.05694444444444444 0.17530864197530865
1 0.10277777777777777 0.3925925925925926 0.08888888888888889 0.13333333333333333
1 0.20277777777777778 0.17407407407407408 0.11388888888888889 0.1506172839506173
2 0.4354166666666667 0.20246913580246914 0.05694444444444444 0.08888888888888889
3 0.18888888888888888 0.6246913580246913 0.1111111111111111 0.17777777777777778
3 0.7368055555555556 0.26049382716049385 0.10138888888888889 0.18024691358024691
3 0.8361111111111111 0.36666666666666664 0.09722222222222222 0.1308641975308642
3 0.03611111111111111 0.6666666666666666 0.07222222222222222 0.16296296296296298
3 0.5555555555555556 0.8444444444444444 0.09166666666666666 0.1728395061728395