1 0.3455729166666667 0.9291666666666667 0.10572916666666667 0.1361111111111111
1 0.5760416666666667 0.3055555555555556 0.052083333333333336 0.07592592592592592
1 0.659375 0.3773148148148148 0.04375 0.0712962962962963
1 0.44140625 0.2064814814814815 0.0421875 0.06666666666666667
1 0.7109375 0.42685185185185187 0.036458333333333336 0.06296296296296296
1 0.0234375 0.6199074074074075 0.046875 0.18055555555555555
3 0.38307291666666665 0.6939814814814815 0.09427083333333333 0.1361111111111111
3 0.2591145833333333 0.3763888888888889 0.11302083333333333 0.14166666666666666
3 0.2557291666666667 0.9175925925925926 0.11666666666666667 0.1648148148148148
3 0.9393229166666667 0.9569444444444445 0.08802083333333334 0.075
3 0.75625 0.5638888888888889 0.075 0.11296296296296296
3 0.15546875 0.1050925925925926 0.0796875 0.0824074074074074
3 0.6903645833333333 0.6064814814814815 0.0703125 0.0962962962962963
3 0.7890625 0.6675925925925926 0.05520833333333333 0.08703703703703704
3 0.5828125 0.40185185185185185 0.06875 0.09259259259259259