1 0.5152777777777777 0.7037037037037037 0.075 0.1382716049382716
1 0.9708333333333333 0.3617283950617284 0.058333333333333334 0.10617283950617284
1 0.9673611111111111 0.24444444444444444 0.0625 0.09876543209876543
1 0.9125 0.8123456790123457 0.10277777777777777 0.16296296296296298
1 0.2152777777777778 0.7358024691358025 0.075 0.12345679012345678
1 0.7868055555555555 0.582716049382716 0.07916666666666666 0.1037037037037037
1 0.5611111111111111 0.2382716049382716 0.044444444444444446 0.08641975308641975
1 0.025 0.4666666666666667 0.04722222222222222 0.09382716049382717
1 0.5451388888888888 0.5679012345679012 0.09027777777777778 0.13333333333333333
1 0.5291666666666667 0.08888888888888889 0.03888888888888889 0.06419753086419754
1 0.7520833333333333 0.37407407407407406 0.05694444444444444 0.0962962962962963
3 0.9027777777777778 0.6592592592592592 0.11944444444444445 0.11851851851851852