0 0.5347222222222222 0.4283950617283951 0.08333333333333333 0.18024691358024691
0 0.4840277777777778 0.5987654320987654 0.15138888888888888 0.21975308641975308
1 0.6409722222222223 0.7506172839506173 0.10694444444444444 0.20246913580246914
1 0.7722222222222223 0.43580246913580245 0.10833333333333334 0.22469135802469137
1 0.7902777777777777 0.6592592592592592 0.10277777777777777 0.15308641975308643
1 0.7708333333333334 0.8530864197530864 0.14444444444444443 0.24444444444444444
1 0.9305555555555556 0.7777777777777778 0.1361111111111111 0.23703703703703705
1 0.6291666666666667 0.0345679012345679 0.08888888888888889 0.06419753086419754
3 0.9256944444444445 0.42098765432098767 0.15138888888888888 0.2740740740740741
3 0.6430555555555556 0.15555555555555556 0.12777777777777777 0.1382716049382716
3 0.04375 0.9419753086419753 0.08472222222222223 0.11604938271604938
3 0.6458333333333334 0.28888888888888886 0.09444444444444444 0.11851851851851852