1 0.7493055555555556 0.4888888888888889 0.11527777777777778 0.17777777777777778
1 0.6375 0.4185185185185185 0.09166666666666666 0.16049382716049382
1 0.7625 0.16790123456790124 0.125 0.2074074074074074
1 0.9298611111111111 0.5975308641975309 0.14027777777777778 0.2419753086419753
1 0.48333333333333334 0.4012345679012346 0.06111111111111111 0.1111111111111111
1 0.7215277777777778 0.02962962962962963 0.07083333333333333 0.05432098765432099
1 0.45416666666666666 0.7580246913580246 0.044444444444444446 0.09382716049382717
1 0.4534722222222222 0.9296296296296296 0.05138888888888889 0.11604938271604938
3 0.6180555555555556 0.2506172839506173 0.075 0.17530864197530865
3 0.5520833333333334 0.5567901234567901 0.05416666666666667 0.1308641975308642
3 0.4284722222222222 0.6777777777777778 0.06527777777777778 0.10617283950617284
1 0.42291666666666666 0.8197530864197531 0.0375 0.0691358024691358
1 0.40694444444444444 0.9012345679012346 0.03888888888888889 0.08888888888888889