1 0.17526041666666667 0.7692129629629629 0.029166666666666667 0.04675925925925926
1 0.2950520833333333 0.6363425925925926 0.0296875 0.047685185185185185
1 0.130859375 0.6861111111111111 0.028385416666666666 0.044444444444444446
1 0.21015625 0.7284722222222222 0.027604166666666666 0.043055555555555555
1 0.482421875 0.3715277777777778 0.026302083333333334 0.04212962962962963
1 0.24895833333333334 0.6282407407407408 0.03229166666666667 0.04814814814814815
1 0.28372395833333336 0.5791666666666667 0.032552083333333336 0.05092592592592592
1 0.6087239583333334 0.6076388888888888 0.03046875 0.04583333333333333
1 0.41263020833333336 0.38657407407407407 0.023177083333333334 0.044444444444444446
1 0.7641927083333333 0.4615740740740741 0.027864583333333335 0.05
1 0.8575520833333333 0.47476851851851853 0.027083333333333334 0.0412037037037037
1 0.4256510416666667 0.4162037037037037 0.020572916666666666 0.037037037037037035
1 0.23020833333333332 0.6909722222222222 0.0203125 0.03564814814814815
1 0.6559895833333333 0.49953703703703706 0.025 0.04259259259259259
1 0.42721354166666664 0.5504629629629629 0.022135416666666668 0.03888888888888889
1 0.15611979166666667 0.5847222222222223 0.02578125 0.03888888888888889
1 0.80078125 0.4039351851851852 0.03854166666666667 0.0587962962962963
1 0.15833333333333333 0.6421296296296296 0.024479166666666666 0.03981481481481482
1 0.4733072916666667 0.08657407407407407 0.024739583333333332 0.04259259259259259
1 0.609765625 0.4738425925925926 0.029947916666666668 0.04953703703703704
1 0.4342447916666667 0.6446759259259259 0.026822916666666665 0.04583333333333333
1 0.470703125 0.29814814814814816 0.029947916666666668 0.046296296296296294
1 0.5235677083333333 0.5409722222222222 0.015364583333333333 0.02824074074074074
1 0.508984375 0.37083333333333335 0.011197916666666667 0.016666666666666666
1 0.5766927083333333 0.3275462962962963 0.012760416666666666 0.029166666666666667
1 0.6009114583333334 0.32407407407407407 0.013802083333333333 0.024074074074074074
1 0.6014322916666667 0.35694444444444445 0.015364583333333333 0.024074074074074074
1 0.37890625 0.32731481481481484 0.015104166666666667 0.020370370370370372
1 0.39153645833333334 0.34120370370370373 0.012239583333333333 0.016666666666666666
1 0.38372395833333334 0.5388888888888889 0.01171875 0.021296296296296296
1 0.36028645833333334 0.5708333333333333 0.012239583333333333 0.01574074074074074
1 0.41458333333333336 0.6581018518518519 0.0171875 0.02175925925925926
1 0.48046875 0.5372685185185185 0.015625 0.02361111111111111
1 0.5463541666666667 0.47314814814814815 0.0171875 0.021296296296296296
1 0.5764322916666667 0.5451388888888888 0.01484375 0.02546296296296296
1 0.8109375 0.3055555555555556 0.022395833333333334 0.027777777777777776
1 0.82734375 0.2650462962962963 0.017708333333333333 0.029166666666666667
1 0.852734375 0.2962962962962963 0.018489583333333334 0.025
1 0.9080729166666667 0.19421296296296298 0.019791666666666666 0.020833333333333332
1 0.18255208333333334 0.45717592592592593 0.021354166666666667 0.024537037037037038
1 0.18125 0.425 0.0203125 0.02962962962962963
1 0.3243489583333333 0.12268518518518519 0.013802083333333333 0.024074074074074074
1 0.468359375 0.01712962962962963 0.016927083333333332 0.028703703703703703
1 0.803515625 0.47152777777777777 0.015364583333333333 0.02361111111111111
1 0.7049479166666667 0.19398148148148148 0.016145833333333335 0.023148148148148147