1 0.8391927083333334 0.7657407407407407 0.08203125 0.1388888888888889
1 0.07083333333333333 0.4673611111111111 0.04635416666666667 0.07361111111111111
1 0.6123697916666667 0.16111111111111112 0.04765625 0.08611111111111111
1 0.497265625 0.7405092592592593 0.05546875 0.10231481481481482
1 0.16458333333333333 0.7976851851851852 0.044270833333333336 0.07592592592592592
1 0.21705729166666668 0.06805555555555555 0.03307291666666667 0.058333333333333334
1 0.8885416666666667 0.5090277777777777 0.05625 0.06157407407407407
1 0.2755208333333333 0.3275462962962963 0.03854166666666667 0.06342592592592593
1 0.5626302083333333 0.8701388888888889 0.07473958333333333 0.10231481481481482
1 0.61328125 0.053703703703703705 0.05 0.0787037037037037
1 0.923828125 0.9425925925925925 0.12994791666666666 0.10925925925925926
1 0.1078125 0.48541666666666666 0.03697916666666667 0.06157407407407407