3 0.25442708333333336 0.5111111111111111 0.024479166666666666 0.04351851851851852
3 0.17213541666666668 0.81875 0.0484375 0.05694444444444444
3 0.525 0.8733796296296297 0.033854166666666664 0.05324074074074074
3 0.4954427083333333 0.8576388888888888 0.04088541666666667 0.0625
0 0.8873697916666666 0.7627314814814815 0.05911458333333333 0.13657407407407407
3 0.9161458333333333 0.7256944444444444 0.05 0.10046296296296296
3 0.9256510416666667 0.5638888888888889 0.04505208333333333 0.06481481481481481
3 0.84609375 0.5923611111111111 0.033854166666666664 0.055092592592592596
3 0.45625 0.4081018518518518 0.025520833333333333 0.043055555555555555
3 0.46484375 0.5641203703703703 0.03229166666666667 0.055092592592592596
3 0.3515625 0.5666666666666667 0.0375 0.07592592592592592
3 0.311328125 0.6368055555555555 0.03411458333333333 0.05324074074074074
3 0.30416666666666664 0.7171296296296297 0.0375 0.06296296296296296
3 0.225390625 0.6421296296296296 0.014322916666666666 0.04722222222222222
3 0.130078125 0.6386574074074074 0.03359375 0.04583333333333333
3 0.042578125 0.39375 0.05703125 0.07175925925925926
3 0.25677083333333334 0.07847222222222222 0.03958333333333333 0.043055555555555555