1 0.971875 0.6513888888888889 0.04791666666666667 0.08425925925925926
1 0.41692708333333334 0.799074074074074 0.044270833333333336 0.06296296296296296
1 0.9236979166666667 0.7666666666666667 0.0515625 0.06666666666666667
1 0.5713541666666667 0.5921296296296297 0.03229166666666667 0.05092592592592592
1 0.7049479166666667 0.7930555555555555 0.04114583333333333 0.058333333333333334
1 0.60625 0.6671296296296296 0.040625 0.062037037037037036
1 0.9419270833333333 0.9055555555555556 0.05677083333333333 0.08518518518518518
1 0.8072916666666666 0.5462962962962963 0.03229166666666667 0.053703703703703705
1 0.47161458333333334 0.6425925925925926 0.033854166666666664 0.05
1 0.3815104166666667 0.7060185185185185 0.0359375 0.058333333333333334
1 0.7661458333333333 0.6842592592592592 0.034375 0.053703703703703705
1 0.3377604166666667 0.29953703703703705 0.030729166666666665 0.04722222222222222
1 0.7260416666666667 0.600925925925926 0.035416666666666666 0.05555555555555555
1 0.45364583333333336 0.2972222222222222 0.027083333333333334 0.04814814814814815
1 0.8203125 0.6157407407407407 0.03229166666666667 0.05185185185185185
1 0.10104166666666667 0.31527777777777777 0.040625 0.05462962962962963
1 0.4625 0.5449074074074074 0.030208333333333334 0.05648148148148148
1 0.496875 0.5166666666666667 0.036458333333333336 0.053703703703703705
1 0.10520833333333333 0.46574074074074073 0.04479166666666667 0.06666666666666667
1 0.7221354166666667 0.4726851851851852 0.028645833333333332 0.04537037037037037
1 0.94140625 0.5597222222222222 0.033854166666666664 0.049074074074074076
1 0.42239583333333336 0.34953703703703703 0.03229166666666667 0.05092592592592592
1 0.9841145833333333 0.7226851851851852 0.03177083333333333 0.06388888888888888
1 0.7895833333333333 0.4689814814814815 0.030208333333333334 0.04351851851851852
1 0.5453125 0.29583333333333334 0.020833333333333332 0.026851851851851852
1 0.17604166666666668 0.22916666666666666 0.03125 0.05648148148148148
1 0.5151041666666667 0.5851851851851851 0.021875 0.037037037037037035
1 0.40677083333333336 0.36064814814814816 0.028125 0.04722222222222222
1 0.5192708333333333 0.26990740740740743 0.01875 0.03611111111111111
1 0.19661458333333334 0.2273148148148148 0.027604166666666666 0.049074074074074076
3 0.38645833333333335 0.9050925925925926 0.04791666666666667 0.06944444444444445
3 0.8536458333333333 0.9050925925925926 0.05520833333333333 0.08055555555555556
3 0.23854166666666668 0.6972222222222222 0.04583333333333333 0.05740740740740741
3 0.8013020833333333 0.7037037037037037 0.0453125 0.05185185185185185
3 0.7270833333333333 0.8476851851851852 0.0375 0.049074074074074076
3 0.80546875 0.6504629629629629 0.044270833333333336 0.05277777777777778
1 0.17994791666666668 0.044444444444444446 0.027604166666666666 0.05
1 0.37916666666666665 0.10787037037037037 0.015625 0.03796296296296296
1 0.3880208333333333 0.15046296296296297 0.015625 0.03796296296296296
1 0.39375 0.1087962962962963 0.015625 0.03796296296296296
1 0.54140625 0.27175925925925926 0.018229166666666668 0.026851851851851852
1 0.5122395833333333 0.45046296296296295 0.018229166666666668 0.026851851851851852
1 0.44140625 0.22268518518518518 0.018229166666666668 0.026851851851851852
1 0.58203125 0.29398148148148145 0.018229166666666668 0.026851851851851852
1 0.63515625 0.3023148148148148 0.018229166666666668 0.026851851851851852
1 0.6440104166666667 0.37916666666666665 0.018229166666666668 0.026851851851851852
1 0.6888020833333334 0.4050925925925926 0.018229166666666668 0.026851851851851852
1 0.70703125 0.33935185185185185 0.018229166666666668 0.026851851851851852
1 0.6627604166666666 0.28194444444444444 0.018229166666666668 0.026851851851851852
1 0.5252604166666667 0.23194444444444445 0.018229166666666668 0.026851851851851852