1 0.315234375 0.337037037037037 0.06328125 0.08148148148148149
1 0.928515625 0.12199074074074075 0.05703125 0.07731481481481481
1 0.5385416666666667 0.1361111111111111 0.053125 0.07685185185185185
1 0.8028645833333333 0.22824074074074074 0.06302083333333333 0.0962962962962963
1 0.17265625 0.14976851851851852 0.03697916666666667 0.055092592592592596
1 0.871484375 0.08356481481481481 0.04401041666666667 0.0625
1 0.8645833333333334 0.2199074074074074 0.0515625 0.08611111111111111
1 0.56953125 0.07407407407407407 0.03958333333333333 0.05648148148148148
1 0.015755208333333333 0.26828703703703705 0.030989583333333334 0.09953703703703703
1 0.3391927083333333 0.08842592592592592 0.03307291666666667 0.05462962962962963
3 0.4649739583333333 0.20902777777777778 0.07213541666666666 0.06435185185185185
3 0.4290364583333333 0.1502314814814815 0.054427083333333334 0.05138888888888889
3 0.8569010416666667 0.4097222222222222 0.03984375 0.05462962962962963
3 0.8927083333333333 0.30925925925925923 0.07447916666666667 0.08055555555555556
3 0.7778645833333333 0.0787037037037037 0.07395833333333333 0.049074074074074076
3 0.16341145833333334 0.33912037037037035 0.06432291666666666 0.05416666666666667
0 0.867578125 0.35138888888888886 0.05651041666666667 0.06481481481481481
1 0.61171875 0.02638888888888889 0.025 0.03611111111111111
1 0.6622395833333333 0.05648148148148148 0.025 0.03611111111111111
0 0.6829427083333334 0.12384259259259259 0.020572916666666666 0.0625
0 0.275390625 0.13171296296296298 0.03307291666666667 0.06620370370370371
0 0.552734375 0.03356481481481482 0.03567708333333333 0.0412037037037037