0 0.6872395833333333 0.03425925925925926 0.08072916666666667 0.06481481481481481
1 0.43307291666666664 0.2064814814814815 0.043229166666666666 0.06666666666666667
1 0.7986979166666667 0.15648148148148147 0.0484375 0.07407407407407407
1 0.8651041666666667 0.16157407407407406 0.04791666666666667 0.0712962962962963
1 0.5463541666666667 0.1175925925925926 0.0375 0.06111111111111111
1 0.34791666666666665 0.9328703703703703 0.04375 0.07685185185185185
1 0.4947916666666667 0.3768518518518518 0.05 0.08518518518518518
1 0.41640625 0.5935185185185186 0.0421875 0.06666666666666667
1 0.7432291666666667 0.1125 0.0375 0.05648148148148148
1 0.26588541666666665 0.4828703703703704 0.0328125 0.05462962962962963
1 0.30104166666666665 0.9532407407407407 0.05416666666666667 0.08055555555555556
1 0.41770833333333335 0.9162037037037037 0.05416666666666667 0.09537037037037037
1 0.25807291666666665 0.5694444444444444 0.034895833333333334 0.05555555555555555
1 0.24296875 0.8685185185185185 0.0640625 0.09814814814814815
1 0.6565104166666667 0.5439814814814815 0.0484375 0.0787037037037037
1 0.08671875 0.6305555555555555 0.034895833333333334 0.053703703703703705
1 0.2015625 0.6680555555555555 0.035416666666666666 0.058333333333333334
1 0.5825520833333333 0.19583333333333333 0.0359375 0.05648148148148148
1 0.578125 0.026851851851851852 0.0375 0.05
1 0.04114583333333333 0.9712962962962963 0.04375 0.05740740740740741
1 0.09166666666666666 0.5555555555555556 0.029166666666666667 0.046296296296296294
1 0.5447916666666667 0.0412037037037037 0.030208333333333334 0.04722222222222222
1 0.45416666666666666 0.03564814814814815 0.029166666666666667 0.04351851851851852
3 0.5234375 0.4263888888888889 0.07916666666666666 0.11574074074074074