0 0.8638888888888889 0.20987654320987653 0.06666666666666667 0.23703703703703705
1 0.6208333333333333 0.29012345679012347 0.10555555555555556 0.1654320987654321
1 0.96875 0.5950617283950618 0.0625 0.23209876543209876
1 0.7409722222222223 0.7382716049382716 0.15416666666666667 0.24691358024691357
1 0.4986111111111111 0.9135802469135802 0.1527777777777778 0.16790123456790124
1 0.19583333333333333 0.582716049382716 0.08055555555555556 0.16790123456790124
1 0.1111111111111111 0.3925925925925926 0.1361111111111111 0.20246913580246914
1 0.3173611111111111 0.3765432098765432 0.10972222222222222 0.17037037037037037
1 0.3902777777777778 0.45185185185185184 0.08333333333333333 0.12345679012345678
2 0.42083333333333334 0.3765432098765432 0.08888888888888889 0.14074074074074075
3 0.5263888888888889 0.056790123456790124 0.11666666666666667 0.10864197530864197
3 0.26319444444444445 0.8592592592592593 0.11527777777777778 0.19753086419753085
3 0.5125 0.18888888888888888 0.08333333333333333 0.13580246913580246
3 0.27152777777777776 0.11851851851851852 0.11527777777777778 0.19753086419753085
3 0.8881944444444444 0.6234567901234568 0.12361111111111112 0.21481481481481482
3 0.10277777777777777 0.8530864197530864 0.10833333333333334 0.1654320987654321
3 0.8097222222222222 0.1728395061728395 0.07777777777777778 0.11851851851851852