1 0.15325520833333334 0.6791666666666667 0.11796875 0.17222222222222222
1 0.26471354166666666 0.1724537037037037 0.06067708333333333 0.08287037037037037
1 0.04244791666666667 0.549074074074074 0.08385416666666666 0.15092592592592594
1 0.677734375 0.4909722222222222 0.04921875 0.06712962962962964
1 0.31106770833333336 0.2548611111111111 0.06692708333333333 0.08009259259259259
1 0.44140625 0.21342592592592594 0.04375 0.06018518518518518
1 0.551171875 0.44004629629629627 0.04973958333333333 0.07916666666666666
1 0.17760416666666667 0.05555555555555555 0.0484375 0.06759259259259259
1 0.685546875 0.2912037037037037 0.032552083333333336 0.04814814814814815
1 0.34908854166666664 0.42106481481481484 0.06640625 0.10231481481481482
1 0.769140625 0.39143518518518516 0.03567708333333333 0.05138888888888889
1 0.201171875 0.3189814814814815 0.054947916666666666 0.07592592592592592
1 0.0984375 0.13402777777777777 0.058333333333333334 0.07083333333333333
1 0.35130208333333335 0.55 0.07239583333333334 0.1
1 0.5235677083333333 0.1886574074074074 0.028385416666666666 0.04583333333333333
1 0.8674479166666667 0.4215277777777778 0.034375 0.04583333333333333
1 0.8848958333333333 0.324537037037037 0.029166666666666667 0.04259259259259259
1 0.577734375 0.23472222222222222 0.047135416666666666 0.05277777777777778
1 0.79140625 0.2851851851851852 0.025 0.040740740740740744
1 0.275 0.11828703703703704 0.03802083333333333 0.04861111111111111
3 0.05625 0.7520833333333333 0.11197916666666667 0.20972222222222223
0 0.70859375 0.36365740740740743 0.03958333333333333 0.05694444444444444
3 0.5196614583333333 0.5652777777777778 0.05234375 0.06759259259259259
1 0.8973958333333333 0.2388888888888889 0.029166666666666667 0.04259259259259259
1 0.85234375 0.1962962962962963 0.029166666666666667 0.04259259259259259
1 0.84140625 0.14629629629629629 0.029166666666666667 0.04259259259259259
1 0.9424479166666667 0.09444444444444444 0.029166666666666667 0.04259259259259259
1 0.975 0.03611111111111111 0.029166666666666667 0.04259259259259259
1 0.8869791666666667 0.050462962962962966 0.029166666666666667 0.04259259259259259
1 0.7549479166666667 0.1175925925925926 0.029166666666666667 0.04259259259259259
1 0.6890625 0.18703703703703703 0.029166666666666667 0.04259259259259259
1 0.7794270833333333 0.3143518518518518 0.025 0.040740740740740744