1 0.38190104166666666 0.49745370370370373 0.054947916666666666 0.0763888888888889
1 0.43802083333333336 0.5518518518518518 0.06041666666666667 0.08981481481481482
1 0.7852864583333333 0.42824074074074076 0.03463541666666667 0.05
1 0.6934895833333333 0.36944444444444446 0.0296875 0.04537037037037037
1 0.25755208333333335 0.41550925925925924 0.0453125 0.06435185185185185
1 0.029036458333333334 0.7412037037037037 0.05703125 0.08703703703703704
1 0.94375 0.524074074074074 0.04791666666666667 0.062037037037037036
1 0.23450520833333333 0.5523148148148148 0.05130208333333333 0.06851851851851852
1 0.5796875 0.37592592592592594 0.03333333333333333 0.040740740740740744
1 0.530859375 0.3386574074074074 0.028385416666666666 0.047685185185185185
1 0.14518229166666666 0.6659722222222222 0.07942708333333333 0.09953703703703703
1 0.12252604166666667 0.4009259259259259 0.03307291666666667 0.04814814814814815
1 0.5045572916666666 0.42662037037037037 0.03463541666666667 0.0625
1 0.8622395833333333 0.41041666666666665 0.03229166666666667 0.043055555555555555
1 0.3489583333333333 0.42083333333333334 0.034375 0.049074074074074076
1 0.305078125 0.40162037037037035 0.02890625 0.04027777777777778
1 0.8446614583333333 0.3053240740740741 0.029427083333333333 0.043055555555555555
1 0.47291666666666665 0.4275462962962963 0.027083333333333334 0.04861111111111111
1 0.39010416666666664 0.6689814814814815 0.04635416666666667 0.058333333333333334
1 0.244921875 0.3539351851851852 0.024739583333333332 0.03287037037037037
1 0.19817708333333334 0.39537037037037037 0.021354166666666667 0.028703703703703703
1 0.332421875 0.3449074074074074 0.01484375 0.022222222222222223
1 0.5055989583333333 0.28194444444444444 0.01484375 0.022222222222222223
1 0.5579427083333334 0.29444444444444445 0.01484375 0.022222222222222223
1 0.6248697916666667 0.23425925925925925 0.01484375 0.022222222222222223
1 0.6173177083333333 0.3597222222222222 0.01484375 0.022222222222222223
1 0.5845052083333333 0.34791666666666665 0.023697916666666666 0.038425925925925926
1 0.7522135416666667 0.3300925925925926 0.019010416666666665 0.026851851851851852
1 0.7475260416666667 0.2953703703703704 0.019010416666666665 0.026851851851851852
1 0.819921875 0.2037037037037037 0.019010416666666665 0.026851851851851852
1 0.780078125 0.18796296296296297 0.019010416666666665 0.026851851851851852
1 0.7623697916666666 0.1375 0.019010416666666665 0.026851851851851852
1 0.6889322916666667 0.14537037037037037 0.019010416666666665 0.026851851851851852
1 0.7842447916666667 0.04212962962962963 0.019010416666666665 0.026851851851851852
1 0.833203125 0.06620370370370371 0.019010416666666665 0.026851851851851852
1 0.909765625 0.05925925925925926 0.019010416666666665 0.026851851851851852
1 0.9912760416666667 0.5444444444444444 0.01796875 0.05555555555555555
1 0.6765625 0.5990740740740741 0.04791666666666667 0.062037037037037036
1 0.6454427083333333 0.03518518518518519 0.019010416666666665 0.026851851851851852