0 0.65 0.5222222222222223 0.13055555555555556 0.20987654320987653
0 0.19444444444444445 0.09135802469135802 0.05555555555555555 0.09876543209876543
0 0.34305555555555556 0.5666666666666667 0.06111111111111111 0.1654320987654321
0 0.13819444444444445 0.7444444444444445 0.08472222222222223 0.17530864197530865
1 0.20625 0.2234567901234568 0.059722222222222225 0.10617283950617284
1 0.043055555555555555 0.4962962962962963 0.08333333333333333 0.18765432098765433
1 0.15555555555555556 0.6506172839506172 0.09444444444444444 0.15555555555555556
1 0.05416666666666667 0.9296296296296296 0.10555555555555556 0.13580246913580246
1 0.10347222222222222 0.49135802469135803 0.0763888888888889 0.10864197530864197
1 0.24027777777777778 0.3987654320987654 0.06111111111111111 0.12098765432098765
3 0.14305555555555555 0.9333333333333333 0.11666666666666667 0.13333333333333333
3 0.4326388888888889 0.8061728395061728 0.12083333333333333 0.22962962962962963
3 0.37083333333333335 0.4901234567901235 0.06111111111111111 0.1111111111111111
3 0.22569444444444445 0.6345679012345679 0.0625 0.11358024691358025
3 0.3951388888888889 0.9530864197530864 0.08472222222222223 0.08395061728395062
0 0.24513888888888888 0.8222222222222222 0.07916666666666666 0.16790123456790124