0 0.7458333333333333 0.24691358024691357 0.10277777777777777 0.08395061728395062
1 0.9326388888888889 0.35185185185185186 0.10138888888888889 0.1506172839506173
1 0.7409722222222223 0.15679012345679014 0.0875 0.13580246913580246
1 0.8243055555555555 0.3012345679012346 0.10138888888888889 0.1580246913580247
1 0.5986111111111111 0.4641975308641975 0.09722222222222222 0.16790123456790124
1 0.04375 0.45925925925925926 0.08472222222222223 0.16790123456790124
1 0.8541666666666666 0.17530864197530865 0.08611111111111111 0.1382716049382716
1 0.7520833333333333 0.645679012345679 0.07916666666666666 0.14074074074074075
1 0.48333333333333334 0.4925925925925926 0.10555555555555556 0.1506172839506173
1 0.5430555555555555 0.14320987654320988 0.07222222222222222 0.11358024691358025
1 0.2673611111111111 0.4 0.08472222222222223 0.12839506172839507
1 0.9763888888888889 0.49876543209876545 0.04722222222222222 0.1382716049382716
1 0.9756944444444444 0.2740740740740741 0.04861111111111111 0.12839506172839507
1 0.94375 0.6160493827160494 0.09583333333333334 0.145679012345679
1 0.3541666666666667 0.44074074074074077 0.08888888888888889 0.1308641975308642
1 0.8444444444444444 0.9654320987654321 0.07222222222222222 0.0691358024691358
3 0.12569444444444444 0.22962962962962963 0.09027777777777778 0.12839506172839507
3 0.5125 0.04938271604938271 0.06388888888888888 0.07901234567901234
3 0.3861111111111111 0.05925925925925926 0.06944444444444445 0.09876543209876543