0 0.5649739583333333 0.2900462962962963 0.08776041666666666 0.09305555555555556
0 0.46653645833333335 0.6236111111111111 0.04348958333333333 0.10555555555555556
0 0.46458333333333335 0.29768518518518516 0.042708333333333334 0.09537037037037037
1 0.42604166666666665 0.0587962962962963 0.06197916666666667 0.08425925925925926
1 0.7024739583333334 0.5101851851851852 0.12005208333333334 0.15
1 0.14973958333333334 0.17314814814814813 0.08541666666666667 0.1111111111111111
1 0.14791666666666667 0.5854166666666667 0.15625 0.27361111111111114
1 0.56484375 0.02476851851851852 0.03802083333333333 0.047685185185185185
1 0.7333333333333333 0.020370370370370372 0.036458333333333336 0.040740740740740744
1 0.02421875 0.34120370370370373 0.046875 0.11296296296296296
3 0.7069010416666667 0.0912037037037037 0.038802083333333334 0.06851851851851852
3 0.14700520833333333 0.29768518518518516 0.05703125 0.0787037037037037
3 0.6463541666666667 0.22314814814814815 0.041666666666666664 0.046296296296296294
3 0.5856770833333333 0.14375 0.0296875 0.043055555555555555