0 0.516796875 0.27708333333333335 0.047135416666666666 0.1087962962962963
0 0.6208333333333333 0.30949074074074073 0.08697916666666666 0.07175925925925926
0 0.5296875 0.6113425925925926 0.04010416666666667 0.0875
1 0.18138020833333332 0.46944444444444444 0.18567708333333333 0.31203703703703706
1 0.7276041666666667 0.09097222222222222 0.035416666666666666 0.05324074074074074
1 0.75234375 0.5472222222222223 0.1015625 0.08148148148148149
1 0.4588541666666667 0.028703703703703703 0.06145833333333333 0.05648148148148148
1 0.571484375 0.028703703703703703 0.03828125 0.05462962962962963
1 0.826171875 0.06342592592592593 0.027864583333333335 0.040740740740740744
3 0.72578125 0.16412037037037036 0.04114583333333333 0.0587962962962963
3 0.15651041666666668 0.13425925925925927 0.07291666666666667 0.07962962962962963
3 0.9040364583333333 0.05810185185185185 0.08776041666666666 0.05324074074074074
3 0.6553385416666667 0.2701388888888889 0.037760416666666664 0.052314814814814814
3 0.5989583333333334 0.16041666666666668 0.023958333333333335 0.04398148148148148
0 0.671484375 0.2553240740740741 0.03723958333333333 0.0837962962962963