1 0.24861111111111112 0.6098765432098765 0.044444444444444446 0.07901234567901234
1 0.39444444444444443 0.6358024691358025 0.05555555555555555 0.0962962962962963
1 0.37222222222222223 0.41728395061728396 0.041666666666666664 0.08395061728395062
1 0.07222222222222222 0.5987654320987654 0.05555555555555555 0.07654320987654321
1 0.36319444444444443 0.774074074074074 0.05694444444444444 0.0962962962962963
1 0.3284722222222222 0.36790123456790125 0.04027777777777778 0.06419753086419754
1 0.18888888888888888 0.6888888888888889 0.041666666666666664 0.0691358024691358
1 0.9263888888888889 0.6037037037037037 0.05555555555555555 0.09135802469135802
1 0.16458333333333333 0.8753086419753087 0.07083333333333333 0.10617283950617284
1 0.25555555555555554 0.4308641975308642 0.03333333333333333 0.056790123456790124
1 0.08611111111111111 0.9555555555555556 0.08611111111111111 0.08888888888888889
1 0.9722222222222222 0.5691358024691358 0.05277777777777778 0.10123456790123457
1 0.6243055555555556 0.6666666666666666 0.04583333333333333 0.09876543209876543
1 0.6541666666666667 0.6506172839506172 0.03888888888888889 0.07160493827160494
1 0.6493055555555556 0.05925925925925926 0.04583333333333333 0.07901234567901234
3 0.09930555555555555 0.7481481481481481 0.05138888888888889 0.0691358024691358