0 0.6131944444444445 0.8691358024691358 0.12083333333333333 0.2123456790123457
1 0.7604166666666666 0.4160493827160494 0.09861111111111111 0.18024691358024691
1 0.6645833333333333 0.5493827160493827 0.09861111111111111 0.18024691358024691
1 0.5861111111111111 0.39753086419753086 0.09722222222222222 0.1925925925925926
1 0.18194444444444444 0.5061728395061729 0.09166666666666666 0.12839506172839507
1 0.9458333333333333 0.3765432098765432 0.10555555555555556 0.20987654320987653
1 0.5611111111111111 0.7617283950617284 0.125 0.2
1 0.7381944444444445 0.8419753086419753 0.12083333333333333 0.23209876543209876
1 0.6090277777777777 0.9543209876543209 0.10972222222222222 0.08641975308641975
3 0.3104166666666667 0.8061728395061728 0.0875 0.16049382716049382
3 0.47430555555555554 0.21728395061728395 0.0875 0.16296296296296298
3 0.5722222222222222 0.13333333333333333 0.1388888888888889 0.24691358024691357
3 0.8090277777777778 0.18888888888888888 0.16805555555555557 0.22469135802469137
3 0.21041666666666667 0.2580246913580247 0.06527777777777778 0.1259259259259259
3 0.18680555555555556 0.9518518518518518 0.09861111111111111 0.0962962962962963
3 0.5006944444444444 0.05555555555555555 0.06527777777777778 0.10617283950617284