1 0.46705729166666665 0.7527777777777778 0.048177083333333336 0.08611111111111111
1 0.658984375 0.2935185185185185 0.040364583333333336 0.04537037037037037
1 0.34075520833333334 0.8951388888888889 0.040364583333333336 0.08009259259259259
1 0.6852864583333333 0.6407407407407407 0.05182291666666667 0.09259259259259259
1 0.25638020833333336 0.7157407407407408 0.029427083333333333 0.05740740740740741
1 0.423828125 0.7592592592592593 0.03203125 0.08148148148148149
1 0.9069010416666666 0.2520833333333333 0.06744791666666666 0.08287037037037037
1 0.381640625 0.7379629629629629 0.03359375 0.046296296296296294
1 0.3483072916666667 0.48217592592592595 0.031510416666666666 0.055092592592592596
1 0.27591145833333336 0.6333333333333333 0.028385416666666666 0.05740740740740741
1 0.7013020833333333 0.5381944444444444 0.0671875 0.11805555555555555
1 0.5614583333333333 0.25 0.027083333333333334 0.04259259259259259
1 0.6700520833333333 0.46064814814814814 0.0390625 0.075
1 0.47708333333333336 0.2986111111111111 0.029166666666666667 0.04722222222222222
1 0.4361979166666667 0.38310185185185186 0.028645833333333332 0.0587962962962963
1 0.612109375 0.0650462962962963 0.030989583333333334 0.05138888888888889
1 0.38515625 0.42476851851851855 0.0265625 0.04212962962962963
1 0.21341145833333333 0.8152777777777778 0.021614583333333333 0.04722222222222222
1 0.6380208333333334 0.026851851851851852 0.025 0.041666666666666664
1 0.4694010416666667 0.33240740740740743 0.023697916666666666 0.044444444444444446
1 0.38841145833333335 0.45717592592592593 0.02109375 0.04027777777777778
1 0.6546875 0.26481481481481484 0.028125 0.040740740740740744