1 0.7167235494880546 0.775 0.07167235494880546 0.08333333333333333
1 0.7235494880546075 0.8614583333333333 0.07508532423208192 0.08958333333333333
1 0.8686006825938567 0.934375 0.07508532423208192 0.09375
1 0.6629692832764505 0.721875 0.06313993174061433 0.06875
1 0.5494880546075085 0.7197916666666667 0.06143344709897611 0.08125
1 0.8174061433447098 0.83125 0.06825938566552901 0.07916666666666666
1 0.35409556313993173 0.3302083333333333 0.05631399317406143 0.07708333333333334
1 0.49658703071672355 0.7020833333333333 0.05460750853242321 0.07083333333333333
1 0.9180887372013652 0.71875 0.06484641638225255 0.075
1 0.5307167235494881 0.4979166666666667 0.06825938566552901 0.09166666666666666
1 0.8677474402730375 0.26979166666666665 0.059726962457337884 0.06458333333333334
1 0.9556313993174061 0.6822916666666666 0.06143344709897611 0.07708333333333334
1 0.5870307167235495 0.225 0.04778156996587031 0.04583333333333333
1 0.5008532423208191 0.15 0.02901023890784983 0.029166666666666667
1 0.33447098976109213 0.271875 0.04436860068259386 0.04791666666666667
1 0.8796928327645052 0.2125 0.04948805460750853 0.06666666666666667
1 0.5895904436860068 0.28958333333333336 0.04948805460750853 0.04583333333333333
1 0.7363481228668942 0.425 0.04607508532423208 0.04583333333333333
1 0.7184300341296929 0.3104166666666667 0.06484641638225255 0.07916666666666666
1 0.19880546075085323 0.24375 0.04607508532423208 0.058333333333333334
1 0.6305460750853242 0.884375 0.059726962457337884 0.07708333333333334
1 0.96160409556314 0.3 0.06996587030716724 0.08333333333333333
1 0.9104095563139932 0.6864583333333333 0.07679180887372014 0.11041666666666666
1 0.36689419795221845 0.45729166666666665 0.04778156996587031 0.04791666666666667
1 0.3626279863481229 0.38645833333333335 0.03583617747440273 0.035416666666666666
1 0.7738907849829352 0.2708333333333333 0.07337883959044368 0.06666666666666667
1 0.4334470989761092 0.90625 0.06143344709897611 0.06666666666666667
1 0.49573378839590443 0.55625 0.04948805460750853 0.09583333333333334
1 0.4684300341296928 0.159375 0.025597269624573378 0.03125
1 0.4880546075085324 0.171875 0.027303754266211604 0.027083333333333334
1 0.1757679180887372 0.20729166666666668 0.027303754266211604 0.03125
1 0.2636518771331058 0.23958333333333334 0.03583617747440273 0.029166666666666667
1 0.36689419795221845 0.41354166666666664 0.034129692832764506 0.027083333333333334