0 0.05694444444444444 0.8975308641975308 0.1111111111111111 0.19506172839506172
0 0.8375 0.562962962962963 0.044444444444444446 0.1382716049382716
1 0.9361111111111111 0.7444444444444445 0.1111111111111111 0.17530864197530865
1 0.9416666666666667 0.5679012345679012 0.08888888888888889 0.1382716049382716
1 0.6375 0.4382716049382716 0.08611111111111111 0.1308641975308642
1 0.9555555555555556 0.4444444444444444 0.058333333333333334 0.09876543209876543
1 0.9097222222222222 0.36419753086419754 0.05277777777777778 0.09135802469135802
1 0.20347222222222222 0.1654320987654321 0.04027777777777778 0.05925925925925926
1 0.5298611111111111 0.9098765432098765 0.1486111111111111 0.17530864197530865
1 0.7423611111111111 0.03333333333333333 0.04583333333333333 0.06172839506172839
1 0.9618055555555556 0.37407407407407406 0.0625 0.08641975308641975
1 0.83125 0.10987654320987654 0.04027777777777778 0.07160493827160494
3 0.6270833333333333 0.9518518518518518 0.0763888888888889 0.08641975308641975
3 0.9708333333333333 0.9061728395061729 0.058333333333333334 0.13333333333333333
3 0.59375 0.18765432098765433 0.05138888888888889 0.07407407407407407