1 0.8515625 0.4601851851851852 0.04583333333333333 0.06851851851851852
1 0.13020833333333334 0.7458333333333333 0.036458333333333336 0.058333333333333334
1 0.5888020833333333 0.6462962962962963 0.0328125 0.05555555555555555
1 0.9552083333333333 0.3162037037037037 0.03958333333333333 0.05462962962962963
1 0.34921875 0.5731481481481482 0.0328125 0.05
1 0.628125 0.6476851851851851 0.03229166666666667 0.05462962962962963
1 0.7984375 0.4064814814814815 0.030208333333333334 0.05
1 0.20130208333333333 0.6310185185185185 0.030729166666666665 0.041666666666666664
1 0.34817708333333336 0.44675925925925924 0.030729166666666665 0.041666666666666664
1 0.6065104166666667 0.3388888888888889 0.0328125 0.05555555555555555
1 0.6817708333333333 0.38657407407407407 0.028125 0.04537037037037037
1 0.7794270833333333 0.37962962962962965 0.024479166666666666 0.040740740740740744