1 0.48723958333333334 0.44212962962962965 0.05364583333333333 0.06944444444444445
1 0.9388020833333334 0.5962962962962963 0.0609375 0.08148148148148149
1 0.9106770833333333 0.9152777777777777 0.0765625 0.12314814814814815
1 0.6408854166666667 0.20092592592592592 0.043229166666666666 0.07037037037037037
1 0.55 0.6226851851851852 0.051041666666666666 0.0787037037037037
1 0.18229166666666666 0.6916666666666667 0.046875 0.05555555555555555
1 0.103125 0.09074074074074075 0.04479166666666667 0.07407407407407407
1 0.11744791666666667 0.20879629629629629 0.0453125 0.06944444444444445
1 0.41875 0.22546296296296298 0.03333333333333333 0.0712962962962963
1 0.28046875 0.20555555555555555 0.0390625 0.05740740740740741
1 0.3885416666666667 0.19166666666666668 0.030208333333333334 0.06111111111111111
1 0.19401041666666666 0.2074074074074074 0.0390625 0.05740740740740741
1 0.40963541666666664 0.31296296296296294 0.0390625 0.05740740740740741
1 0.41067708333333336 0.04212962962962963 0.0390625 0.058333333333333334