3 0.6606770833333333 0.9166666666666666 0.035416666666666666 0.075
3 0.325 0.9363425925925926 0.041666666666666664 0.0587962962962963
1 0.8576822916666667 0.7759259259259259 0.04401041666666667 0.08148148148148149
1 0.6545572916666667 0.7293981481481482 0.03307291666666667 0.056018518518518516
1 0.47421875 0.6060185185185185 0.033854166666666664 0.05555555555555555
1 0.39088541666666665 0.4351851851851852 0.033854166666666664 0.05555555555555555
1 0.5622395833333333 0.3736111111111111 0.033854166666666664 0.05555555555555555
1 0.382421875 0.38680555555555557 0.028385416666666666 0.03657407407407407
1 0.24518229166666666 0.56875 0.028385416666666666 0.03657407407407407
1 0.42330729166666664 0.22523148148148148 0.028385416666666666 0.03657407407407407
1 0.440234375 0.20810185185185184 0.028385416666666666 0.03657407407407407