1 0.33958333333333335 0.6592592592592592 0.0763888888888889 0.11851851851851852
1 0.41388888888888886 0.37407407407407406 0.06111111111111111 0.09135802469135802
1 0.225 0.7419753086419754 0.09722222222222222 0.13580246913580246
1 0.6479166666666667 0.6876543209876543 0.09305555555555556 0.15555555555555556
1 0.41041666666666665 0.27283950617283953 0.06527777777777778 0.1111111111111111
1 0.5701388888888889 0.6135802469135803 0.07361111111111111 0.1308641975308642
1 0.5354166666666667 0.5296296296296297 0.059722222222222225 0.09135802469135802
1 0.5166666666666667 0.445679012345679 0.06666666666666667 0.10617283950617284
1 0.3541666666666667 0.06172839506172839 0.06944444444444445 0.10864197530864197
1 0.48194444444444445 0.7851851851851852 0.06666666666666667 0.11358024691358025
1 0.5090277777777777 0.3432098765432099 0.05416666666666667 0.08395061728395062
1 0.8131944444444444 0.9728395061728395 0.06805555555555555 0.05925925925925926
1 0.475 0.3 0.06388888888888888 0.0962962962962963
3 0.5729166666666666 0.09012345679012346 0.09027777777777778 0.1259259259259259
3 0.5465277777777777 0.2 0.05138888888888889 0.07407407407407407
3 0.12013888888888889 0.7814814814814814 0.09027777777777778 0.10617283950617284
3 0.6 0.5074074074074074 0.06111111111111111 0.1308641975308642
3 0.15208333333333332 0.41358024691358025 0.15694444444444444 0.19506172839506172
3 0.375 0.3012345679012346 0.03888888888888889 0.0691358024691358
3 0.3451388888888889 0.9592592592592593 0.09583333333333334 0.07160493827160494
3 0.4361111111111111 0.18518518518518517 0.03611111111111111 0.06419753086419754