0 0.7111111111111111 0.48518518518518516 0.10555555555555556 0.0962962962962963
0 0.5756944444444444 0.2518518518518518 0.11527777777777778 0.10864197530864197
1 0.7083333333333334 0.27037037037037037 0.058333333333333334 0.08641975308641975
1 0.4888888888888889 0.18271604938271604 0.05 0.0691358024691358
1 0.7604166666666666 0.34814814814814815 0.07083333333333333 0.08888888888888889
1 0.2388888888888889 0.5987654320987654 0.11666666666666667 0.19506172839506172
1 0.08472222222222223 0.31234567901234567 0.06111111111111111 0.11604938271604938
1 0.08958333333333333 0.42345679012345677 0.04583333333333333 0.08641975308641975
1 0.8006944444444445 0.2580246913580247 0.05694444444444444 0.08641975308641975
1 0.9347222222222222 0.2654320987654321 0.06666666666666667 0.1111111111111111
1 0.7076388888888889 0.11481481481481481 0.04027777777777778 0.07160493827160494
1 0.39375 0.9666666666666667 0.08472222222222223 0.06666666666666667
3 0.14375 0.9493827160493827 0.0875 0.0962962962962963
3 0.12638888888888888 0.4382716049382716 0.04722222222222222 0.12098765432098765