1 0.4684300341296928 0.440625 0.08703071672354949 0.11041666666666666
1 0.37372013651877134 0.71875 0.12286689419795221 0.15833333333333333
1 0.5546075085324232 0.23125 0.07167235494880546 0.08333333333333333
1 0.16467576791808874 0.7 0.09044368600682594 0.10833333333333334
1 0.49658703071672355 0.8104166666666667 0.07849829351535836 0.1
1 0.3677474402730375 0.44583333333333336 0.06996587030716724 0.09166666666666666
1 0.03754266211604096 0.7333333333333333 0.07167235494880546 0.09166666666666666
1 0.35238907849829354 0.54375 0.07679180887372014 0.07083333333333333
1 0.4991467576791809 0.553125 0.08703071672354949 0.09375
1 0.44283276450511944 0.5885416666666666 0.08020477815699659 0.08958333333333333
1 0.3771331058020478 0.3770833333333333 0.06825938566552901 0.1
1 0.5273037542662116 0.684375 0.08873720136518772 0.12291666666666666
1 0.04522184300341297 0.6166666666666667 0.08703071672354949 0.09166666666666666
1 0.033276450511945395 0.33229166666666665 0.06313993174061433 0.15625
1 0.29948805460750855 0.40625 0.06313993174061433 0.0625