1 0.149609375 0.4634259259259259 0.04609375 0.0712962962962963
1 0.435546875 0.5518518518518518 0.03203125 0.05092592592592592
1 0.21432291666666667 0.3587962962962963 0.027083333333333334 0.03981481481481482
1 0.353515625 0.49189814814814814 0.03828125 0.0587962962962963
1 0.24401041666666667 0.5011574074074074 0.051041666666666666 0.07361111111111111
1 0.07239583333333334 0.5256944444444445 0.0515625 0.06898148148148148
1 0.44752604166666665 0.4844907407407407 0.023697916666666666 0.0412037037037037
3 0.397265625 0.5027777777777778 0.040364583333333336 0.05185185185185185
3 0.33697916666666666 0.5912037037037037 0.034895833333333334 0.041666666666666664
3 0.3177083333333333 0.5099537037037037 0.05625 0.04675925925925926
3 0.051041666666666666 0.8060185185185185 0.0765625 0.09537037037037037
1 0.24973958333333332 0.5546296296296296 0.051041666666666666 0.07407407407407407
1 0.13463541666666667 0.4391203703703704 0.03802083333333333 0.05416666666666667
1 0.041666666666666664 0.5048611111111111 0.0515625 0.06898148148148148
1 0.07552083333333333 0.4756944444444444 0.0515625 0.06898148148148148