0 0.69453125 0.7180555555555556 0.10572916666666667 0.10092592592592593
1 0.08697916666666666 0.7430555555555556 0.06354166666666666 0.08981481481481482
1 0.6893229166666667 0.8953703703703704 0.044270833333333336 0.07777777777777778
1 0.6747395833333333 0.5773148148148148 0.04114583333333333 0.06388888888888888
1 0.16848958333333333 0.4976851851851852 0.0453125 0.06759259259259259
1 0.4674479166666667 0.300462962962963 0.034895833333333334 0.05648148148148148
1 0.28984375 0.37453703703703706 0.04114583333333333 0.062037037037037036
1 0.47682291666666665 0.3731481481481482 0.0390625 0.05555555555555555
1 0.5833333333333334 0.32222222222222224 0.0375 0.05925925925925926
1 0.11822916666666666 0.23564814814814813 0.035416666666666666 0.05462962962962963
1 0.03515625 0.9703703703703703 0.06302083333333333 0.05555555555555555
1 0.6109375 0.3560185185185185 0.0375 0.06388888888888888
3 0.5122395833333333 0.6134259259259259 0.05260416666666667 0.07685185185185185
3 0.18984375 0.9643518518518519 0.10364583333333334 0.062037037037037036