0 0.20833333333333334 0.8654320987654321 0.06111111111111111 0.22469135802469137
0 0.11597222222222223 0.254320987654321 0.1125 0.14320987654320988
0 0.2701388888888889 0.2679012345679012 0.12638888888888888 0.08641975308641975
0 0.16805555555555557 0.7074074074074074 0.09166666666666666 0.18024691358024691
0 0.3875 0.2679012345679012 0.11944444444444445 0.11604938271604938
1 0.22569444444444445 0.5938271604938271 0.12361111111111112 0.19012345679012346
1 0.36041666666666666 0.1469135802469136 0.09305555555555556 0.14074074074074075
1 0.45416666666666666 0.09876543209876543 0.06111111111111111 0.09876543209876543
1 0.5243055555555556 0.3160493827160494 0.13194444444444445 0.23209876543209876
3 0.2798611111111111 0.8222222222222222 0.1125 0.20246913580246914
3 0.1388888888888889 0.1308641975308642 0.06388888888888888 0.08395061728395062
3 0.9375 0.5148148148148148 0.125 0.22962962962962963
3 0.1673611111111111 0.04938271604938271 0.07916666666666666 0.09382716049382717