1 0.437109375 0.5530092592592593 0.040364583333333336 0.06342592592592593
1 0.47408854166666664 0.5988425925925925 0.029427083333333333 0.04583333333333333
1 0.17421875 0.5252314814814815 0.0375 0.056018518518518516
1 0.3165364583333333 0.5046296296296297 0.03307291666666667 0.06111111111111111
1 0.6888020833333334 0.4675925925925926 0.0234375 0.04722222222222222
1 0.153125 0.26875 0.0265625 0.04398148148148148
1 0.0625 0.5481481481481482 0.035416666666666666 0.04814814814814815
1 0.3958333333333333 0.29398148148148145 0.016145833333333335 0.027777777777777776
1 0.123046875 0.2585648148148148 0.026822916666666665 0.04398148148148148
3 0.13033854166666667 0.8289351851851852 0.04869791666666667 0.08194444444444444
1 0.38125 0.28703703703703703 0.016145833333333335 0.027777777777777776
1 0.29791666666666666 0.26157407407407407 0.016145833333333335 0.027777777777777776
1 0.29973958333333334 0.22592592592592592 0.016145833333333335 0.027777777777777776
1 0.3177083333333333 0.3212962962962963 0.016145833333333335 0.027777777777777776
1 0.2986979166666667 0.37222222222222223 0.016145833333333335 0.027777777777777776
1 0.491015625 0.4537037037037037 0.021614583333333333 0.032407407407407406
1 0.5768229166666666 0.530787037037037 0.0171875 0.02546296296296296
3 0.49557291666666664 0.5412037037037037 0.017708333333333333 0.02962962962962963
1 0.8859375 0.29560185185185184 0.020833333333333332 0.03287037037037037
1 0.8114583333333333 0.293287037037037 0.020833333333333332 0.03287037037037037
1 0.9401041666666666 0.34375 0.020833333333333332 0.03287037037037037
1 0.220703125 0.4726851851851852 0.02734375 0.04259259259259259