0 0.4088541666666667 0.950925925925926 0.058333333333333334 0.1
1 0.28046875 0.4685185185185185 0.0421875 0.06666666666666667
1 0.7393229166666667 0.7101851851851851 0.0484375 0.06666666666666667
1 0.3809895833333333 0.8453703703703703 0.058854166666666666 0.09444444444444444
1 0.045572916666666664 0.3425925925925926 0.04010416666666667 0.05740740740740741
1 0.15546875 0.28703703703703703 0.0421875 0.06296296296296296
1 0.7591145833333334 0.9046296296296297 0.06302083333333333 0.09259259259259259
1 0.8036458333333333 0.7013888888888888 0.05520833333333333 0.06388888888888888
1 0.09895833333333333 0.2763888888888889 0.03125 0.04351851851851852
1 0.6645833333333333 0.4824074074074074 0.029166666666666667 0.046296296296296294
1 0.15703125 0.4708333333333333 0.0359375 0.075
3 0.2520833333333333 0.850925925925926 0.08125 0.12222222222222222
3 0.45755208333333336 0.962037037037037 0.06510416666666667 0.06666666666666667