1 0.5548611111111111 0.2506172839506173 0.08194444444444444 0.13580246913580246
1 0.11597222222222223 0.16666666666666666 0.05416666666666667 0.10123456790123457
1 0.19930555555555557 0.5555555555555556 0.0625 0.08888888888888889
1 0.5076388888888889 0.4246913580246914 0.08472222222222223 0.13333333333333333
1 0.2048611111111111 0.10246913580246914 0.04583333333333333 0.07654320987654321
1 0.8652777777777778 0.14938271604938272 0.07222222222222222 0.14074074074074075
1 0.2986111111111111 0.391358024691358 0.06944444444444445 0.11604938271604938
1 0.9423611111111111 0.07777777777777778 0.07361111111111111 0.10617283950617284
1 0.30277777777777776 0.8716049382716049 0.14444444444444443 0.2123456790123457
1 0.1798611111111111 0.454320987654321 0.05416666666666667 0.08395061728395062
1 0.034027777777777775 0.3111111111111111 0.06527777777777778 0.1037037037037037
3 0.07291666666666667 0.7234567901234568 0.14305555555555555 0.13333333333333333
3 0.45069444444444445 0.2308641975308642 0.05694444444444444 0.09135802469135802
3 0.3277777777777778 0.13950617283950617 0.05555555555555555 0.08641975308641975
3 0.8145833333333333 0.22962962962962963 0.0763888888888889 0.09382716049382717
3 0.13472222222222222 0.22098765432098766 0.05 0.10123456790123457
3 0.38333333333333336 0.14814814814814814 0.044444444444444446 0.08395061728395062