1 0.7830729166666667 0.2861111111111111 0.0546875 0.08703703703703704
1 0.8416666666666667 0.31805555555555554 0.05416666666666667 0.09537037037037037
1 0.5614583333333333 0.5111111111111111 0.03333333333333333 0.05740740740740741
1 0.3333333333333333 0.9439814814814815 0.052083333333333336 0.09907407407407408
1 0.5854166666666667 0.4324074074074074 0.030208333333333334 0.053703703703703705
1 0.4356770833333333 0.6546296296296297 0.027604166666666666 0.05
1 0.3890625 0.7189814814814814 0.027083333333333334 0.04722222222222222
1 0.48880208333333336 0.5898148148148148 0.027604166666666666 0.04814814814814815
1 0.515625 0.524074074074074 0.026041666666666668 0.05
3 0.4786458333333333 0.9208333333333333 0.06354166666666666 0.10277777777777777
3 0.7552083333333334 0.40879629629629627 0.075 0.11203703703703703
3 0.6255208333333333 0.5949074074074074 0.06979166666666667 0.11018518518518519
3 0.49114583333333334 0.7921296296296296 0.04791666666666667 0.09351851851851851
3 0.39895833333333336 0.8597222222222223 0.04583333333333333 0.08055555555555556
0 0.6934895833333333 0.4666666666666667 0.0640625 0.07407407407407407
0 0.8934895833333333 0.8273148148148148 0.09739583333333333 0.10462962962962963