0 0.73125 0.825925925925926 0.134375 0.17222222222222222
1 0.6140625 0.5703703703703704 0.07708333333333334 0.1259259259259259
1 0.3255208333333333 0.4962962962962963 0.059375 0.0962962962962963
1 0.8434895833333333 0.5060185185185185 0.07447916666666667 0.11574074074074074
1 0.296875 0.4222222222222222 0.053125 0.07407407407407407
1 0.3 0.9305555555555556 0.13020833333333334 0.12962962962962962
1 0.5231770833333333 0.6453703703703704 0.0703125 0.11481481481481481
1 0.38177083333333334 0.274537037037037 0.035416666666666666 0.05462962962962963
1 0.2984375 0.3101851851851852 0.0375 0.053703703703703705
1 0.6627604166666666 0.9532407407407407 0.10572916666666667 0.08981481481481482
1 0.09010416666666667 0.475462962962963 0.07083333333333333 0.09907407407407408
1 0.010677083333333334 0.43703703703703706 0.0203125 0.05555555555555555
3 0.24557291666666667 0.7759259259259259 0.09010416666666667 0.1111111111111111
3 0.9552083333333333 0.8407407407407408 0.08854166666666667 0.14444444444444443
3 0.94296875 0.6962962962962963 0.10677083333333333 0.15185185185185185
3 0.20104166666666667 0.9472222222222222 0.10208333333333333 0.1
3 0.6611979166666667 0.8856481481481482 0.0921875 0.12129629629629629
3 0.48854166666666665 0.9601851851851851 0.12708333333333333 0.06851851851851852
3 0.23125 0.6263888888888889 0.06770833333333333 0.10277777777777777
3 0.8080729166666667 0.6930555555555555 0.07135416666666666 0.10092592592592593
3 0.41171875 0.5425925925925926 0.0640625 0.09259259259259259
3 0.2955729166666667 0.6319444444444444 0.0515625 0.0824074074074074
3 0.9588541666666667 0.9601851851851851 0.08229166666666667 0.07037037037037037
3 0.7799479166666666 0.500462962962963 0.05260416666666667 0.09722222222222222
3 0.8479166666666667 0.674074074074074 0.06354166666666666 0.08518518518518518
3 0.5583333333333333 0.6981481481481482 0.06041666666666667 0.08148148148148149
3 0.8513020833333333 0.937962962962963 0.07135416666666666 0.10925925925925926
3 0.38828125 0.6296296296296297 0.03697916666666667 0.06666666666666667
3 0.5078125 0.3912037037037037 0.06666666666666667 0.10277777777777777