1 0.12578125 0.9349537037037037 0.09791666666666667 0.12268518518518519
1 0.205859375 0.8807870370370371 0.08307291666666666 0.12083333333333333
1 0.37356770833333336 0.5581018518518519 0.04140625 0.0625
1 0.719921875 0.7407407407407407 0.055989583333333336 0.08518518518518518
1 0.749609375 0.368287037037037 0.032552083333333336 0.056018518518518516
1 0.357421875 0.7275462962962963 0.05234375 0.1162037037037037
1 0.6033854166666667 0.49027777777777776 0.03333333333333333 0.06296296296296296
1 0.43203125 0.5518518518518518 0.0359375 0.05
1 0.7875 0.3587962962962963 0.03229166666666667 0.053703703703703705
1 0.09375 0.7479166666666667 0.06979166666666667 0.10787037037037037
1 0.408984375 0.16782407407407407 0.026822916666666665 0.0587962962962963
1 0.7932291666666667 0.4152777777777778 0.035416666666666666 0.06481481481481481
1 0.4837239583333333 0.9694444444444444 0.08151041666666667 0.05185185185185185
1 0.6346354166666667 0.5534722222222223 0.034375 0.06342592592592593
1 0.469921875 0.4583333333333333 0.026302083333333334 0.05555555555555555
1 0.8313802083333334 0.5064814814814815 0.039322916666666666 0.06666666666666667
1 0.76796875 0.5368055555555555 0.04479166666666667 0.06435185185185185
1 0.3365885416666667 0.2076388888888889 0.029947916666666668 0.06435185185185185
1 0.43307291666666664 0.5159722222222223 0.0296875 0.043055555555555555
1 0.25729166666666664 0.15416666666666667 0.027083333333333334 0.05185185185185185
1 0.23697916666666666 0.44583333333333336 0.030729166666666665 0.046296296296296294
1 0.8619791666666666 0.32013888888888886 0.042708333333333334 0.07731481481481481
3 0.58671875 0.5511574074074074 0.04114583333333333 0.0587962962962963
3 0.340234375 0.5247685185185185 0.05078125 0.06342592592592593
3 0.6171875 0.5326388888888889 0.035416666666666666 0.050462962962962966
3 0.13502604166666668 0.5972222222222222 0.03307291666666667 0.05925925925925926
1 0.135546875 0.2599537037037037 0.026302083333333334 0.027314814814814816