0 0.1701388888888889 0.837037037037037 0.12361111111111112 0.23209876543209876
0 0.22916666666666666 0.9209876543209876 0.058333333333333334 0.1580246913580247
1 0.6229166666666667 0.9246913580246914 0.10694444444444444 0.1506172839506173
1 0.9159722222222222 0.5839506172839506 0.0875 0.11604938271604938
1 0.7541666666666667 0.26666666666666666 0.05555555555555555 0.09382716049382717
1 0.9284722222222223 0.30493827160493825 0.08194444444444444 0.1259259259259259
1 0.8319444444444445 0.13580246913580246 0.058333333333333334 0.09876543209876543
1 0.4826388888888889 0.18395061728395062 0.05694444444444444 0.0962962962962963
1 0.9756944444444444 0.5506172839506173 0.04861111111111111 0.14320987654320988
1 0.7722222222222223 0.04567901234567901 0.08611111111111111 0.08641975308641975
1 0.45555555555555555 0.1271604938271605 0.04722222222222222 0.09135802469135802
1 0.4597222222222222 0.9592592592592593 0.10833333333333334 0.08148148148148149
3 0.06041666666666667 0.3617283950617284 0.10972222222222222 0.1506172839506173
3 0.3736111111111111 0.5222222222222223 0.09166666666666666 0.1654320987654321