1 0.5493055555555556 0.5938271604938271 0.04861111111111111 0.08148148148148149
1 0.8784722222222222 0.7790123456790123 0.059722222222222225 0.08641975308641975
1 0.7458333333333333 0.7592592592592593 0.05 0.08148148148148149
1 0.1375 0.7320987654320987 0.07777777777777778 0.12098765432098765
1 0.7138888888888889 0.6185185185185185 0.04722222222222222 0.07160493827160494
1 0.03958333333333333 0.4345679012345679 0.06527777777777778 0.09876543209876543
1 0.6243055555555556 0.48148148148148145 0.04583333333333333 0.0691358024691358
1 0.7208333333333333 0.8962962962962963 0.04722222222222222 0.07901234567901234
1 0.18194444444444444 0.5814814814814815 0.05 0.08641975308641975
1 0.6 0.2975308641975309 0.05 0.08641975308641975
1 0.9416666666666667 0.40370370370370373 0.06111111111111111 0.07654320987654321
1 0.40347222222222223 0.3530864197530864 0.0375 0.0691358024691358
1 0.23333333333333334 0.3148148148148148 0.041666666666666664 0.06666666666666667
1 0.6548611111111111 0.2382716049382716 0.043055555555555555 0.07160493827160494
3 0.23402777777777778 0.6654320987654321 0.0625 0.0962962962962963
3 0.42569444444444443 0.45308641975308644 0.06805555555555555 0.11604938271604938