1 0.4583333333333333 0.36898148148148147 0.058333333333333334 0.08981481481481482
1 0.25416666666666665 0.47962962962962963 0.0625 0.1037037037037037
1 0.40130208333333334 0.22268518518518518 0.0453125 0.08425925925925926
1 0.4109375 0.08981481481481482 0.046875 0.053703703703703705
1 0.80859375 0.5078703703703704 0.049479166666666664 0.08055555555555556
1 0.609375 0.6180555555555556 0.03854166666666667 0.0787037037037037
1 0.46041666666666664 0.44907407407407407 0.042708333333333334 0.06666666666666667
1 0.9278645833333333 0.812962962962963 0.0734375 0.1037037037037037
1 0.6463541666666667 0.5712962962962963 0.03854166666666667 0.06296296296296296
1 0.5427083333333333 0.37453703703703706 0.03333333333333333 0.06018518518518518
1 0.10234375 0.03333333333333333 0.0578125 0.06481481481481481
1 0.79453125 0.13518518518518519 0.04010416666666667 0.06481481481481481
1 0.9796875 0.11574074074074074 0.03958333333333333 0.08148148148148149
1 0.8356770833333333 0.05787037037037037 0.04010416666666667 0.05648148148148148
1 0.044270833333333336 0.4060185185185185 0.04583333333333333 0.0712962962962963
1 0.21015625 0.1162037037037037 0.034895833333333334 0.05277777777777778
3 0.9028645833333333 0.875 0.07239583333333334 0.0962962962962963
3 0.7299479166666667 0.7384259259259259 0.058854166666666666 0.0712962962962963
1 0.3497395833333333 0.03333333333333333 0.034895833333333334 0.053703703703703705