0 0.24088541666666666 0.287962962962963 0.07864583333333333 0.058333333333333334
1 0.32421875 0.5104166666666666 0.052083333333333336 0.08194444444444444
1 0.18932291666666667 0.2449074074074074 0.0421875 0.053703703703703705
1 0.10481770833333333 0.6504629629629629 0.08619791666666667 0.1259259259259259
1 0.4022135416666667 0.47199074074074077 0.03984375 0.06620370370370371
1 0.46015625 0.6238425925925926 0.04791666666666667 0.07546296296296297
1 0.5055989583333333 0.399537037037037 0.03671875 0.05740740740740741
1 0.341015625 0.28217592592592594 0.03619791666666667 0.05324074074074074
1 0.6428385416666667 0.4148148148148148 0.02578125 0.04351851851851852
1 0.7100260416666667 0.5486111111111112 0.02578125 0.04351851851851852
1 0.6651041666666667 0.5023148148148148 0.020833333333333332 0.03888888888888889
1 0.21197916666666666 0.3962962962962963 0.04479166666666667 0.06944444444444445
1 0.5772135416666667 0.32083333333333336 0.021614583333333333 0.037037037037037035
3 0.13984375 0.44930555555555557 0.09010416666666667 0.10416666666666667
3 0.33177083333333335 0.32314814814814813 0.04114583333333333 0.03981481481481482
3 0.06731770833333334 0.4925925925925926 0.07630208333333334 0.09351851851851851
3 0.5811197916666667 0.4127314814814815 0.029427083333333333 0.04583333333333333
1 0.7342447916666667 0.5300925925925926 0.01796875 0.03333333333333333
1 0.78828125 0.48865740740740743 0.013020833333333334 0.022685185185185187
1 0.6239583333333333 0.35625 0.013020833333333334 0.022685185185185187
1 0.5552083333333333 0.3210648148148148 0.013020833333333334 0.022685185185185187
1 0.66796875 0.33819444444444446 0.013020833333333334 0.022685185185185187