1 0.5283854166666667 0.33078703703703705 0.03177083333333333 0.052314814814814814
1 0.4421875 0.5391203703703704 0.04895833333333333 0.07453703703703704
1 0.15325520833333334 0.78125 0.05390625 0.07824074074074074
1 0.38177083333333334 0.3372685185185185 0.03854166666666667 0.059722222222222225
1 0.15611979166666667 0.8650462962962963 0.06432291666666666 0.09305555555555556
1 0.812890625 0.46064814814814814 0.032552083333333336 0.049074074074074076
1 0.571484375 0.2969907407407407 0.026822916666666665 0.04490740740740741
1 0.6307291666666667 0.4837962962962963 0.0375 0.05740740740740741
1 0.09375 0.3416666666666667 0.049479166666666664 0.06851851851851852
1 0.603125 0.3247685185185185 0.022395833333333334 0.04027777777777778
1 0.31875 0.2502314814814815 0.029166666666666667 0.04583333333333333
1 0.3921875 0.26666666666666666 0.027604166666666666 0.041666666666666664
1 0.166796875 0.13125 0.03619791666666667 0.052314814814814814
1 0.27630208333333334 0.44351851851851853 0.0421875 0.06666666666666667
1 0.2545572916666667 0.6027777777777777 0.03046875 0.05
1 0.04010416666666667 0.2923611111111111 0.046875 0.06527777777777778
1 0.18645833333333334 0.29189814814814813 0.03802083333333333 0.055092592592592596
1 0.4967447916666667 0.5805555555555556 0.03723958333333333 0.06111111111111111
1 0.725390625 0.4516203703703704 0.029427083333333333 0.04861111111111111
1 0.7140625 0.3888888888888889 0.03125 0.04537037037037037
1 0.18919270833333332 0.2388888888888889 0.038802083333333334 0.05555555555555555
1 0.5255208333333333 0.22199074074074074 0.025520833333333333 0.04398148148148148
1 0.12578125 0.19930555555555557 0.0375 0.05694444444444444
1 0.537109375 0.6351851851851852 0.039322916666666666 0.044444444444444446
1 0.5358072916666666 0.5344907407407408 0.04453125 0.0763888888888889
1 0.2947916666666667 0.14189814814814813 0.027604166666666666 0.043055555555555555
1 0.7217447916666667 0.02060185185185185 0.03307291666666667 0.04027777777777778
1 0.12291666666666666 0.06759259259259259 0.03177083333333333 0.05
1 0.4075520833333333 0.1474537037037037 0.03177083333333333 0.04675925925925926
1 0.48359375 0.1650462962962963 0.027604166666666666 0.043055555555555555
3 0.14661458333333333 0.655787037037037 0.044270833333333336 0.060648148148148145
3 0.19114583333333332 0.5828703703703704 0.051041666666666666 0.058333333333333334
3 0.34518229166666664 0.525 0.040364583333333336 0.05555555555555555
3 0.04544270833333333 0.35833333333333334 0.06067708333333333 0.07592592592592592
3 0.5518229166666667 0.5083333333333333 0.06302083333333333 0.10740740740740741
1 0.7354166666666667 0.42407407407407405 0.03125 0.04537037037037037
1 0.8598958333333333 0.3925925925925926 0.03125 0.04537037037037037
1 0.603125 0.24166666666666667 0.03125 0.04537037037037037
1 0.6522135416666667 0.1752314814814815 0.024739583333333332 0.03657407407407407
1 0.6194010416666667 0.1613425925925926 0.024739583333333332 0.03657407407407407
1 0.615234375 0.02662037037037037 0.024739583333333332 0.03657407407407407
1 0.6662760416666667 0.034027777777777775 0.024739583333333332 0.03657407407407407
1 0.6845052083333333 0.08310185185185186 0.024739583333333332 0.03657407407407407
1 0.4359375 0.14189814814814813 0.03177083333333333 0.04675925925925926