3 0.5368489583333333 0.39699074074074076 0.026302083333333334 0.033796296296296297
3 0.5397135416666666 0.18078703703703702 0.017447916666666667 0.024537037037037038
3 0.8174479166666667 0.9398148148148148 0.043229166666666666 0.05185185185185185
0 0.5453125 0.5518518518518518 0.043229166666666666 0.06388888888888888
3 0.5908854166666667 0.5525462962962963 0.06197916666666667 0.09675925925925925
3 0.669140625 0.4988425925925926 0.03828125 0.055092592592592596
3 0.911328125 0.6717592592592593 0.05078125 0.09722222222222222
3 0.8161458333333333 0.638425925925926 0.07760416666666667 0.1287037037037037
3 0.5838541666666667 0.8284722222222223 0.043229166666666666 0.07824074074074074
3 0.3204427083333333 0.9261574074074074 0.04244791666666667 0.050462962962962966
3 0.33515625 0.35532407407407407 0.0265625 0.038425925925925926
0 0.46588541666666666 0.5986111111111111 0.0625 0.07685185185185185