1 0.6213541666666667 0.7467592592592592 0.07395833333333333 0.11574074074074074
1 0.2825520833333333 0.8944444444444445 0.058854166666666666 0.10185185185185185
1 0.9705729166666667 0.862037037037037 0.0578125 0.17592592592592593
1 0.18958333333333333 0.4666666666666667 0.04791666666666667 0.08888888888888889
1 0.2421875 0.7125 0.04791666666666667 0.08611111111111111
1 0.2265625 0.26435185185185184 0.036458333333333336 0.07314814814814814
3 0.5645833333333333 0.5087962962962963 0.08854166666666667 0.15092592592592594
3 0.26536458333333335 0.0837962962962963 0.08385416666666666 0.16203703703703703
3 0.5546875 0.8870370370370371 0.071875 0.08148148148148149
3 0.72890625 0.7972222222222223 0.0671875 0.12962962962962962
3 0.33515625 0.18101851851851852 0.05260416666666667 0.17314814814814813