3 0.6665364583333333 0.056712962962962965 0.05130208333333333 0.07916666666666666
0 0.6404947916666667 0.10717592592592592 0.047135416666666666 0.1125
3 0.9430989583333333 0.45625 0.06015625 0.05787037037037037
3 0.8419270833333333 0.8543981481481482 0.041666666666666664 0.08009259259259259
3 0.6381510416666667 0.9298611111111111 0.03203125 0.06712962962962964
3 0.595703125 0.7222222222222222 0.04921875 0.09537037037037037
3 0.5123697916666666 0.4761574074074074 0.026302083333333334 0.056018518518518516
3 0.46796875 0.38449074074074074 0.03125 0.056018518518518516
3 0.3341145833333333 0.11018518518518519 0.03854166666666667 0.032407407407407406
3 0.38776041666666666 0.6162037037037037 0.0453125 0.05925925925925926
0 0.05078125 0.8530092592592593 0.03229166666666667 0.07453703703703704
3 0.17213541666666668 0.9722222222222222 0.033854166666666664 0.05555555555555555
3 0.03359375 0.6939814814814815 0.04635416666666667 0.049074074074074076
1 0.6182291666666667 0.8090277777777778 0.043229166666666666 0.06620370370370371