1 0.9232081911262798 0.6135416666666667 0.06143344709897611 0.07708333333333334
1 0.5793515358361775 0.7291666666666666 0.06655290102389079 0.08333333333333333
1 0.757679180887372 0.5427083333333333 0.06143344709897611 0.08125
1 0.9786689419795221 0.45729166666666665 0.04607508532423208 0.04375
1 0.712457337883959 0.5635416666666667 0.04948805460750853 0.06041666666666667
1 0.7866894197952219 0.4864583333333333 0.05460750853242321 0.06458333333333334
1 0.6407849829351536 0.6375 0.05631399317406143 0.0625
1 0.8208191126279863 0.4479166666666667 0.06143344709897611 0.07083333333333333
1 0.60580204778157 0.665625 0.051194539249146756 0.06041666666666667
1 0.9001706484641638 0.43020833333333336 0.06655290102389079 0.05625
1 0.712457337883959 0.815625 0.09385665529010238 0.09375
3 0.590443686006826 0.55 0.08191126279863481 0.09166666666666666
1 0.9607508532423208 0.41875 0.04436860068259386 0.05416666666666667