1 0.22847222222222222 0.31234567901234567 0.05694444444444444 0.0962962962962963
1 0.2923611111111111 0.37407407407407406 0.06527777777777778 0.08641975308641975
1 0.5527777777777778 0.5604938271604938 0.08888888888888889 0.13333333333333333
1 0.6770833333333334 0.3530864197530864 0.06527777777777778 0.1037037037037037
1 0.6118055555555556 0.3567901234567901 0.0625 0.10617283950617284
1 0.28888888888888886 0.9111111111111111 0.10555555555555556 0.16790123456790124
1 0.15138888888888888 0.26049382716049385 0.06666666666666667 0.08148148148148149
1 0.47708333333333336 0.19753086419753085 0.06527777777777778 0.1037037037037037
1 0.3819444444444444 0.49876543209876545 0.08055555555555556 0.11851851851851852
1 0.03819444444444445 0.36790123456790125 0.07361111111111111 0.10864197530864197
1 0.5652777777777778 0.27901234567901234 0.06388888888888888 0.12345679012345678
1 0.3111111111111111 0.7098765432098766 0.08055555555555556 0.1506172839506173
1 0.5972222222222222 0.18024691358024691 0.058333333333333334 0.09876543209876543
1 0.6263888888888889 0.1469135802469136 0.06388888888888888 0.0962962962962963
1 0.21736111111111112 0.845679012345679 0.09027777777777778 0.17037037037037037
1 0.5090277777777777 0.11975308641975309 0.043055555555555555 0.056790123456790124
3 0.39305555555555555 0.917283950617284 0.10277777777777777 0.1654320987654321
3 0.5506944444444445 0.8617283950617284 0.08472222222222223 0.1382716049382716
3 0.5680555555555555 0.6777777777777778 0.06944444444444445 0.10617283950617284
1 0.06944444444444445 0.9629629629629629 0.09722222222222222 0.07901234567901234