1 0.6205729166666667 0.5402777777777777 0.034375 0.05925925925925926
1 0.506640625 0.6645833333333333 0.031510416666666666 0.05694444444444444
1 0.45989583333333334 0.7101851851851851 0.03125 0.05462962962962963
1 0.4217447916666667 0.8520833333333333 0.03515625 0.06157407407407407
1 0.6967447916666667 0.6030092592592593 0.04192708333333333 0.06805555555555555
1 0.437109375 0.9606481481481481 0.04765625 0.075
1 0.6600260416666667 0.9634259259259259 0.06848958333333334 0.07037037037037037
1 0.98203125 0.32060185185185186 0.035416666666666666 0.05416666666666667
1 0.6591145833333333 0.524074074074074 0.024479166666666666 0.040740740740740744
1 0.7209635416666667 0.5752314814814815 0.029947916666666668 0.04861111111111111
1 0.466015625 0.5701388888888889 0.031510416666666666 0.05694444444444444
1 0.5518229166666667 0.5166666666666667 0.0296875 0.046296296296296294
1 0.44140625 0.6090277777777777 0.025520833333333333 0.04583333333333333
1 0.41236979166666665 0.7094907407407407 0.023177083333333334 0.04583333333333333
1 0.40911458333333334 0.6381944444444444 0.027604166666666666 0.047685185185185185
1 0.6151041666666667 0.5090277777777777 0.029166666666666667 0.03009259259259259
1 0.537109375 0.5467592592592593 0.020052083333333335 0.018518518518518517