1 0.40598958333333335 0.9398148148148148 0.049479166666666664 0.09259259259259259
1 0.5518229166666667 0.7592592592592593 0.04739583333333333 0.09074074074074075
1 0.47213541666666664 0.4393518518518518 0.034895833333333334 0.06018518518518518
1 0.7635416666666667 0.7393518518518518 0.053125 0.10277777777777777
1 0.98203125 0.8842592592592593 0.034895833333333334 0.13703703703703704
1 0.5427083333333333 0.5375 0.03333333333333333 0.0712962962962963
1 0.26901041666666664 0.36944444444444446 0.04114583333333333 0.06851851851851852
1 0.7325520833333333 0.9699074074074074 0.058854166666666666 0.05648148148148148
1 0.21119791666666668 0.4203703703703704 0.025520833333333333 0.044444444444444446
1 0.20807291666666666 0.38333333333333336 0.025520833333333333 0.044444444444444446
1 0.19817708333333334 0.5175925925925926 0.025520833333333333 0.044444444444444446
1 0.14453125 0.6953703703703704 0.025520833333333333 0.044444444444444446