1 0.09661458333333334 0.5212962962962963 0.0484375 0.08148148148148149
1 0.05807291666666667 0.638425925925926 0.05260416666666667 0.0787037037037037
1 0.11263020833333333 0.9342592592592592 0.06588541666666667 0.09814814814814815
1 0.078125 0.4046296296296296 0.04739583333333333 0.07962962962962963
1 0.49166666666666664 0.36574074074074076 0.051041666666666666 0.0824074074074074
1 0.4537760416666667 0.08356481481481481 0.05286458333333333 0.07361111111111111
1 0.2630208333333333 0.51875 0.05 0.07453703703703704
1 0.49635416666666665 0.8979166666666667 0.0390625 0.08287037037037037
1 0.43216145833333336 0.21597222222222223 0.05286458333333333 0.09212962962962963
1 0.2552083333333333 0.33587962962962964 0.049479166666666664 0.08287037037037037
1 0.18932291666666667 0.49722222222222223 0.0578125 0.09351851851851851
1 0.08932291666666667 0.7673611111111112 0.0625 0.09027777777777778
1 0.7325520833333333 0.969212962962963 0.06614583333333333 0.0587962962962963
1 0.12552083333333333 0.6409722222222223 0.057291666666666664 0.08657407407407407
3 0.25559895833333335 0.4439814814814815 0.05182291666666667 0.09537037037037037
3 0.287109375 0.3685185185185185 0.03463541666666667 0.06111111111111111