1 0.49609375 0.2740740740740741 0.0546875 0.09351851851851851
1 0.5368489583333333 0.45185185185185184 0.04348958333333333 0.07314814814814814
1 0.81484375 0.47638888888888886 0.030208333333333334 0.05
1 0.86328125 0.1824074074074074 0.027604166666666666 0.05092592592592592
1 0.29765625 0.16712962962962963 0.06927083333333334 0.11574074074074074
1 0.7380208333333333 0.2585648148148148 0.03802083333333333 0.06527777777777778
1 0.9127604166666666 0.4537037037037037 0.04010416666666667 0.06296296296296296
1 0.55625 0.04953703703703704 0.03125 0.05092592592592592
1 0.8127604166666667 0.07893518518518519 0.0328125 0.060648148148148145
1 0.8440104166666667 0.09745370370370371 0.025520833333333333 0.047685185185185185
1 0.8505208333333333 0.331712962962963 0.042708333333333334 0.06527777777777778
3 0.039322916666666666 0.44074074074074077 0.07760416666666667 0.15092592592592594
3 0.2890625 0.45208333333333334 0.090625 0.14027777777777778
3 0.15130208333333334 0.21435185185185185 0.08802083333333334 0.11574074074074074
3 0.761328125 0.13703703703703704 0.04921875 0.062037037037037036
3 0.7114583333333333 0.412962962962963 0.036458333333333336 0.07592592592592592
3 0.45924479166666665 0.6449074074074074 0.05078125 0.05648148148148148
3 0.7927083333333333 0.1884259259259259 0.028125 0.05185185185185185
1 0.6029947916666667 0.6099537037037037 0.05182291666666667 0.052314814814814814
1 0.9096354166666667 0.5090277777777777 0.0296875 0.0412037037037037