1 0.59140625 0.21550925925925926 0.0359375 0.06435185185185185
1 0.501953125 0.6849537037037037 0.09244791666666667 0.16527777777777777
1 0.5302083333333333 0.33564814814814814 0.03177083333333333 0.06111111111111111
1 0.9005208333333333 0.17407407407407408 0.1 0.11574074074074074
1 0.6727864583333333 0.11018518518518519 0.03046875 0.05277777777777778
1 0.7658854166666667 0.12453703703703704 0.04791666666666667 0.07592592592592592
1 0.5014322916666667 0.3090277777777778 0.026822916666666665 0.055092592592592596
1 0.956640625 0.5319444444444444 0.08671875 0.2953703703703704
1 0.9240885416666667 0.8824074074074074 0.14921875 0.2212962962962963
1 0.333984375 0.9261574074074074 0.06067708333333333 0.12546296296296297
1 0.521875 0.2520833333333333 0.0203125 0.04027777777777778
3 0.43802083333333336 0.8439814814814814 0.08854166666666667 0.2101851851851852