0 0.6291666666666667 0.8061728395061728 0.06944444444444445 0.10617283950617284
0 0.5208333333333334 0.6975308641975309 0.05277777777777778 0.1506172839506173
1 0.6493055555555556 0.6506172839506172 0.08472222222222223 0.145679012345679
1 0.5090277777777777 0.9049382716049382 0.09583333333333334 0.17530864197530865
1 0.46319444444444446 0.2802469135802469 0.06527777777777778 0.11604938271604938
1 0.5013888888888889 0.07037037037037037 0.04722222222222222 0.09135802469135802
1 0.5256944444444445 0.44938271604938274 0.04583333333333333 0.1037037037037037
1 0.5347222222222222 0.38765432098765434 0.05 0.08888888888888889
1 0.6291666666666667 0.1654320987654321 0.041666666666666664 0.0691358024691358
1 0.2465277777777778 0.04567901234567901 0.0875 0.08641975308641975
3 0.6069444444444444 0.9148148148148149 0.10277777777777777 0.16049382716049382
3 0.8798611111111111 0.9444444444444444 0.14305555555555555 0.10617283950617284
0 0.5444444444444444 0.6641975308641975 0.09444444444444444 0.06419753086419754