1 0.3912760416666667 0.5513888888888889 0.08619791666666667 0.1398148148148148
1 0.21236979166666667 0.7030092592592593 0.09557291666666666 0.14953703703703702
1 0.3006510416666667 0.44328703703703703 0.09661458333333334 0.1300925925925926
1 0.10442708333333334 0.4949074074074074 0.059895833333333336 0.07222222222222222
1 0.9579427083333333 0.38472222222222224 0.03515625 0.05
1 0.4376302083333333 0.3175925925925926 0.03307291666666667 0.05740740740740741
1 0.16002604166666667 0.17453703703703705 0.027864583333333335 0.04814814814814815
1 0.263671875 0.2763888888888889 0.03411458333333333 0.0712962962962963
1 0.05963541666666667 0.2523148148148148 0.033854166666666664 0.05
1 0.45703125 0.4666666666666667 0.034895833333333334 0.046296296296296294
1 0.6294270833333333 0.37546296296296294 0.024479166666666666 0.040740740740740744
1 0.5416666666666666 0.2740740740740741 0.026041666666666668 0.037037037037037035
1 0.11536458333333334 0.3506944444444444 0.0296875 0.052314814814814814
1 0.41770833333333335 0.26180555555555557 0.025 0.027314814814814816
1 0.2981770833333333 0.23402777777777778 0.020833333333333332 0.02638888888888889
1 0.7354166666666667 0.2972222222222222 0.0203125 0.03796296296296296
1 0.8055989583333333 0.38796296296296295 0.03203125 0.03796296296296296
1 0.3033854166666667 0.28703703703703703 0.0359375 0.05925925925925926
1 0.6825520833333333 0.2655092592592593 0.025520833333333333 0.0375
1 0.1015625 0.31527777777777777 0.027083333333333334 0.04351851851851852
3 0.4171875 0.4393518518518518 0.04635416666666667 0.06388888888888888
3 0.5787760416666666 0.5483796296296296 0.10338541666666666 0.07083333333333333
3 0.4171875 0.39351851851851855 0.0234375 0.03796296296296296
3 0.3190104166666667 0.3074074074074074 0.0328125 0.037037037037037035
3 0.3404947916666667 0.40162037037037035 0.02890625 0.04398148148148148
3 0.3645833333333333 0.3819444444444444 0.019791666666666666 0.03333333333333333
3 0.80625 0.36018518518518516 0.029166666666666667 0.03333333333333333
1 0.27369791666666665 0.23819444444444443 0.020833333333333332 0.02638888888888889
1 0.20572916666666666 0.1988425925925926 0.020833333333333332 0.02638888888888889
1 0.314453125 0.1537037037037037 0.013802083333333333 0.021296296296296296
1 0.33541666666666664 0.1423611111111111 0.016145833333333335 0.02361111111111111
1 0.35625 0.1474537037037037 0.015625 0.020833333333333332
1 0.36822916666666666 0.13819444444444445 0.015625 0.020833333333333332
1 0.4752604166666667 0.11875 0.019270833333333334 0.031018518518518518
1 0.5497395833333333 0.18449074074074073 0.016145833333333335 0.02546296296296296
0 0.340234375 0.19953703703703704 0.03828125 0.030555555555555555
1 0.07109375 0.12129629629629629 0.025 0.032407407407407406
1 0.045572916666666664 0.12407407407407407 0.023958333333333335 0.032407407407407406
1 0.9475260416666667 0.3053240740740741 0.021614583333333333 0.03194444444444444
1 0.987890625 0.29583333333333334 0.024739583333333332 0.03333333333333333
3 0.6138020833333333 0.4085648148148148 0.013020833333333334 0.02175925925925926
1 0.719921875 0.3861111111111111 0.02421875 0.03518518518518519
1 0.5821614583333333 0.19953703703703704 0.012239583333333333 0.019444444444444445
1 0.50390625 0.28958333333333336 0.021354166666666667 0.03009259259259259
1 0.4953125 0.03263888888888889 0.019270833333333334 0.031018518518518518
1 0.6946614583333334 0.16666666666666666 0.012239583333333333 0.019444444444444445
1 0.7015625 0.21412037037037038 0.016666666666666666 0.02638888888888889
1 0.73125 0.26134259259259257 0.016666666666666666 0.02638888888888889
1 0.669921875 0.2523148148148148 0.01171875 0.020370370370370372
1 0.6600260416666667 0.2212962962962963 0.01171875 0.020370370370370372
1 0.46197916666666666 0.16180555555555556 0.018229166666666668 0.02546296296296296