0 0.5372395833333333 0.4888888888888889 0.15052083333333333 0.1574074074074074
0 0.3065104166666667 0.3365740740740741 0.1265625 0.2564814814814815
1 0.3453125 0.4236111111111111 0.09895833333333333 0.13796296296296295
1 0.11276041666666667 0.2791666666666667 0.1203125 0.1287037037037037
1 0.26119791666666664 0.14537037037037037 0.1203125 0.18518518518518517
1 0.4 0.9444444444444444 0.121875 0.10740740740740741
1 0.65546875 0.6125 0.12864583333333332 0.21944444444444444
1 0.7260416666666667 0.8064814814814815 0.13020833333333334 0.25555555555555554
1 0.6046875 0.8375 0.128125 0.2175925925925926
3 0.5151041666666667 0.8893518518518518 0.125 0.2175925925925926
1 0.6528645833333333 0.9569444444444445 0.0953125 0.08796296296296297