0 0.7701388888888889 0.2962962962962963 0.11527777777777778 0.11358024691358025
0 0.5798611111111112 0.7333333333333333 0.09861111111111111 0.1580246913580247
0 0.44513888888888886 0.5395061728395062 0.04861111111111111 0.1654320987654321
1 0.32708333333333334 0.7691358024691358 0.09305555555555556 0.1654320987654321
1 0.6472222222222223 0.9222222222222223 0.10277777777777777 0.1506172839506173
1 0.16180555555555556 0.6814814814814815 0.10972222222222222 0.17777777777777778
1 0.6590277777777778 0.5679012345679012 0.07916666666666666 0.12345679012345678
1 0.3819444444444444 0.47160493827160493 0.075 0.12839506172839507
1 0.15833333333333333 0.40617283950617283 0.08055555555555556 0.1308641975308642
1 0.42569444444444443 0.7197530864197531 0.07361111111111111 0.14074074074074075
1 0.6368055555555555 0.7 0.07916666666666666 0.1308641975308642
1 0.5875 0.4308641975308642 0.05555555555555555 0.09135802469135802
1 0.6472222222222223 0.4469135802469136 0.07222222222222222 0.11358024691358025
1 0.5506944444444445 0.508641975308642 0.05694444444444444 0.09382716049382717
1 0.55 0.5938271604938271 0.075 0.11604938271604938
1 0.6451388888888889 0.2765432098765432 0.06527777777777778 0.11358024691358025
1 0.49166666666666664 0.4703703703703704 0.06666666666666667 0.11604938271604938
1 0.4166666666666667 0.3197530864197531 0.05 0.06172839506172839
1 0.3597222222222222 0.34444444444444444 0.06388888888888888 0.10123456790123457
1 0.3763888888888889 0.30246913580246915 0.05555555555555555 0.07654320987654321
3 0.38680555555555557 0.9098765432098765 0.12083333333333333 0.18024691358024691
3 0.1423611111111111 0.8876543209876543 0.12361111111111112 0.2
3 0.09791666666666667 0.5308641975308642 0.09861111111111111 0.13333333333333333
3 0.5319444444444444 0.7481481481481481 0.07777777777777778 0.14320987654320988