1 0.3125 0.8328703703703704 0.04479166666666667 0.06759259259259259
1 0.3494791666666667 0.4546296296296296 0.03958333333333333 0.06481481481481481
1 0.36432291666666666 0.5287037037037037 0.04010416666666667 0.06481481481481481
1 0.8145833333333333 0.7861111111111111 0.046875 0.06296296296296296
1 0.2203125 0.33564814814814814 0.036458333333333336 0.05462962962962963
1 0.24036458333333333 0.95 0.04010416666666667 0.06481481481481481
1 0.48802083333333335 0.29212962962962963 0.030208333333333334 0.049074074074074076
1 0.81640625 0.6675925925925926 0.0421875 0.07222222222222222
1 0.6010416666666667 0.35324074074074074 0.025 0.041666666666666664
1 0.2015625 0.18287037037037038 0.03229166666666667 0.049074074074074076
1 0.7494791666666667 0.337037037037037 0.035416666666666666 0.05555555555555555
1 0.5333333333333333 0.2601851851851852 0.025 0.040740740740740744
1 0.5963541666666666 0.9296296296296296 0.03854166666666667 0.06666666666666667
1 0.6325520833333333 0.5842592592592593 0.027604166666666666 0.044444444444444446
3 0.390625 0.725925925925926 0.059375 0.07037037037037037
3 0.5919270833333333 0.425 0.03802083333333333 0.05740740740740741