1 0.22200520833333334 0.04282407407407408 0.06015625 0.08194444444444444
1 0.027864583333333335 0.2611111111111111 0.05364583333333333 0.08981481481481482
1 0.5091145833333334 0.10138888888888889 0.06458333333333334 0.08703703703703704
1 0.5328125 0.2701388888888889 0.0484375 0.07546296296296297
1 0.961328125 0.33310185185185187 0.04401041666666667 0.0587962962962963
1 0.5872395833333334 0.3111111111111111 0.04583333333333333 0.0824074074074074
1 0.30885416666666665 0.02824074074074074 0.042708333333333334 0.05277777777777778
1 0.6802083333333333 0.07592592592592592 0.029166666666666667 0.049074074074074076
1 0.34739583333333335 0.05925925925925926 0.036458333333333336 0.053703703703703705
1 0.596484375 0.10486111111111111 0.029947916666666668 0.04861111111111111
1 0.48723958333333334 0.014814814814814815 0.04114583333333333 0.028703703703703703
3 0.21927083333333333 0.49189814814814814 0.103125 0.18287037037037038
3 0.4029947916666667 0.03912037037037037 0.05651041666666667 0.06435185185185185
3 0.7424479166666667 0.4393518518518518 0.044270833333333336 0.07314814814814814
3 0.19934895833333333 0.26990740740740743 0.04921875 0.041666666666666664
3 0.7251302083333333 0.2773148148148148 0.03307291666666667 0.06851851851851852
3 0.777734375 0.4081018518518518 0.04401041666666667 0.04490740740740741
3 0.644921875 0.07407407407407407 0.02421875 0.03888888888888889
0 0.741015625 0.26944444444444443 0.02578125 0.07037037037037037
3 0.830078125 0.2150462962962963 0.03046875 0.056018518518518516
1 0.734375 0.025 0.029166666666666667 0.049074074074074076
1 0.9856770833333334 0.15625 0.029166666666666667 0.047685185185185185