0 0.41944444444444445 0.8962962962962963 0.11944444444444445 0.1925925925925926
0 0.8222222222222222 0.9135802469135802 0.1361111111111111 0.16790123456790124
0 0.8625 0.6950617283950618 0.11666666666666667 0.24938271604938272
0 0.8625 0.4765432098765432 0.20277777777777778 0.15308641975308643
0 0.6430555555555556 0.4580246913580247 0.175 0.25925925925925924
0 0.7243055555555555 0.3469135802469136 0.12916666666666668 0.16049382716049382
0 0.7715277777777778 0.29012345679012347 0.0763888888888889 0.1654320987654321
0 0.45625 0.7111111111111111 0.10138888888888889 0.08395061728395062
0 0.8666666666666667 0.32839506172839505 0.21944444444444444 0.20246913580246914
0 0.4548611111111111 0.8654320987654321 0.19305555555555556 0.25925925925925924
0 0.8270833333333333 0.3 0.14027777777777778 0.18024691358024691
1 0.4666666666666667 0.2716049382716049 0.09166666666666666 0.18271604938271604
1 0.7229166666666667 0.7654320987654321 0.14583333333333334 0.2765432098765432
1 0.5916666666666667 0.808641975308642 0.1527777777777778 0.27901234567901234
1 0.5298611111111111 0.4049382716049383 0.08194444444444444 0.12839506172839507
1 0.5548611111111111 0.6580246913580247 0.13472222222222222 0.20987654320987653
1 0.9430555555555555 0.2222222222222222 0.09722222222222222 0.1382716049382716
1 0.975 0.4604938271604938 0.05 0.18024691358024691
2 0.12430555555555556 0.31851851851851853 0.11805555555555555 0.15308641975308643
2 0.5819444444444445 0.24691358024691357 0.09444444444444444 0.14814814814814814
2 0.7520833333333333 0.4802469135802469 0.08472222222222223 0.1506172839506173
2 0.19791666666666666 0.8061728395061728 0.1486111111111111 0.254320987654321
2 0.93125 0.762962962962963 0.1375 0.1925925925925926
2 0.9465277777777777 0.6049382716049383 0.10416666666666667 0.23209876543209876
2 0.9055555555555556 0.3493827160493827 0.11944444444444445 0.1506172839506173
2 0.6638888888888889 0.6370370370370371 0.13055555555555556 0.16790123456790124
2 0.09583333333333334 0.9135802469135802 0.17222222222222222 0.1728395061728395
2 0.8125 0.408641975308642 0.09166666666666666 0.13580246913580246
2 0.44027777777777777 0.6 0.11388888888888889 0.1382716049382716
2 0.3368055555555556 0.8802469135802469 0.12916666666666668 0.22962962962962963
2 0.5256944444444445 0.5 0.09861111111111111 0.18024691358024691
2 0.3104166666666667 0.7037037037037037 0.1375 0.19753086419753085
2 0.49166666666666664 0.917283950617284 0.10833333333333334 0.145679012345679