1 0.42777777777777776 0.5555555555555556 0.10555555555555556 0.1728395061728395
1 0.3875 0.782716049382716 0.08611111111111111 0.14320987654320988
1 0.47430555555555554 0.7395061728395061 0.09583333333333334 0.19012345679012346
1 0.5743055555555555 0.9012345679012346 0.1375 0.18765432098765433
1 0.6166666666666667 0.05802469135802469 0.10833333333333334 0.1111111111111111
1 0.6847222222222222 0.9481481481481482 0.1111111111111111 0.09876543209876543
1 0.5180555555555556 0.040740740740740744 0.10833333333333334 0.07654320987654321
3 0.4965277777777778 0.2839506172839506 0.09861111111111111 0.16296296296296298
3 0.36319444444444443 0.39382716049382716 0.09027777777777778 0.15555555555555556
3 0.3680555555555556 0.9358024691358025 0.1111111111111111 0.13333333333333333
3 0.6076388888888888 0.2938271604938272 0.10694444444444444 0.19753086419753085