1 0.4002604166666667 0.5916666666666667 0.058854166666666666 0.08518518518518518
1 0.075 0.5407407407407407 0.051041666666666666 0.07962962962962963
1 0.20520833333333333 0.3143518518518518 0.036458333333333336 0.05277777777777778
1 0.11901041666666666 0.7217592592592592 0.07135416666666666 0.10277777777777777
1 0.40859375 0.38425925925925924 0.030729166666666665 0.04814814814814815
1 0.027864583333333335 0.8629629629629629 0.0546875 0.13703703703703704
1 0.59765625 0.5537037037037037 0.03697916666666667 0.05
1 0.18854166666666666 0.6134259259259259 0.05520833333333333 0.08796296296296297
1 0.8932291666666666 0.6967592592592593 0.035416666666666666 0.05092592592592592
1 0.23020833333333332 0.5712962962962963 0.052083333333333336 0.07037037037037037
1 0.10182291666666667 0.3768518518518518 0.0390625 0.04814814814814815
3 0.9325520833333333 0.7555555555555555 0.13385416666666666 0.14074074074074075
3 0.35833333333333334 0.9486111111111111 0.08958333333333333 0.10092592592592593
3 0.3 0.8125 0.06458333333333334 0.08981481481481482
3 0.6940104166666666 0.9578703703703704 0.14010416666666667 0.08055555555555556
3 0.37552083333333336 0.7060185185185185 0.07083333333333333 0.09907407407407408
1 0.5513020833333333 0.3351851851851852 0.030729166666666665 0.04814814814814815
1 0.7091145833333333 0.26944444444444443 0.030729166666666665 0.04814814814814815
1 0.66640625 0.17037037037037037 0.030729166666666665 0.04814814814814815