0 0.48932291666666666 0.5268518518518519 0.043229166666666666 0.10555555555555556
1 0.098828125 0.6854166666666667 0.10911458333333333 0.15416666666666667
1 0.37135416666666665 0.3761574074074074 0.04895833333333333 0.07268518518518519
1 0.8598958333333333 0.39375 0.03802083333333333 0.05787037037037037
1 0.41822916666666665 0.18796296296296297 0.0296875 0.04537037037037037
1 0.27096354166666664 0.625 0.062239583333333334 0.11388888888888889
1 0.4166666666666667 0.14791666666666667 0.020833333333333332 0.031018518518518518
1 0.7841145833333333 0.14930555555555555 0.0296875 0.05694444444444444
1 0.3567708333333333 0.12685185185185185 0.025 0.037037037037037035
3 0.3497395833333333 0.5439814814814815 0.04583333333333333 0.05740740740740741
3 0.23541666666666666 0.21828703703703703 0.034895833333333334 0.04490740740740741
3 0.5075520833333333 0.3594907407407407 0.035416666666666666 0.04027777777777778
1 0.4348958333333333 0.13541666666666666 0.020833333333333332 0.031018518518518518
1 0.47239583333333335 0.17476851851851852 0.020833333333333332 0.031018518518518518
1 0.5546875 0.2150462962962963 0.020833333333333332 0.031018518518518518
1 0.5921875 0.17430555555555555 0.020833333333333332 0.031018518518518518
1 0.6359375 0.24282407407407408 0.03177083333333333 0.04675925925925926
1 0.568359375 0.31851851851851853 0.029427083333333333 0.04259259259259259