1 0.0359375 0.569212962962963 0.06666666666666667 0.09027777777777778
1 0.24427083333333333 0.6659722222222222 0.053125 0.07916666666666666
1 0.10989583333333333 0.5851851851851851 0.0625 0.07685185185185185
1 0.24153645833333334 0.3194444444444444 0.03619791666666667 0.05555555555555555
1 0.37669270833333335 0.3824074074074074 0.03203125 0.05092592592592592
1 0.020963541666666665 0.7319444444444444 0.04140625 0.10462962962962963
1 0.16822916666666668 0.355787037037037 0.0453125 0.05694444444444444
1 0.5528645833333333 0.5483796296296296 0.0375 0.055092592592592596
1 0.5984375 0.5201388888888889 0.029166666666666667 0.04675925925925926
1 0.42239583333333336 0.4115740740740741 0.036458333333333336 0.05185185185185185
1 0.298828125 0.5622685185185186 0.04921875 0.0699074074074074
1 0.5872395833333334 0.5854166666666667 0.036458333333333336 0.04490740740740741
1 0.24921875 0.5703703703703704 0.053125 0.06574074074074074
1 0.466015625 0.48703703703703705 0.026302083333333334 0.03888888888888889
1 0.6235677083333333 0.3659722222222222 0.02890625 0.04861111111111111
1 0.5188802083333334 0.3824074074074074 0.024739583333333332 0.040740740740740744
3 0.299609375 0.4375 0.03984375 0.04351851851851852
3 0.443359375 0.4997685185185185 0.04244791666666667 0.04212962962962963
1 0.45013020833333334 0.46435185185185185 0.026302083333333334 0.03888888888888889
1 0.883984375 0.4530092592592593 0.02890625 0.04861111111111111
1 0.8852864583333333 0.40300925925925923 0.02890625 0.04861111111111111
1 0.770703125 0.38587962962962963 0.02890625 0.04861111111111111
1 0.7615885416666667 0.34282407407407406 0.02890625 0.04861111111111111
1 0.781640625 0.32337962962962963 0.02890625 0.04861111111111111
1 0.48684895833333336 0.32337962962962963 0.02890625 0.04861111111111111
1 0.26341145833333335 0.22152777777777777 0.02890625 0.04861111111111111
1 0.23815104166666667 0.21550925925925926 0.02890625 0.04861111111111111
1 0.4412760416666667 0.2178240740740741 0.02890625 0.04861111111111111
1 0.4739583333333333 0.3733796296296296 0.017708333333333333 0.03287037037037037
1 0.49713541666666666 0.24097222222222223 0.017708333333333333 0.03287037037037037