0 0.6145833333333334 0.7654320987654321 0.10138888888888889 0.2123456790123457
0 0.6034722222222222 0.3037037037037037 0.07083333333333333 0.13333333333333333
1 0.37777777777777777 0.6 0.10555555555555556 0.16296296296296298
1 0.5340277777777778 0.6419753086419753 0.09027777777777778 0.14320987654320988
1 0.4722222222222222 0.5098765432098765 0.07777777777777778 0.1259259259259259
1 0.5833333333333334 0.508641975308642 0.08611111111111111 0.1382716049382716
1 0.6597222222222222 0.41975308641975306 0.06111111111111111 0.09876543209876543
1 0.1375 0.21851851851851853 0.08333333333333333 0.1308641975308642
1 0.54375 0.21728395061728395 0.06805555555555555 0.12839506172839507
1 0.6708333333333333 0.6864197530864198 0.08333333333333333 0.13333333333333333
1 0.3819444444444444 0.3617283950617284 0.08055555555555556 0.13580246913580246
1 0.7743055555555556 0.7703703703703704 0.08194444444444444 0.12839506172839507
1 0.46597222222222223 0.3950617283950617 0.07083333333333333 0.1037037037037037
1 0.42777777777777776 0.06790123456790123 0.06111111111111111 0.10123456790123457
1 0.3888888888888889 0.04814814814814815 0.06111111111111111 0.09135802469135802
1 0.5944444444444444 0.056790123456790124 0.075 0.1037037037037037
3 0.8923611111111112 0.8530864197530864 0.10694444444444444 0.18518518518518517