1 0.5231770833333333 0.5530092592592593 0.041666666666666664 0.08287037037037037
1 0.8854166666666666 0.4775462962962963 0.04375 0.0763888888888889
1 0.18619791666666666 0.6273148148148148 0.0296875 0.05
1 0.8096354166666667 0.8736111111111111 0.065625 0.10648148148148148
1 0.068359375 0.9662037037037037 0.05182291666666667 0.06574074074074074
1 0.11809895833333334 0.7155092592592592 0.026822916666666665 0.04861111111111111
1 0.35546875 0.8064814814814815 0.046875 0.07777777777777778
1 0.33671875 0.39560185185185187 0.01875 0.03009259259259259
1 0.38033854166666664 0.39814814814814814 0.03307291666666667 0.05925925925925926
1 0.6540364583333333 0.6599537037037037 0.038802083333333334 0.06620370370370371
3 0.46627604166666664 0.9182870370370371 0.06276041666666667 0.08935185185185185
3 0.26653645833333334 0.9752314814814815 0.048177083333333336 0.04675925925925926
3 0.35377604166666665 0.38078703703703703 0.020052083333333335 0.029166666666666667
1 0.165625 0.6451388888888889 0.014583333333333334 0.033796296296296297
1 0.106640625 0.643287037037037 0.012239583333333333 0.027314814814814816
1 0.12005208333333334 0.6018518518518519 0.0171875 0.026851851851851852
1 0.18020833333333333 0.4962962962962963 0.017708333333333333 0.030555555555555555
1 0.2638020833333333 0.3851851851851852 0.015625 0.020370370370370372
1 0.30885416666666665 0.35717592592592595 0.016145833333333335 0.020833333333333332