0 0.4840277777777778 0.5049382716049383 0.1125 0.3530864197530864
0 0.7173611111111111 0.8024691358024691 0.16805555555555557 0.19753086419753085
0 0.23055555555555557 0.7753086419753087 0.125 0.10864197530864197
1 0.17916666666666667 0.1506172839506173 0.1111111111111111 0.16790123456790124
1 0.53125 0.7617283950617284 0.09861111111111111 0.15555555555555556
1 0.2986111111111111 0.2506172839506173 0.10277777777777777 0.17037037037037037
1 0.4083333333333333 0.7308641975308642 0.11944444444444445 0.20246913580246914
1 0.3506944444444444 0.48148148148148145 0.14027777777777778 0.2074074074074074
1 0.1111111111111111 0.8802469135802469 0.2 0.2345679012345679
1 0.1597222222222222 0.03333333333333333 0.08888888888888889 0.06172839506172839
2 0.7416666666666667 0.25925925925925924 0.125 0.2074074074074074
3 0.95625 0.5864197530864198 0.08194444444444444 0.12098765432098765
3 0.7430555555555556 0.6234567901234568 0.10833333333333334 0.1506172839506173
3 0.8333333333333334 0.22098765432098766 0.10555555555555556 0.17037037037037037
3 0.41597222222222224 0.30246913580246915 0.09861111111111111 0.145679012345679
3 0.43819444444444444 0.908641975308642 0.09305555555555556 0.1728395061728395