1 0.24153645833333334 0.6326388888888889 0.05234375 0.07824074074074074
1 0.6244791666666667 0.47962962962962963 0.034375 0.05
1 0.23190104166666667 0.49050925925925926 0.040364583333333336 0.056018518518518516
1 0.7100260416666667 0.5298611111111111 0.03359375 0.03564814814814815
1 0.14856770833333333 0.47962962962962963 0.03411458333333333 0.046296296296296294
1 0.46484375 0.5106481481481482 0.04479166666666667 0.05925925925925926
1 0.420703125 0.4173611111111111 0.027864583333333335 0.04490740740740741
1 0.2891927083333333 0.5300925925925926 0.03307291666666667 0.04814814814814815
1 0.67890625 0.48148148148148145 0.0328125 0.05185185185185185
1 0.253125 0.5664351851851852 0.046875 0.0587962962962963
1 0.20390625 0.44375 0.03229166666666667 0.04675925925925926
1 0.4720052083333333 0.6314814814814815 0.031510416666666666 0.04537037037037037
1 0.5466145833333333 0.43703703703703706 0.030208333333333334 0.046296296296296294
1 0.46653645833333335 0.4356481481481482 0.028385416666666666 0.03888888888888889
3 0.49388020833333335 0.5030092592592592 0.03203125 0.0412037037037037
1 0.34609375 0.41458333333333336 0.022395833333333334 0.03009259259259259
1 0.16158854166666667 0.39791666666666664 0.02109375 0.034722222222222224
1 0.26341145833333335 0.3854166666666667 0.02109375 0.034722222222222224
1 0.26809895833333336 0.4284722222222222 0.02109375 0.034722222222222224
1 0.24075520833333333 0.40578703703703706 0.02109375 0.034722222222222224
1 0.21002604166666666 0.40162037037037035 0.02109375 0.034722222222222224
1 0.182421875 0.3849537037037037 0.02109375 0.034722222222222224
1 0.5088541666666667 0.18587962962962962 0.022395833333333334 0.03009259259259259
1 0.3190104166666667 0.38587962962962963 0.022395833333333334 0.03009259259259259
1 0.34609375 0.38680555555555557 0.022395833333333334 0.03009259259259259
1 0.5109375 0.33773148148148147 0.022395833333333334 0.03009259259259259
1 0.5770833333333333 0.3113425925925926 0.022395833333333334 0.03009259259259259
1 0.60859375 0.30995370370370373 0.022395833333333334 0.03009259259259259
1 0.58671875 0.3418981481481482 0.022395833333333334 0.03009259259259259
1 0.6151041666666667 0.2414351851851852 0.022395833333333334 0.03009259259259259
1 0.6032552083333333 0.2212962962962963 0.017447916666666667 0.023148148148148147
1 0.5420572916666667 0.22870370370370371 0.017447916666666667 0.023148148148148147
1 0.5009114583333333 0.2337962962962963 0.017447916666666667 0.023148148148148147
1 0.44309895833333335 0.22361111111111112 0.017447916666666667 0.023148148148148147
1 0.5744791666666667 0.444212962962963 0.022395833333333334 0.03009259259259259
1 0.7188802083333333 0.49930555555555556 0.03359375 0.03564814814814815