1 0.46901041666666665 0.5291666666666667 0.04739583333333333 0.0712962962962963
1 0.8041666666666667 0.7856481481481481 0.052083333333333336 0.08425925925925926
1 0.6184895833333334 0.41805555555555557 0.04010416666666667 0.06574074074074074
1 0.7028645833333333 0.5523148148148148 0.04635416666666667 0.0712962962962963
1 0.521875 0.36157407407407405 0.040625 0.06759259259259259
1 0.0890625 0.8546296296296296 0.07291666666666667 0.1111111111111111
1 0.35182291666666665 0.25 0.0359375 0.06111111111111111
1 0.8283854166666667 0.26481481481481484 0.033854166666666664 0.05740740740740741
1 0.06380208333333333 0.2759259259259259 0.0421875 0.06296296296296296
1 0.2716145833333333 0.31342592592592594 0.0328125 0.05648148148148148
1 0.13020833333333334 0.47962962962962963 0.03958333333333333 0.05185185185185185
1 0.38333333333333336 0.2898148148148148 0.029166666666666667 0.05
1 0.09947916666666666 0.16203703703703703 0.0375 0.06111111111111111
1 0.88125 0.24814814814814815 0.036458333333333336 0.05740740740740741
1 0.23697916666666666 0.34120370370370373 0.03125 0.049074074074074076
1 0.078125 0.3731481481481482 0.035416666666666666 0.053703703703703705
1 0.49166666666666664 0.12638888888888888 0.04583333333333333 0.0712962962962963
1 0.3229166666666667 0.5652777777777778 0.058333333333333334 0.08981481481481482
1 0.765625 0.24305555555555555 0.03229166666666667 0.05462962962962963
1 0.29296875 0.5328703703703703 0.05260416666666667 0.06574074074074074
3 0.17916666666666667 0.7425925925925926 0.057291666666666664 0.09074074074074075
3 0.18229166666666666 0.850462962962963 0.053125 0.08611111111111111
3 0.27265625 0.6236111111111111 0.0546875 0.08055555555555556
3 0.3768229166666667 0.6333333333333333 0.07239583333333334 0.09259259259259259
3 0.42291666666666666 0.6652777777777777 0.057291666666666664 0.075
3 0.8776041666666666 0.6606481481481481 0.06458333333333334 0.09166666666666666
3 0.709375 0.9125 0.06458333333333334 0.10462962962962963
3 0.46328125 0.5962962962962963 0.0609375 0.08333333333333333
3 0.01953125 0.937962962962963 0.03802083333333333 0.10185185185185185
3 0.48359375 0.6527777777777778 0.06302083333333333 0.07777777777777778
3 0.08385416666666666 0.5953703703703703 0.04895833333333333 0.07962962962962963
3 0.5440104166666667 0.4962962962962963 0.05364583333333333 0.07222222222222222
3 0.6080729166666666 0.6157407407407407 0.049479166666666664 0.053703703703703705
1 0.4786458333333333 0.062037037037037036 0.03854166666666667 0.05
1 0.7083333333333334 0.14444444444444443 0.03854166666666667 0.05
1 0.15026041666666667 0.11851851851851852 0.027604166666666666 0.03148148148148148