3 0.9786458333333333 0.5136574074074074 0.0421875 0.08935185185185185
3 0.7145833333333333 0.3071759259259259 0.06614583333333333 0.06157407407407407
3 0.571484375 0.22615740740740742 0.04401041666666667 0.027314814814814816
3 0.6110677083333333 0.9657407407407408 0.14661458333333333 0.06944444444444445
1 0.378125 0.867824074074074 0.05572916666666667 0.13287037037037036
1 0.3595052083333333 0.7043981481481482 0.08098958333333334 0.10694444444444444
3 0.423828125 0.26782407407407405 0.03723958333333333 0.0375
3 0.33815104166666665 0.23310185185185187 0.03411458333333333 0.0375
3 0.32513020833333334 0.1962962962962963 0.028385416666666666 0.030555555555555555
3 0.25807291666666665 0.20856481481481481 0.0296875 0.03935185185185185
3 0.17005208333333333 0.15810185185185185 0.030208333333333334 0.04212962962962963