0 0.7213541666666666 0.6092592592592593 0.159375 0.24444444444444444
0 0.04401041666666667 0.11666666666666667 0.08697916666666666 0.10185185185185185
0 0.42552083333333335 0.9518518518518518 0.06770833333333333 0.08888888888888889
1 0.0828125 0.4759259259259259 0.06145833333333333 0.09074074074074075
1 0.6953125 0.14675925925925926 0.03854166666666667 0.06388888888888888
1 0.725 0.8134259259259259 0.10625 0.18055555555555555
1 0.7505208333333333 0.11944444444444445 0.0375 0.05740740740740741
1 0.4630208333333333 0.4375 0.06354166666666666 0.10277777777777777
1 0.9643229166666667 0.5101851851851852 0.06614583333333333 0.09259259259259259
1 0.5669270833333333 0.2828703703703704 0.044270833333333336 0.06574074074074074
1 0.7927083333333333 0.03194444444444444 0.05 0.06018518518518518
1 0.24348958333333334 0.14675925925925926 0.03697916666666667 0.05277777777777778
1 0.5973958333333333 0.20787037037037037 0.059375 0.09722222222222222
1 0.5596354166666667 0.15787037037037038 0.03802083333333333 0.06018518518518518
1 0.27630208333333334 0.06157407407407407 0.033854166666666664 0.05462962962962963
1 0.06276041666666667 0.20879629629629629 0.03177083333333333 0.04722222222222222
3 0.8552083333333333 0.6199074074074075 0.11770833333333333 0.18055555555555555
3 0.5221354166666666 0.23796296296296296 0.06927083333333334 0.08888888888888889
3 0.14895833333333333 0.09861111111111111 0.05416666666666667 0.06574074074074074
3 0.04505208333333333 0.8861111111111111 0.06197916666666667 0.09444444444444444