1 0.04765625 0.7671296296296296 0.09322916666666667 0.16574074074074074
1 0.8924479166666667 0.7407407407407407 0.08072916666666667 0.1259259259259259
1 0.4471354166666667 0.5976851851851852 0.0828125 0.13240740740740742
1 0.33932291666666664 0.6273148148148148 0.0859375 0.14351851851851852
1 0.9518229166666666 0.9050925925925926 0.09322916666666667 0.1638888888888889
1 0.8934895833333333 0.20416666666666666 0.0765625 0.11944444444444445
1 0.34322916666666664 0.4685185185185185 0.06666666666666667 0.1111111111111111
1 0.26171875 0.8583333333333333 0.0328125 0.05925925925925926
3 0.2838541666666667 0.16527777777777777 0.07083333333333333 0.08981481481481482
3 0.22447916666666667 0.11990740740740741 0.06354166666666666 0.0787037037037037
3 0.8390625 0.3472222222222222 0.06458333333333334 0.09259259259259259