1 0.5005208333333333 0.6291666666666667 0.04479166666666667 0.06666666666666667
1 0.15703125 0.5527777777777778 0.03958333333333333 0.05555555555555555
1 0.5598958333333334 0.45694444444444443 0.03958333333333333 0.06018518518518518
1 0.6973958333333333 0.5319444444444444 0.04114583333333333 0.06388888888888888
1 0.212109375 0.5594907407407408 0.04296875 0.06157407407407407
1 0.16080729166666666 0.6474537037037037 0.038802083333333334 0.056018518518518516
1 0.3240885416666667 0.580324074074074 0.03359375 0.047685185185185185
1 0.08541666666666667 0.6354166666666666 0.042708333333333334 0.060648148148148145
1 0.22486979166666668 0.31180555555555556 0.030989583333333334 0.05138888888888889
1 0.5108072916666667 0.29189814814814813 0.029947916666666668 0.04398148148148148
1 0.3 0.42777777777777776 0.044270833333333336 0.06296296296296296
1 0.405078125 0.44375 0.040364583333333336 0.06527777777777778
1 0.075390625 0.8789351851851852 0.04765625 0.07083333333333333
1 0.36041666666666666 0.2534722222222222 0.033854166666666664 0.05138888888888889
1 0.7256510416666667 0.42662037037037037 0.031510416666666666 0.05416666666666667
1 0.5751302083333333 0.36041666666666666 0.02265625 0.031018518518518518
1 0.6571614583333333 0.3821759259259259 0.029947916666666668 0.04675925925925926
1 0.016796875 0.6421296296296296 0.03307291666666667 0.07037037037037037
1 0.7848958333333333 0.4199074074074074 0.025520833333333333 0.041666666666666664
1 0.8131510416666666 0.4576388888888889 0.026302083333333334 0.04490740740740741
1 0.24192708333333332 0.9275462962962963 0.06145833333333333 0.11712962962962963
1 0.5526041666666667 0.3335648148148148 0.029166666666666667 0.04583333333333333
1 0.46393229166666666 0.23217592592592592 0.021614583333333333 0.03009259259259259
1 0.4420572916666667 0.26643518518518516 0.02578125 0.04027777777777778
3 0.21783854166666666 0.711574074074074 0.05286458333333333 0.08148148148148149
3 0.17643229166666666 0.31875 0.04244791666666667 0.056018518518518516
3 0.4359375 0.3388888888888889 0.03177083333333333 0.03888888888888889
3 0.5572916666666666 0.3840277777777778 0.035416666666666666 0.043055555555555555
3 0.455859375 0.47939814814814813 0.03567708333333333 0.05138888888888889
1 0.5790364583333333 0.3229166666666667 0.02265625 0.031018518518518518
1 0.60859375 0.2761574074074074 0.016666666666666666 0.02175925925925926
1 0.5888020833333333 0.26273148148148145 0.016666666666666666 0.02175925925925926
1 0.6541666666666667 0.2724537037037037 0.016666666666666666 0.02175925925925926
1 0.6640625 0.2511574074074074 0.016666666666666666 0.02175925925925926
1 0.6569010416666666 0.17592592592592593 0.012760416666666666 0.021296296296296296
1 0.6438802083333334 0.17175925925925925 0.012760416666666666 0.021296296296296296
1 0.7014322916666667 0.36527777777777776 0.012760416666666666 0.021296296296296296
1 0.7209635416666667 0.3824074074074074 0.012760416666666666 0.021296296296296296
1 0.7587239583333333 0.3814814814814815 0.012760416666666666 0.021296296296296296
1 0.769140625 0.31157407407407406 0.012760416666666666 0.021296296296296296
1 0.791015625 0.3509259259259259 0.012760416666666666 0.021296296296296296
1 0.799609375 0.36203703703703705 0.012760416666666666 0.021296296296296296
1 0.740234375 0.2865740740740741 0.012760416666666666 0.021296296296296296
1 0.5162760416666666 0.15671296296296297 0.021614583333333333 0.03009259259259259
1 0.4217447916666667 0.10300925925925926 0.021614583333333333 0.03009259259259259
1 0.4493489583333333 0.11851851851851852 0.01484375 0.025
1 0.466796875 0.07592592592592592 0.01484375 0.025
1 0.33736979166666664 0.08333333333333333 0.01484375 0.025
1 0.18268229166666666 0.08171296296296296 0.030989583333333334 0.05138888888888889
1 0.18216145833333333 0.08078703703703703 0.030989583333333334 0.05138888888888889
1 0.8625 0.40717592592592594 0.0171875 0.01990740740740741
1 0.8748697916666667 0.3976851851851852 0.012760416666666666 0.021296296296296296
1 0.8884114583333333 0.425462962962963 0.018489583333333334 0.025
1 0.9524739583333334 0.5356481481481481 0.02109375 0.02962962962962963
1 0.9548177083333333 0.47129629629629627 0.02109375 0.02962962962962963
1 0.9680989583333334 0.524074074074074 0.014322916666666666 0.022222222222222223