1 0.22825520833333332 0.2050925925925926 0.054947916666666666 0.08981481481481482
1 0.7372395833333333 0.06712962962962964 0.049479166666666664 0.07407407407407407
1 0.4276041666666667 0.08009259259259259 0.033854166666666664 0.058333333333333334
1 0.5309895833333333 0.019212962962962963 0.0390625 0.0375
1 0.6115885416666667 0.08449074074074074 0.04192708333333333 0.07361111111111111
1 0.37135416666666665 0.06087962962962963 0.029166666666666667 0.047685185185185185
1 0.5721354166666667 0.1099537037037037 0.028645833333333332 0.04953703703703704
3 0.9083333333333333 0.2590277777777778 0.14479166666666668 0.16157407407407406
3 0.20520833333333333 0.8342592592592593 0.11510416666666666 0.16296296296296298
3 0.23424479166666667 0.46574074074074073 0.045572916666666664 0.037037037037037035
3 0.4908854166666667 0.6122685185185185 0.030208333333333334 0.05416666666666667
3 0.605078125 0.01574074074074074 0.03463541666666667 0.030555555555555555
3 0.6420572916666667 0.09305555555555556 0.026822916666666665 0.04537037037037037
1 0.10104166666666667 0.5893518518518519 0.04010416666666667 0.07037037037037037
0 0.3548177083333333 0.3280092592592593 0.03411458333333333 0.04861111111111111
1 0.666015625 0.019675925925925927 0.02734375 0.03657407407407407
1 0.6729166666666667 0.46805555555555556 0.025 0.04351851851851852