1 0.5875 0.7185185185185186 0.11944444444444445 0.17777777777777778
1 0.3770833333333333 0.5728395061728395 0.06527777777777778 0.09876543209876543
1 0.75 0.4024691358024691 0.05277777777777778 0.07407407407407407
1 0.24097222222222223 0.5592592592592592 0.07916666666666666 0.10617283950617284
1 0.8944444444444445 0.5592592592592592 0.075 0.08641975308641975
1 0.8076388888888889 0.41728395061728396 0.04583333333333333 0.05925925925925926
1 0.5520833333333334 0.39382716049382716 0.043055555555555555 0.07160493827160494
1 0.38125 0.43950617283950616 0.043055555555555555 0.0691358024691358
1 0.09652777777777778 0.6777777777777778 0.05416666666666667 0.08148148148148149
3 0.4826388888888889 0.917283950617284 0.10138888888888889 0.1259259259259259
3 0.3861111111111111 0.7765432098765432 0.06111111111111111 0.09135802469135802
3 0.49375 0.4506172839506173 0.07916666666666666 0.06666666666666667
3 0.6305555555555555 0.45555555555555555 0.05277777777777778 0.06172839506172839