1 0.6145833333333334 0.6826388888888889 0.03697916666666667 0.06435185185185185
1 0.8986979166666667 0.6784722222222223 0.04583333333333333 0.07916666666666666
1 0.39609375 0.8280092592592593 0.0328125 0.0587962962962963
1 0.55 0.5722222222222222 0.025520833333333333 0.044444444444444446
1 0.82265625 0.9745370370370371 0.046875 0.05
1 0.33151041666666664 0.8775462962962963 0.025 0.05138888888888889
1 0.9311197916666667 0.6474537037037037 0.03359375 0.05138888888888889
1 0.5904947916666666 0.32893518518518516 0.015364583333333333 0.02175925925925926
1 0.5682291666666667 0.35833333333333334 0.017708333333333333 0.024074074074074074
1 0.46588541666666666 0.49675925925925923 0.016145833333333335 0.020370370370370372
1 0.45364583333333336 0.5196759259259259 0.013541666666666667 0.024537037037037038
1 0.432421875 0.5444444444444444 0.018489583333333334 0.022222222222222223
1 0.39895833333333336 0.5780092592592593 0.015625 0.02175925925925926
1 0.40377604166666664 0.5502314814814815 0.015364583333333333 0.024537037037037038
1 0.3782552083333333 0.5789351851851852 0.023177083333333334 0.02824074074074074
1 0.3053385416666667 0.7238425925925925 0.021614583333333333 0.031018518518518518
1 0.3234375 0.6719907407407407 0.015104166666666667 0.024537037037037038