1 0.42986111111111114 0.43209876543209874 0.04861111111111111 0.07901234567901234
1 0.5847222222222223 0.6555555555555556 0.06111111111111111 0.10123456790123457
1 0.6125 0.4012345679012346 0.044444444444444446 0.07160493827160494
1 0.11736111111111111 0.7358024691358025 0.04861111111111111 0.07901234567901234
1 0.3645833333333333 0.582716049382716 0.05138888888888889 0.09876543209876543
1 0.525 0.9419753086419753 0.07222222222222222 0.10123456790123457
1 0.9090277777777778 0.6753086419753086 0.04027777777777778 0.06666666666666667
1 0.3145833333333333 0.5333333333333333 0.04027777777777778 0.07901234567901234
1 0.03263888888888889 0.6654320987654321 0.0625 0.14074074074074075
1 0.2881944444444444 0.7049382716049383 0.0375 0.07654320987654321
1 0.17152777777777778 0.6567901234567901 0.04583333333333333 0.07901234567901234
1 0.059722222222222225 0.3962962962962963 0.027777777777777776 0.04691358024691358
3 0.3972222222222222 0.49382716049382713 0.05555555555555555 0.0691358024691358
3 0.6458333333333334 0.8876543209876543 0.075 0.12098765432098765
3 0.5951388888888889 0.9691358024691358 0.05694444444444444 0.056790123456790124
1 0.0798611111111111 0.41975308641975306 0.02638888888888889 0.03950617283950617