1 0.39895833333333336 0.38078703703703703 0.034895833333333334 0.052314814814814814
1 0.440234375 0.6145833333333334 0.03984375 0.06157407407407407
1 0.2703125 0.6300925925925925 0.0359375 0.05462962962962963
1 0.14479166666666668 0.7837962962962963 0.04895833333333333 0.07314814814814814
1 0.3567708333333333 0.5266203703703703 0.03854166666666667 0.0587962962962963
1 0.07565104166666667 0.5023148148148148 0.04244791666666667 0.05648148148148148
1 0.5111979166666667 0.42939814814814814 0.030729166666666665 0.050462962962962966
1 0.19518229166666667 0.5030092592592592 0.03203125 0.04583333333333333
1 0.061848958333333336 0.26990740740740743 0.03411458333333333 0.05462962962962963
1 0.5731770833333333 0.600925925925926 0.034375 0.05277777777777778
1 0.15546875 0.37592592592592594 0.04114583333333333 0.05925925925925926
1 0.2610677083333333 0.3835648148148148 0.03828125 0.059722222222222225
1 0.20052083333333334 0.21435185185185185 0.03333333333333333 0.05185185185185185
1 0.03372395833333333 0.5842592592592593 0.038802083333333334 0.05277777777777778
1 0.017447916666666667 0.5041666666666667 0.034375 0.05277777777777778
1 0.5303385416666667 0.34675925925925927 0.024739583333333332 0.04259259259259259
1 0.3450520833333333 0.24675925925925926 0.025520833333333333 0.03796296296296296
1 0.9407552083333334 0.7969907407407407 0.04088541666666667 0.059722222222222225
1 0.388671875 0.2847222222222222 0.029947916666666668 0.046296296296296294
1 0.28372395833333336 0.22060185185185185 0.03307291666666667 0.04953703703703704
1 0.40481770833333336 0.30069444444444443 0.019010416666666665 0.02638888888888889
3 0.10455729166666666 0.6305555555555555 0.05026041666666667 0.07222222222222222
3 0.309375 0.4134259259259259 0.03125 0.04722222222222222
3 0.2811197916666667 0.2898148148148148 0.02734375 0.03425925925925926
1 0.4061197916666667 0.27523148148148147 0.019010416666666665 0.02638888888888889
1 0.5096354166666667 0.3013888888888889 0.016145833333333335 0.020370370370370372
1 0.5208333333333334 0.31296296296296294 0.016145833333333335 0.020370370370370372
1 0.47291666666666665 0.3199074074074074 0.016145833333333335 0.020370370370370372
1 0.47213541666666664 0.2962962962962963 0.016145833333333335 0.020370370370370372
1 0.43020833333333336 0.23472222222222222 0.016145833333333335 0.020370370370370372
1 0.40911458333333334 0.21712962962962962 0.016145833333333335 0.020370370370370372
1 0.5544270833333333 0.31574074074074077 0.016145833333333335 0.020370370370370372
1 0.5731770833333333 0.3375 0.016145833333333335 0.020370370370370372
1 0.5953125 0.362962962962963 0.016145833333333335 0.020370370370370372
1 0.6916666666666667 0.41435185185185186 0.016145833333333335 0.020370370370370372
1 0.667578125 0.4888888888888889 0.017447916666666667 0.025925925925925925
1 0.7350260416666666 0.38935185185185184 0.017447916666666667 0.025925925925925925
1 0.6524739583333333 0.3460648148148148 0.01640625 0.02361111111111111
1 0.6337239583333333 0.33078703703703705 0.01640625 0.02361111111111111
1 0.6440104166666667 0.3236111111111111 0.014583333333333334 0.018518518518518517
1 0.5604166666666667 0.26296296296296295 0.014583333333333334 0.018518518518518517
1 0.53515625 0.2462962962962963 0.014583333333333334 0.018518518518518517
1 0.47265625 0.20694444444444443 0.014583333333333334 0.018518518518518517