0 0.7486111111111111 0.691358024691358 0.09166666666666666 0.18271604938271604
0 0.3645833333333333 0.2802469135802469 0.059722222222222225 0.09135802469135802
0 0.7055555555555556 0.5012345679012346 0.08333333333333333 0.09382716049382717
1 0.09652777777777778 0.15308641975308643 0.05416666666666667 0.08888888888888889
1 0.04027777777777778 0.8987654320987655 0.08055555555555556 0.2074074074074074
1 0.2861111111111111 0.5074074074074074 0.07222222222222222 0.12098765432098765
1 0.027777777777777776 0.4901234567901235 0.05555555555555555 0.2
1 0.029166666666666667 0.21975308641975308 0.05555555555555555 0.11851851851851852
1 0.05486111111111111 0.04567901234567901 0.05694444444444444 0.08148148148148149
1 0.01597222222222222 0.2839506172839506 0.03194444444444444 0.09876543209876543
3 0.2048611111111111 0.4111111111111111 0.0625 0.07654320987654321
3 0.8152777777777778 0.6925925925925925 0.08055555555555556 0.14074074074074075
3 0.70625 0.7123456790123457 0.0763888888888889 0.1259259259259259
3 0.8222222222222222 0.8296296296296296 0.07222222222222222 0.11851851851851852
3 0.9618055555555556 0.3172839506172839 0.0625 0.08641975308641975
3 0.38958333333333334 0.7024691358024692 0.05416666666666667 0.08641975308641975
3 0.23194444444444445 0.35185185185185186 0.07777777777777778 0.09135802469135802
3 0.09652777777777778 0.5407407407407407 0.06527777777777778 0.08395061728395062
3 0.07430555555555556 0.2580246913580247 0.05416666666666667 0.08148148148148149
3 0.4791666666666667 0.9543209876543209 0.058333333333333334 0.08641975308641975
3 0.20208333333333334 0.2234567901234568 0.043055555555555555 0.056790123456790124
3 0.8388888888888889 0.4246913580246914 0.04722222222222222 0.05925925925925926
3 0.022222222222222223 0.35185185185185186 0.044444444444444446 0.0962962962962963
3 0.5791666666666667 0.9555555555555556 0.075 0.07901234567901234