1 0.6036458333333333 0.42962962962962964 0.04375 0.06666666666666667
1 0.8520833333333333 0.26990740740740743 0.04375 0.06018518518518518
1 0.7088541666666667 0.19166666666666668 0.042708333333333334 0.06481481481481481
1 0.5205729166666667 0.9601851851851851 0.0546875 0.07407407407407407
1 0.3263020833333333 0.5694444444444444 0.030729166666666665 0.05
1 0.3502604166666667 0.4708333333333333 0.028645833333333332 0.04537037037037037
2 0.4744791666666667 0.6416666666666667 0.04791666666666667 0.07962962962962963
3 0.7893229166666667 0.5541666666666667 0.14010416666666667 0.1527777777777778
3 0.9096354166666667 0.1986111111111111 0.06302083333333333 0.0787037037037037
3 0.6799479166666667 0.638425925925926 0.0703125 0.10462962962962963
3 0.7981770833333334 0.03657407407407407 0.06927083333333334 0.0712962962962963
3 0.5143229166666666 0.3509259259259259 0.050520833333333334 0.07222222222222222