1 0.9330729166666667 0.7055555555555556 0.1234375 0.12407407407407407
1 0.5802083333333333 0.487962962962963 0.07395833333333333 0.12777777777777777
1 0.5971354166666667 0.6078703703703704 0.0828125 0.1361111111111111
1 0.7940104166666667 0.4847222222222222 0.08489583333333334 0.12129629629629629
1 0.8291666666666667 0.5898148148148148 0.10208333333333333 0.12777777777777777
1 0.30130208333333336 0.449537037037037 0.0390625 0.062037037037037036
1 0.34348958333333335 0.7694444444444445 0.08385416666666666 0.1259259259259259
1 0.6604166666666667 0.3162037037037037 0.07395833333333333 0.11574074074074074
1 0.53984375 0.06111111111111111 0.058854166666666666 0.11296296296296296
1 0.34348958333333335 0.35138888888888886 0.05572916666666667 0.08055555555555556
1 0.4203125 0.3111111111111111 0.04375 0.07777777777777778
1 0.7010416666666667 0.21388888888888888 0.058333333333333334 0.08518518518518518
1 0.5247395833333334 0.5856481481481481 0.06510416666666667 0.11203703703703703
1 0.6276041666666666 0.7962962962962963 0.058333333333333334 0.09814814814814815
1 0.203125 0.43333333333333335 0.04583333333333333 0.06666666666666667
3 0.5986979166666667 0.3638888888888889 0.05260416666666667 0.07777777777777778
3 0.4828125 0.3490740740740741 0.06041666666666667 0.07407407407407407
3 0.3734375 0.5273148148148148 0.07291666666666667 0.125
3 0.7486979166666666 0.26851851851851855 0.05364583333333333 0.06666666666666667
3 0.66328125 0.1287037037037037 0.0671875 0.08888888888888889
3 0.43255208333333334 0.4925925925925926 0.059895833333333336 0.1037037037037037
3 0.35989583333333336 0.8569444444444444 0.09791666666666667 0.12685185185185185
3 0.4322916666666667 0.6532407407407408 0.08333333333333333 0.14722222222222223
3 0.35052083333333334 0.4101851851851852 0.05625 0.06666666666666667
3 0.09114583333333333 0.32592592592592595 0.09895833333333333 0.09814814814814815
3 0.31276041666666665 0.6930555555555555 0.0671875 0.10092592592592593
3 0.890625 0.2324074074074074 0.09583333333333334 0.06481481481481481
3 0.48463541666666665 0.5643518518518519 0.06822916666666666 0.11388888888888889
3 0.30859375 0.06296296296296296 0.0703125 0.07962962962962963
3 0.7307291666666667 0.48564814814814816 0.07291666666666667 0.10092592592592593
3 0.30442708333333335 0.2967592592592593 0.06822916666666666 0.09537037037037037
3 0.5791666666666667 0.09675925925925925 0.036458333333333336 0.058333333333333334
3 0.027604166666666666 0.38287037037037036 0.05416666666666667 0.1175925925925926
3 0.9768229166666667 0.11666666666666667 0.0453125 0.1648148148148148