1 0.6940104166666666 0.2039351851851852 0.029166666666666667 0.04953703703703704
1 0.4490885416666667 0.5236111111111111 0.08828125 0.16296296296296298
1 0.4571614583333333 0.3416666666666667 0.04296875 0.06666666666666667
1 0.17369791666666667 0.12430555555555556 0.05625 0.07453703703703704
1 0.382421875 0.2831018518518518 0.04869791666666667 0.07175925925925926
1 0.27265625 0.2550925925925926 0.04739583333333333 0.06944444444444445
1 0.6501302083333333 0.36342592592592593 0.027864583333333335 0.044444444444444446
1 0.09596354166666667 0.04212962962962963 0.03723958333333333 0.041666666666666664
1 0.9223958333333333 0.4233796296296296 0.028645833333333332 0.047685185185185185
1 0.7619791666666667 0.3891203703703704 0.0296875 0.05138888888888889
1 0.3977864583333333 0.23310185185185187 0.026302083333333334 0.04490740740740741
1 0.31549479166666666 0.10787037037037037 0.027864583333333335 0.03981481481481482
1 0.8524739583333333 0.4027777777777778 0.031510416666666666 0.04814814814814815
1 0.858984375 0.49212962962962964 0.020572916666666666 0.03796296296296296
1 0.43528645833333335 0.12106481481481482 0.019010416666666665 0.033796296296296297
1 0.41692708333333334 0.08217592592592593 0.025 0.04212962962962963
1 0.368359375 0.08703703703703704 0.028385416666666666 0.05185185185185185
3 0.5927083333333333 0.4638888888888889 0.0734375 0.06759259259259259
3 0.7611979166666667 0.2763888888888889 0.050520833333333334 0.06111111111111111
3 0.6477864583333334 0.5694444444444444 0.07265625 0.08333333333333333
3 0.5158854166666667 0.5011574074074074 0.030729166666666665 0.06620370370370371
1 0.8799479166666667 0.17152777777777778 0.0234375 0.031018518518518518
1 0.8622395833333333 0.12523148148148147 0.0234375 0.031018518518518518
1 0.82734375 0.09560185185185185 0.0234375 0.031018518518518518
1 0.7729166666666667 0.10162037037037037 0.0234375 0.031018518518518518
1 0.7682291666666666 0.13541666666666666 0.0234375 0.031018518518518518
1 0.7286458333333333 0.1650462962962963 0.0234375 0.031018518518518518
1 0.68671875 0.06412037037037037 0.0234375 0.031018518518518518
1 0.6729166666666667 0.03356481481481482 0.0234375 0.031018518518518518
1 0.6361979166666667 0.09467592592592593 0.0234375 0.031018518518518518
1 0.5984375 0.08819444444444445 0.0234375 0.031018518518518518
1 0.553125 0.09328703703703704 0.0234375 0.031018518518518518
1 0.534375 0.05856481481481481 0.0234375 0.031018518518518518
1 0.4875 0.04976851851851852 0.0234375 0.031018518518518518
1 0.503125 0.10347222222222222 0.0234375 0.031018518518518518
1 0.7390625 0.23981481481481481 0.0171875 0.025925925925925925