0 0.63125 0.8469135802469135 0.04583333333333333 0.1580246913580247
1 0.6034722222222222 0.6851851851851852 0.07083333333333333 0.13580246913580246
1 0.5923611111111111 0.5395061728395062 0.059722222222222225 0.1111111111111111
1 0.3388888888888889 0.8827160493827161 0.05 0.09135802469135802
1 0.4951388888888889 0.7753086419753087 0.0625 0.1037037037037037
1 0.4125 0.8641975308641975 0.05555555555555555 0.09876543209876543
1 0.8979166666666667 0.43333333333333335 0.15138888888888888 0.18518518518518517
1 0.31180555555555556 0.9592592592592593 0.04583333333333333 0.06666666666666667
1 0.3125 0.8345679012345679 0.05555555555555555 0.07407407407407407
3 0.3923611111111111 0.9654320987654321 0.05138888888888889 0.0691358024691358
1 0.29375 0.9148148148148149 0.034722222222222224 0.056790123456790124