1 0.4376302083333333 0.49398148148148147 0.05234375 0.08888888888888889
1 0.3360677083333333 0.5761574074074074 0.05078125 0.08101851851851852
1 0.4859375 0.26689814814814816 0.027604166666666666 0.04861111111111111
1 0.24752604166666667 0.4025462962962963 0.040364583333333336 0.05694444444444444
1 0.09856770833333334 0.300462962962963 0.03463541666666667 0.062037037037037036
1 0.38359375 0.4083333333333333 0.059895833333333336 0.08333333333333333
1 0.20598958333333334 0.9206018518518518 0.09947916666666666 0.15138888888888888
1 0.9520833333333333 0.3747685185185185 0.03125 0.04675925925925926
1 0.36796875 0.32199074074074074 0.034895833333333334 0.059722222222222225
1 0.8014322916666666 0.3648148148148148 0.03307291666666667 0.040740740740740744
1 0.34791666666666665 0.21712962962962962 0.027083333333333334 0.05462962962962963
1 0.23216145833333332 0.2550925925925926 0.02890625 0.06111111111111111
1 0.2928385416666667 0.10439814814814814 0.024739583333333332 0.047685185185185185
1 0.2546875 0.07685185185185185 0.025520833333333333 0.04722222222222222
1 0.4903645833333333 0.41597222222222224 0.028645833333333332 0.0412037037037037
1 0.220703125 0.22824074074074074 0.02265625 0.037037037037037035
1 0.3946614583333333 0.16921296296296295 0.028385416666666666 0.038425925925925926
1 0.6518229166666667 0.5085648148148149 0.0390625 0.04861111111111111
1 0.3515625 0.16689814814814816 0.022916666666666665 0.03935185185185185
1 0.343359375 0.3224537037037037 0.03411458333333333 0.05138888888888889
1 0.7569010416666667 0.26273148148148145 0.01953125 0.034722222222222224
1 0.1765625 0.14699074074074073 0.027604166666666666 0.04490740740740741
1 0.71015625 0.21319444444444444 0.022395833333333334 0.029166666666666667
1 0.380078125 0.2300925925925926 0.029947916666666668 0.05
1 0.6483072916666667 0.3275462962962963 0.021614583333333333 0.0375
3 0.5572916666666666 0.5108796296296296 0.06458333333333334 0.05324074074074074
3 0.44296875 0.6472222222222223 0.0578125 0.05925925925925926
3 0.399609375 0.6418981481481482 0.05807291666666667 0.06620370370370371
3 0.09114583333333333 0.5511574074074074 0.057291666666666664 0.052314814814814814
3 0.4647135416666667 0.37430555555555556 0.03828125 0.0625
3 0.40520833333333334 0.3326388888888889 0.022395833333333334 0.04027777777777778
3 0.39010416666666664 0.2511574074074074 0.026041666666666668 0.03287037037037037
3 0.466015625 0.33287037037037037 0.020052083333333335 0.032407407407407406
3 0.830078125 0.32569444444444445 0.030989583333333334 0.043055555555555555
1 0.3770833333333333 0.1798611111111111 0.022916666666666665 0.03935185185185185
1 0.4239583333333333 0.14282407407407408 0.022916666666666665 0.03935185185185185
1 0.38619791666666664 0.05717592592592593 0.022916666666666665 0.03935185185185185
1 0.4041666666666667 0.05810185185185185 0.022916666666666665 0.03935185185185185
1 0.4236979166666667 0.06319444444444444 0.022916666666666665 0.03935185185185185
1 0.43828125 0.05023148148148148 0.022916666666666665 0.03935185185185185
1 0.4744791666666667 0.2025462962962963 0.022916666666666665 0.03935185185185185
1 0.54765625 0.24004629629629629 0.022916666666666665 0.03935185185185185
1 0.5893229166666667 0.20162037037037037 0.022916666666666665 0.03935185185185185
1 0.585546875 0.23981481481481481 0.029947916666666668 0.037037037037037035
1 0.5216145833333333 0.08217592592592593 0.022916666666666665 0.03935185185185185
1 0.5317708333333333 0.034027777777777775 0.022916666666666665 0.03935185185185185
1 0.60234375 0.10902777777777778 0.022916666666666665 0.03935185185185185
1 0.6291666666666667 0.1425925925925926 0.0171875 0.030555555555555555
1 0.6345052083333333 0.1275462962962963 0.015885416666666666 0.027314814814814816
1 0.7067708333333333 0.20856481481481481 0.022395833333333334 0.029166666666666667
1 0.71328125 0.1761574074074074 0.022395833333333334 0.029166666666666667
1 0.70625 0.15069444444444444 0.022395833333333334 0.029166666666666667
1 0.75078125 0.14791666666666667 0.022395833333333334 0.029166666666666667
1 0.7583333333333333 0.22199074074074074 0.022395833333333334 0.029166666666666667
1 0.7901041666666667 0.20347222222222222 0.022395833333333334 0.029166666666666667
1 0.7848958333333333 0.26643518518518516 0.022395833333333334 0.029166666666666667
1 0.7333333333333333 0.3414351851851852 0.022395833333333334 0.029166666666666667
1 0.746875 0.10162037037037037 0.022395833333333334 0.029166666666666667
0 0.8002604166666667 0.2912037037037037 0.030208333333333334 0.024074074074074074
1 0.9619791666666667 0.2900462962962963 0.03125 0.04675925925925926
1 0.9907552083333333 0.3215277777777778 0.019010416666666665 0.04212962962962963
1 0.9712239583333333 0.09745370370370371 0.019010416666666665 0.04212962962962963
1 0.9725260416666667 0.14328703703703705 0.019010416666666665 0.04212962962962963
1 0.9584635416666667 0.18310185185185185 0.019010416666666665 0.04212962962962963