1 0.11158854166666667 0.5854166666666667 0.03828125 0.0587962962962963
1 0.18177083333333333 0.5701388888888889 0.030208333333333334 0.04953703703703704
1 0.14739583333333334 0.9243055555555556 0.04479166666666667 0.0699074074074074
1 0.43997395833333336 0.600925925925926 0.027864583333333335 0.046296296296296294
1 0.378515625 0.49953703703703706 0.03046875 0.05
1 0.437109375 0.5326388888888889 0.026822916666666665 0.047685185185185185
1 0.516796875 0.6303240740740741 0.03046875 0.04861111111111111
1 0.442578125 0.44583333333333336 0.03463541666666667 0.05277777777777778
1 0.0953125 0.7590277777777777 0.03229166666666667 0.05138888888888889
1 0.17174479166666667 0.7393518518518518 0.02890625 0.05277777777777778
1 0.3723958333333333 0.4532407407407407 0.026041666666666668 0.04351851851851852
1 0.04479166666666667 0.42986111111111114 0.033854166666666664 0.05324074074074074
1 0.5829427083333333 0.6222222222222222 0.02109375 0.028703703703703703
1 0.572265625 0.5650462962962963 0.01484375 0.022685185185185187
1 0.6259114583333333 0.5777777777777777 0.016927083333333332 0.026851851851851852
1 0.6119791666666666 0.5997685185185185 0.01875 0.022685185185185187
1 0.5264322916666667 0.35324074074074074 0.01953125 0.022222222222222223
1 0.17135416666666667 0.3368055555555556 0.022916666666666665 0.02824074074074074
1 0.11002604166666667 0.2657407407407407 0.023697916666666666 0.03148148148148148
1 0.18033854166666666 0.2326388888888889 0.015364583333333333 0.01990740740740741
1 0.19973958333333333 0.23148148148148148 0.017708333333333333 0.018518518518518517
1 0.3421875 0.2569444444444444 0.0171875 0.03333333333333333
1 0.39296875 0.31203703703703706 0.018229166666666668 0.03518518518518519
1 0.428515625 0.2763888888888889 0.02421875 0.03148148148148148
1 0.37161458333333336 0.39305555555555555 0.019791666666666666 0.020370370370370372
1 0.6623697916666667 0.5115740740740741 0.02109375 0.03333333333333333