1 0.6284722222222222 0.8938271604938272 0.0625 0.1037037037037037
1 0.41180555555555554 0.4382716049382716 0.04583333333333333 0.08148148148148149
1 0.41180555555555554 0.8432098765432099 0.05416666666666667 0.08148148148148149
1 0.8118055555555556 0.8518518518518519 0.09861111111111111 0.16296296296296298
1 0.5902777777777778 0.3962962962962963 0.05 0.07654320987654321
1 0.4965277777777778 0.4160493827160494 0.04027777777777778 0.06666666666666667
1 0.46875 0.4641975308641975 0.04027777777777778 0.07407407407407407
1 0.5895833333333333 0.5395061728395062 0.0375 0.08641975308641975
1 0.24583333333333332 0.45925925925925926 0.05277777777777778 0.07901234567901234
1 0.3402777777777778 0.674074074074074 0.06388888888888888 0.11851851851851852
1 0.3875 0.9407407407407408 0.06944444444444445 0.10864197530864197
1 0.44305555555555554 0.9654320987654321 0.05277777777777778 0.07407407407407407
1 0.26875 0.9469135802469136 0.06805555555555555 0.10617283950617284
1 0.5631944444444444 0.29876543209876544 0.04027777777777778 0.07407407407407407
1 0.4465277777777778 0.3469135802469136 0.0375 0.06666666666666667
3 0.6034722222222222 0.774074074074074 0.05694444444444444 0.09135802469135802
3 0.44027777777777777 0.7703703703703704 0.058333333333333334 0.08395061728395062
3 0.16041666666666668 0.3432098765432099 0.07083333333333333 0.09382716049382717
3 0.8152777777777778 0.9641975308641976 0.11666666666666667 0.06666666666666667
3 0.12569444444444444 0.26666666666666666 0.06527777777777778 0.07407407407407407
3 0.021527777777777778 0.3074074074074074 0.04027777777777778 0.0962962962962963
1 0.225 0.4123456790123457 0.044444444444444446 0.044444444444444446
1 0.5576388888888889 0.49382716049382713 0.020833333333333332 0.03950617283950617
1 0.47638888888888886 0.27530864197530863 0.025 0.03209876543209877
1 0.40902777777777777 0.3197530864197531 0.020833333333333332 0.04197530864197531