1 0.6411458333333333 0.8050925925925926 0.03333333333333333 0.05277777777777778
1 0.67890625 0.8810185185185185 0.04114583333333333 0.06574074074074074
1 0.8908854166666667 0.7611111111111111 0.0359375 0.05925925925925926
1 0.5419270833333333 0.8523148148148149 0.0328125 0.05092592592592592
1 0.8502604166666666 0.9055555555555556 0.03697916666666667 0.05740740740740741
1 0.90859375 0.8361111111111111 0.03697916666666667 0.05555555555555555
1 0.80234375 0.8166666666666667 0.03802083333333333 0.05925925925925926
1 0.45416666666666666 0.913425925925926 0.036458333333333336 0.06018518518518518
1 0.5315104166666667 0.7555555555555555 0.0296875 0.05555555555555555
1 0.20520833333333333 0.6680555555555555 0.042708333333333334 0.06574074074074074
1 0.5223958333333333 0.5157407407407407 0.026041666666666668 0.04814814814814815
1 0.20729166666666668 0.5347222222222222 0.035416666666666666 0.05092592592592592
1 0.5651041666666666 0.7287037037037037 0.036458333333333336 0.053703703703703705
1 0.41432291666666665 0.5180555555555556 0.0296875 0.04537037037037037
1 0.79375 0.6847222222222222 0.030208333333333334 0.04722222222222222
1 0.49453125 0.5615740740740741 0.028645833333333332 0.041666666666666664
1 0.8674479166666667 0.6800925925925926 0.0328125 0.04537037037037037
1 0.27369791666666665 0.46064814814814814 0.027604166666666666 0.04722222222222222
1 0.9325520833333333 0.7731481481481481 0.0265625 0.046296296296296294
1 0.10260416666666666 0.5199074074074074 0.035416666666666666 0.06759259259259259
1 0.584375 0.7981481481481482 0.020833333333333332 0.037037037037037035
1 0.609375 0.5111111111111111 0.01875 0.03518518518518519
1 0.2916666666666667 0.45601851851851855 0.028125 0.04722222222222222
1 0.28072916666666664 0.2949074074074074 0.028125 0.04722222222222222
1 0.30052083333333335 0.300462962962963 0.028125 0.04722222222222222
1 0.46041666666666664 0.38472222222222224 0.028125 0.04722222222222222
1 0.4666666666666667 0.350462962962963 0.028125 0.04722222222222222
1 0.44583333333333336 0.3486111111111111 0.028125 0.04722222222222222
1 0.6270833333333333 0.3736111111111111 0.028125 0.04722222222222222
1 0.4778645833333333 0.5842592592592593 0.028645833333333332 0.04259259259259259
1 0.5854166666666667 0.49166666666666664 0.01875 0.03518518518518519
1 0.6078125 0.49074074074074076 0.01875 0.03518518518518519
1 0.5885416666666666 0.46111111111111114 0.01875 0.03518518518518519
1 0.6494791666666667 0.5101851851851852 0.01875 0.03518518518518519
1 0.5791666666666667 0.6648148148148149 0.01875 0.03518518518518519
1 0.7098958333333333 0.5888888888888889 0.01875 0.03518518518518519
1 0.5098958333333333 0.4546296296296296 0.01875 0.03518518518518519
1 0.7645833333333333 0.6134259259259259 0.01875 0.03425925925925926
1 0.7770833333333333 0.5439814814814815 0.01875 0.03425925925925926
1 0.7260416666666667 0.4976851851851852 0.01875 0.03425925925925926
1 0.7046875 0.5115740740740741 0.01875 0.03425925925925926