0 0.8923611111111112 0.12839506172839507 0.08472222222222223 0.14814814814814814
1 0.2326388888888889 0.10864197530864197 0.10972222222222222 0.14320987654320988
1 0.6243055555555556 0.24814814814814815 0.06805555555555555 0.1506172839506173
1 0.32569444444444445 0.8049382716049382 0.09027777777777778 0.1728395061728395
1 0.7909722222222222 0.8827160493827161 0.12083333333333333 0.20987654320987653
1 0.7381944444444445 0.037037037037037035 0.05694444444444444 0.07407407407407407
1 0.43472222222222223 0.9345679012345679 0.06388888888888888 0.1308641975308642
1 0.6555555555555556 0.9679012345679012 0.10277777777777777 0.0691358024691358
3 0.6916666666666667 0.8222222222222222 0.11388888888888889 0.18271604938271604
3 0.5916666666666667 0.6481481481481481 0.06111111111111111 0.08148148148148149
3 0.9388888888888889 0.7148148148148148 0.12222222222222222 0.15555555555555556
3 0.7444444444444445 0.4740740740740741 0.075 0.07407407407407407
3 0.4201388888888889 0.6555555555555556 0.06527777777777778 0.10123456790123457
3 0.39444444444444443 0.891358024691358 0.06388888888888888 0.09876543209876543