0 0.5333333333333333 0.9222222222222223 0.11666666666666667 0.1506172839506173
0 0.12986111111111112 0.3234567901234568 0.10972222222222222 0.08888888888888889
1 0.6444444444444445 0.3506172839506173 0.05277777777777778 0.09876543209876543
1 0.16666666666666666 0.6703703703703704 0.11388888888888889 0.15555555555555556
1 0.8097222222222222 0.1728395061728395 0.044444444444444446 0.07901234567901234
1 0.3125 0.9148148148148149 0.10277777777777777 0.1654320987654321
1 0.3055555555555556 0.5160493827160494 0.075 0.11358024691358025
1 0.6402777777777777 0.1506172839506173 0.05555555555555555 0.08395061728395062
1 0.6868055555555556 0.10123456790123457 0.0375 0.06419753086419754
1 0.6930555555555555 0.674074074074074 0.06666666666666667 0.10864197530864197
1 0.7569444444444444 0.19753086419753085 0.044444444444444446 0.07407407407407407
1 0.2520833333333333 0.4 0.06527777777777778 0.11358024691358025
3 0.48194444444444445 0.1419753086419753 0.05277777777777778 0.08641975308641975
3 0.16111111111111112 0.20617283950617285 0.06111111111111111 0.08641975308641975
3 0.5215277777777778 0.05925925925925926 0.04027777777777778 0.06419753086419754
3 0.59375 0.37160493827160496 0.04861111111111111 0.10123456790123457