1 0.6201388888888889 0.26049382716049385 0.06527777777777778 0.08148148148148149
1 0.8361111111111111 0.48518518518518516 0.11388888888888889 0.1654320987654321
1 0.33402777777777776 0.7765432098765432 0.20416666666666666 0.33827160493827163
1 0.22361111111111112 0.09876543209876543 0.06944444444444445 0.08395061728395062
1 0.7597222222222222 0.2938271604938272 0.07777777777777778 0.11358024691358025
1 0.4930555555555556 0.2518518518518518 0.06944444444444445 0.12839506172839507
1 0.9673611111111111 0.5604938271604938 0.06527777777777778 0.2716049382716049
1 0.8909722222222223 0.41975308641975306 0.10694444444444444 0.16790123456790124
1 0.02847222222222222 0.5012345679012346 0.05416666666666667 0.18271604938271604
1 0.5430555555555555 0.24567901234567902 0.04722222222222222 0.06666666666666667
1 0.30694444444444446 0.10740740740740741 0.041666666666666664 0.06666666666666667
3 0.9583333333333334 0.3851851851851852 0.08055555555555556 0.11851851851851852
1 0.8125 0.35802469135802467 0.07777777777777778 0.11358024691358025