1 0.26979166666666665 0.350462962962963 0.03125 0.049074074074074076
1 0.7248697916666667 0.47824074074074074 0.028385416666666666 0.04722222222222222
1 0.134375 0.31712962962962965 0.033854166666666664 0.044444444444444446
1 0.46458333333333335 0.3891203703703704 0.0265625 0.043055555555555555
1 0.7453125 0.42430555555555555 0.028125 0.04675925925925926
1 0.22877604166666668 0.38263888888888886 0.026822916666666665 0.0412037037037037
1 0.5861979166666667 0.41087962962962965 0.0265625 0.04398148148148148
1 0.1421875 0.18425925925925926 0.030208333333333334 0.04259259259259259
1 0.537109375 0.3263888888888889 0.02734375 0.04259259259259259
1 0.6481770833333333 0.475462962962963 0.023958333333333335 0.03796296296296296
1 0.43841145833333334 0.6604166666666667 0.03984375 0.043055555555555555
1 0.9571614583333333 0.4136574074074074 0.07682291666666667 0.10046296296296296
1 0.013151041666666667 0.48148148148148145 0.02578125 0.06018518518518518
1 0.8123697916666667 0.4041666666666667 0.029947916666666668 0.03796296296296296
1 0.7713541666666667 0.33935185185185185 0.0265625 0.041666666666666664
1 0.98828125 0.5537037037037037 0.0234375 0.06018518518518518
1 0.6118489583333333 0.3587962962962963 0.02109375 0.037037037037037035
1 0.652734375 0.43171296296296297 0.026302083333333334 0.04583333333333333
3 0.20221354166666666 0.8865740740740741 0.07734375 0.11018518518518519
3 0.16341145833333334 0.8023148148148148 0.05390625 0.06481481481481481
1 0.33984375 0.21898148148148147 0.025520833333333333 0.03611111111111111
1 0.28072916666666664 0.2162037037037037 0.025520833333333333 0.03611111111111111
1 0.403125 0.24166666666666667 0.025520833333333333 0.03611111111111111
1 0.4666666666666667 0.26342592592592595 0.025520833333333333 0.03611111111111111
1 0.7760416666666666 0.38055555555555554 0.020833333333333332 0.03518518518518519
1 0.7598958333333333 0.22824074074074074 0.020833333333333332 0.03518518518518519
1 0.7822916666666667 0.19814814814814816 0.020833333333333332 0.03518518518518519
1 0.6313802083333333 0.25625 0.018489583333333334 0.031018518518518518
1 0.5928385416666667 0.2710648148148148 0.018489583333333334 0.031018518518518518
1 0.722265625 0.36412037037037037 0.018489583333333334 0.031018518518518518
1 0.6946614583333334 0.2127314814814815 0.018489583333333334 0.031018518518518518
1 0.7319010416666667 0.15069444444444444 0.018489583333333334 0.031018518518518518