3 0.18177083333333333 0.5210648148148148 0.058333333333333334 0.0699074074074074
3 0.496484375 0.0775462962962963 0.08098958333333334 0.1337962962962963
3 0.3826822916666667 0.18449074074074073 0.053385416666666664 0.08009259259259259
3 0.37994791666666666 0.3659722222222222 0.0578125 0.08287037037037037
3 0.42356770833333335 0.4060185185185185 0.053385416666666664 0.125
3 0.48684895833333336 0.4363425925925926 0.09869791666666666 0.16620370370370371
3 0.68359375 0.07314814814814814 0.09635416666666667 0.1398148148148148
3 0.7154947916666666 0.2465277777777778 0.10130208333333333 0.16620370370370371
3 0.8203125 0.16828703703703704 0.14479166666666668 0.16527777777777777
3 0.6790364583333334 0.5636574074074074 0.09557291666666666 0.1449074074074074
3 0.7423177083333333 0.6780092592592593 0.09401041666666667 0.1837962962962963
2 0.6884114583333333 0.7844907407407408 0.07369791666666667 0.1087962962962963
2 0.27434895833333334 0.7060185185185185 0.06744791666666666 0.06018518518518518
3 0.3268229166666667 0.7768518518518519 0.0625 0.1111111111111111