1 0.40911458333333334 0.21689814814814815 0.04375 0.07546296296296297
1 0.8703125 0.13310185185185186 0.04739583333333333 0.06898148148148148
1 0.678515625 0.05763888888888889 0.03828125 0.06157407407407407
1 0.579296875 0.12361111111111112 0.029947916666666668 0.05277777777777778
1 0.03619791666666667 0.24837962962962962 0.065625 0.09861111111111111
1 0.752734375 0.13796296296296295 0.03984375 0.06666666666666667
1 0.7255208333333333 0.05740740740740741 0.03333333333333333 0.049074074074074076
1 0.48203125 0.6104166666666667 0.050520833333333334 0.07731481481481481
1 0.531640625 0.1037037037037037 0.023697916666666666 0.040740740740740744
1 0.363671875 0.033796296296296297 0.029947916666666668 0.046296296296296294
1 0.45625 0.6425925925925926 0.07239583333333334 0.07407407407407407
1 0.7118489583333333 0.15810185185185185 0.027864583333333335 0.04675925925925926
1 0.815234375 0.07337962962962963 0.026302083333333334 0.04398148148148148
3 0.964453125 0.32222222222222224 0.07109375 0.15092592592592594
3 0.40078125 0.6300925925925925 0.08697916666666666 0.08796296296296297
3 0.20234375 0.19074074074074074 0.026041666666666668 0.03611111111111111
3 0.7828125 0.14976851851851852 0.025 0.04398148148148148
3 0.40625 0.42083333333333334 0.0328125 0.03518518518518519
3 0.7514322916666667 0.06944444444444445 0.02890625 0.03333333333333333
3 0.22604166666666667 0.6537037037037037 0.0640625 0.125
3 0.5986979166666667 0.5689814814814815 0.029166666666666667 0.08333333333333333
1 0.420703125 0.044444444444444446 0.016927083333333332 0.044444444444444446
1 0.759765625 0.4759259259259259 0.023697916666666666 0.040740740740740744