0 0.3548611111111111 0.4654320987654321 0.12916666666666668 0.2740740740740741
0 0.1388888888888889 0.8320987654320988 0.2111111111111111 0.3358024691358025
0 0.8840277777777777 0.37407407407407406 0.2152777777777778 0.3234567901234568
0 0.4861111111111111 0.07654320987654321 0.15555555555555556 0.12839506172839507
0 0.3819444444444444 0.14074074074074075 0.07222222222222222 0.1728395061728395
0 0.6840277777777778 0.20246913580246914 0.17083333333333334 0.16790123456790124
0 0.7798611111111111 0.35555555555555557 0.1125 0.15308641975308643
0 0.09583333333333334 0.6530864197530865 0.10833333333333334 0.2641975308641975
0 0.26805555555555555 0.4728395061728395 0.1361111111111111 0.27901234567901234
0 0.6194444444444445 0.16790123456790124 0.08333333333333333 0.10864197530864197
0 0.22152777777777777 0.408641975308642 0.2125 0.2641975308641975
1 0.8152777777777778 0.14074074074074075 0.11666666666666667 0.16790123456790124
1 0.6847222222222222 0.11728395061728394 0.10277777777777777 0.145679012345679
1 0.9701388888888889 0.5111111111111111 0.05694444444444444 0.24691358024691357
1 0.33055555555555555 0.30617283950617286 0.12222222222222222 0.1580246913580247
2 0.5979166666666667 0.06790123456790123 0.10972222222222222 0.11604938271604938
2 0.5576388888888889 0.21728395061728395 0.12361111111111112 0.1382716049382716
2 0.9118055555555555 0.05308641975308642 0.13194444444444445 0.10123456790123457
2 0.55625 0.5432098765432098 0.1736111111111111 0.2222222222222222
2 0.89375 0.22592592592592592 0.1736111111111111 0.1308641975308642
2 0.6888888888888889 0.03950617283950617 0.09166666666666666 0.07407407407407407
2 0.27569444444444446 0.14320987654320988 0.11527777777777778 0.14320987654320988
2 0.9381944444444444 0.945679012345679 0.12083333333333333 0.1037037037037037
2 0.2847222222222222 0.23580246913580247 0.12777777777777777 0.08148148148148149