0 0.8013888888888889 0.6246913580246913 0.25277777777777777 0.6469135802469136
0 0.3 0.408641975308642 0.06944444444444445 0.13580246913580246
0 0.9083333333333333 0.10617283950617284 0.13055555555555556 0.2074074074074074
0 0.03611111111111111 0.7839506172839507 0.06944444444444445 0.41728395061728396
0 0.31180555555555556 0.2580246913580247 0.09027777777777778 0.0962962962962963
1 0.6277777777777778 0.15308641975308643 0.1361111111111111 0.24691358024691357
1 0.5465277777777777 0.06172839506172839 0.12361111111111112 0.11851851851851852
1 0.7895833333333333 0.2802469135802469 0.18194444444444444 0.20493827160493827
1 0.5027777777777778 0.17037037037037037 0.10555555555555556 0.16296296296296298
1 0.5729166666666666 0.49382716049382713 0.21805555555555556 0.3308641975308642
1 0.1076388888888889 0.6395061728395062 0.12083333333333333 0.1925925925925926
1 0.9576388888888889 0.445679012345679 0.0875 0.34814814814814815
1 0.23958333333333334 0.4222222222222222 0.08472222222222223 0.15308641975308643
1 0.4326388888888889 0.782716049382716 0.24027777777777778 0.4246913580246914
1 0.8347222222222223 0.0728395061728395 0.1527777777777778 0.14074074074074075
1 0.26319444444444445 0.8160493827160494 0.21805555555555556 0.35802469135802467
1 0.07361111111111111 0.49876543209876545 0.13055555555555556 0.17777777777777778
1 0.6541666666666667 0.7111111111111111 0.25833333333333336 0.45925925925925926
1 0.46458333333333335 0.1271604938271605 0.07361111111111111 0.1308641975308642
1 0.31666666666666665 0.19876543209876543 0.08888888888888889 0.10123456790123457
1 0.2013888888888889 0.5271604938271605 0.11944444444444445 0.16049382716049382
1 0.22013888888888888 0.6308641975308642 0.17083333333333334 0.2641975308641975
1 0.2375 0.14814814814814814 0.075 0.12345679012345678
1 0.24722222222222223 0.2814814814814815 0.08055555555555556 0.1382716049382716
1 0.11597222222222223 0.7814814814814814 0.14583333333333334 0.18518518518518517
2 0.5340277777777778 0.29259259259259257 0.1375 0.14074074074074075
2 0.8597222222222223 0.42345679012345677 0.11944444444444445 0.15555555555555556
2 0.9583333333333334 0.11851851851851852 0.08611111111111111 0.2222222222222222
2 0.5694444444444444 0.9148148148148149 0.125 0.1654320987654321
2 0.6979166666666666 0.9419753086419753 0.1625 0.1111111111111111
2 0.5159722222222223 0.7111111111111111 0.09861111111111111 0.1580246913580247
0 0.10208333333333333 0.8629629629629629 0.1486111111111111 0.16049382716049382