0 0.18880208333333334 0.1486111111111111 0.1546875 0.10092592592592593
0 0.49895833333333334 0.12175925925925926 0.09791666666666667 0.11388888888888889
1 0.5424479166666667 0.7620370370370371 0.08385416666666666 0.12962962962962962
1 0.7520833333333333 0.25416666666666665 0.046875 0.06759259259259259
1 0.5036458333333333 0.2972222222222222 0.06145833333333333 0.09444444444444444
1 0.546875 0.16898148148148148 0.036458333333333336 0.06388888888888888
1 0.8684895833333334 0.22314814814814815 0.043229166666666666 0.06481481481481481
1 0.6002604166666666 0.11018518518518519 0.033854166666666664 0.06111111111111111
1 0.017447916666666667 0.13240740740740742 0.033854166666666664 0.08518518518518518
1 0.63203125 0.17083333333333334 0.025520833333333333 0.04351851851851852
1 0.6546875 0.19768518518518519 0.029166666666666667 0.03796296296296296