0 0.6979166666666666 0.6185185185185185 0.12083333333333333 0.17037037037037037
0 0.5 0.1345679012345679 0.11944444444444445 0.08641975308641975
0 0.6111111111111112 0.25308641975308643 0.125 0.1259259259259259
0 0.07569444444444444 0.745679012345679 0.14305555555555555 0.15308641975308643
0 0.3472222222222222 0.27901234567901234 0.1111111111111111 0.11358024691358025
0 0.05416666666666667 0.5728395061728395 0.10555555555555556 0.1580246913580247
0 0.42083333333333334 0.04691358024691358 0.10277777777777777 0.08395061728395062
0 0.12361111111111112 0.645679012345679 0.09444444444444444 0.08148148148148149
1 0.10902777777777778 0.22962962962962963 0.10972222222222222 0.16790123456790124
1 0.02013888888888889 0.1506172839506173 0.04027777777777778 0.16296296296296298
1 0.26875 0.03333333333333333 0.07916666666666666 0.06666666666666667
3 0.6909722222222222 0.3814814814814815 0.09305555555555556 0.15555555555555556
3 0.7798611111111111 0.37530864197530867 0.10138888888888889 0.16790123456790124
3 0.20416666666666666 0.3728395061728395 0.09722222222222222 0.14814814814814814
3 0.25763888888888886 0.13703703703703704 0.08472222222222223 0.11604938271604938
3 0.2743055555555556 0.4901234567901235 0.0625 0.07654320987654321