1 0.099609375 0.7664351851851852 0.03411458333333333 0.050462962962962966
1 0.133984375 0.5409722222222222 0.030989583333333334 0.047685185185185185
1 0.3243489583333333 0.5365740740740741 0.018489583333333334 0.02962962962962963
1 0.12721354166666668 0.381712962962963 0.02734375 0.04398148148148148
1 0.35078125 0.5055555555555555 0.015104166666666667 0.02962962962962963
1 0.5889322916666667 0.5365740740740741 0.02109375 0.03796296296296296
1 0.5986979166666667 0.4134259259259259 0.021354166666666667 0.03796296296296296
1 0.18567708333333333 0.33541666666666664 0.019791666666666666 0.02546296296296296
1 0.26848958333333334 0.3976851851851852 0.0140625 0.024074074074074074
1 0.31614583333333335 0.3814814814814815 0.0140625 0.024074074074074074
1 0.33880208333333334 0.34120370370370373 0.0140625 0.024074074074074074
1 0.26953125 0.32222222222222224 0.0140625 0.024074074074074074
1 0.3692708333333333 0.3282407407407407 0.0140625 0.024074074074074074
1 0.3848958333333333 0.30324074074074076 0.0140625 0.024074074074074074
1 0.41458333333333336 0.2962962962962963 0.0140625 0.024074074074074074
1 0.4466145833333333 0.29907407407407405 0.0140625 0.024074074074074074
1 0.4328125 0.27037037037037037 0.0140625 0.024074074074074074
1 0.45260416666666664 0.26666666666666666 0.0140625 0.024074074074074074
1 0.4401041666666667 0.5217592592592593 0.0140625 0.024074074074074074
1 0.0359375 0.34953703703703703 0.0140625 0.024074074074074074
1 0.2171875 0.22824074074074074 0.0140625 0.024074074074074074
1 0.23411458333333332 0.2574074074074074 0.0140625 0.024074074074074074
1 0.43515625 0.3638888888888889 0.0140625 0.024074074074074074
1 0.4940104166666667 0.3699074074074074 0.0140625 0.024074074074074074
1 0.5401041666666667 0.32175925925925924 0.0140625 0.024074074074074074
1 0.6234375 0.32731481481481484 0.0140625 0.024074074074074074
1 0.6791666666666667 0.43472222222222223 0.0140625 0.024074074074074074
1 0.615625 0.4527777777777778 0.0140625 0.024074074074074074
1 0.5872395833333334 0.4425925925925926 0.0140625 0.024074074074074074
1 0.5580729166666667 0.4810185185185185 0.0140625 0.024074074074074074
1 0.6765625 0.4861111111111111 0.0140625 0.024074074074074074
1 0.6877604166666667 0.4050925925925926 0.0140625 0.024074074074074074
1 0.7080729166666667 0.41388888888888886 0.0140625 0.024074074074074074
1 0.7356770833333334 0.4212962962962963 0.0140625 0.024074074074074074
1 0.77421875 0.48518518518518516 0.0140625 0.024074074074074074
1 0.7830729166666667 0.45 0.0140625 0.024074074074074074
1 0.5799479166666667 0.2810185185185185 0.0140625 0.024074074074074074
1 0.77890625 0.36018518518518516 0.0140625 0.024074074074074074
1 0.48020833333333335 0.21388888888888888 0.0140625 0.024074074074074074
1 0.5263020833333333 0.21574074074074073 0.0140625 0.024074074074074074
1 0.5984375 0.2125 0.0140625 0.024074074074074074
1 0.6604166666666667 0.2310185185185185 0.0140625 0.024074074074074074
1 0.67578125 0.18888888888888888 0.0140625 0.024074074074074074
1 0.640625 0.17731481481481481 0.0140625 0.024074074074074074
1 0.43515625 0.16944444444444445 0.0140625 0.024074074074074074
1 0.48828125 0.13472222222222222 0.0140625 0.024074074074074074
1 0.30234375 0.04814814814814815 0.0140625 0.024074074074074074
1 0.4109375 0.1814814814814815 0.0140625 0.024074074074074074