0 0.8513020833333333 0.3215277777777778 0.10833333333333334 0.11805555555555555
0 0.7205729166666667 0.3333333333333333 0.06614583333333333 0.1111111111111111
1 0.34765625 0.2111111111111111 0.0828125 0.11851851851851852
1 0.6153645833333333 0.07291666666666667 0.0671875 0.08657407407407407
1 0.732421875 0.02638888888888889 0.045572916666666664 0.05185185185185185
1 0.41770833333333335 0.6030092592592593 0.14270833333333333 0.18009259259259258
1 0.23619791666666667 0.38773148148148145 0.0453125 0.0912037037037037
1 0.19921875 0.49907407407407406 0.04635416666666667 0.12685185185185185
3 0.3600260416666667 0.33958333333333335 0.05546875 0.08101851851851852
3 0.9588541666666667 0.075 0.06302083333333333 0.09074074074074075
3 0.8779947916666667 0.24050925925925926 0.05026041666666667 0.055092592592592596
3 0.7881510416666667 0.15069444444444444 0.029947916666666668 0.043055555555555555
1 0.7572916666666667 0.08009259259259259 0.043229166666666666 0.05185185185185185
1 0.6828125 0.05462962962962963 0.03802083333333333 0.041666666666666664