1 0.7609375 0.5532407407407407 0.05625 0.08796296296296297
1 0.71015625 0.4166666666666667 0.0546875 0.08333333333333333
1 0.8736979166666666 0.5310185185185186 0.07552083333333333 0.1175925925925926
1 0.7552083333333334 0.31296296296296294 0.04583333333333333 0.07592592592592592
1 0.8221354166666667 0.24861111111111112 0.050520833333333334 0.08425925925925926
1 0.8611979166666667 0.9592592592592593 0.09010416666666667 0.07592592592592592
1 0.062239583333333334 0.8592592592592593 0.0703125 0.1037037037037037
1 0.85 0.20416666666666666 0.03854166666666667 0.058333333333333334
3 0.596875 0.7842592592592592 0.05625 0.08148148148148149
3 0.7744791666666667 0.46574074074074073 0.07083333333333333 0.08703703703703704
3 0.2513020833333333 0.7212962962962963 0.04739583333333333 0.06481481481481481
3 0.42161458333333335 0.5162037037037037 0.05364583333333333 0.07314814814814814
3 0.9552083333333333 0.29212962962962963 0.084375 0.09907407407407408
3 0.4669270833333333 0.6236111111111111 0.043229166666666666 0.08796296296296297
3 0.6421875 0.43703703703703706 0.071875 0.12962962962962962