0 0.70703125 0.7231481481481481 0.1421875 0.09814814814814815
0 0.4395833333333333 0.762962962962963 0.090625 0.1925925925925926
1 0.02109375 0.500462962962963 0.04114583333333333 0.12129629629629629
1 0.42994791666666665 0.14212962962962963 0.04010416666666667 0.06388888888888888
1 0.6708333333333333 0.12175925925925926 0.0375 0.06574074074074074
1 0.01484375 0.3060185185185185 0.028645833333333332 0.10833333333333334
1 0.6325520833333333 0.10138888888888889 0.03697916666666667 0.05648148148148148
1 0.5028645833333333 0.12222222222222222 0.0390625 0.07407407407407407
3 0.30546875 0.47638888888888886 0.0921875 0.1287037037037037
3 0.1921875 0.2537037037037037 0.078125 0.10555555555555556
3 0.6421875 0.15046296296296297 0.04895833333333333 0.062037037037037036
3 0.11692708333333333 0.3685185185185185 0.0765625 0.07777777777777778
3 0.5947916666666667 0.32222222222222224 0.046875 0.05740740740740741
0 0.275 0.2638888888888889 0.04895833333333333 0.08148148148148149
0 0.503125 0.19212962962962962 0.03854166666666667 0.08055555555555556
0 0.5755208333333334 0.20416666666666666 0.03854166666666667 0.08055555555555556
0 0.3703125 0.7805555555555556 0.090625 0.1925925925925926