0 0.4444444444444444 0.06172839506172839 0.18333333333333332 0.11851851851851852
0 0.24861111111111112 0.408641975308642 0.15 0.22962962962962963
1 0.6402777777777777 0.6777777777777778 0.09722222222222222 0.16049382716049382
1 0.05347222222222222 0.08888888888888889 0.10416666666666667 0.16296296296296298
1 0.44930555555555557 0.9419753086419753 0.08194444444444444 0.10617283950617284
1 0.5645833333333333 0.4876543209876543 0.11527777777777778 0.19506172839506172
1 0.5930555555555556 0.17037037037037037 0.13055555555555556 0.18765432098765433
1 0.75 0.27530864197530863 0.09444444444444444 0.09135802469135802
1 0.034027777777777775 0.8432098765432099 0.06527777777777778 0.10617283950617284
1 0.03680555555555556 0.754320987654321 0.07083333333333333 0.1111111111111111
3 0.30694444444444446 0.682716049382716 0.08888888888888889 0.1259259259259259
3 0.9479166666666666 0.5271604938271605 0.10416666666666667 0.17530864197530865
3 0.4076388888888889 0.6530864197530865 0.09583333333333334 0.17037037037037037
3 0.7888888888888889 0.42962962962962964 0.12777777777777777 0.16790123456790124
3 0.49444444444444446 0.571604938271605 0.075 0.14074074074074075
3 0.5986111111111111 0.044444444444444446 0.10555555555555556 0.08395061728395062
3 0.08263888888888889 0.32839506172839505 0.1625 0.1925925925925926
3 0.46041666666666664 0.5185185185185185 0.0625 0.10864197530864197
3 0.16666666666666666 0.7160493827160493 0.08888888888888889 0.11358024691358025
3 0.29791666666666666 0.9518518518518518 0.07361111111111111 0.08148148148148149
3 0.9479166666666666 0.8506172839506173 0.10416666666666667 0.1308641975308642
3 0.9451388888888889 0.9234567901234568 0.10694444444444444 0.11851851851851852
3 0.8701388888888889 0.7493827160493827 0.06805555555555555 0.08148148148148149