1 0.5819444444444445 0.29876543209876544 0.05555555555555555 0.1037037037037037
1 0.4840277777777778 0.682716049382716 0.059722222222222225 0.10123456790123457
1 0.1361111111111111 0.5876543209876544 0.06388888888888888 0.07901234567901234
1 0.36180555555555555 0.38765432098765434 0.05416666666666667 0.08888888888888889
1 0.34375 0.5753086419753086 0.043055555555555555 0.08395061728395062
1 0.49444444444444446 0.345679012345679 0.06944444444444445 0.09382716049382717
1 0.43680555555555556 0.8123456790123457 0.06805555555555555 0.09876543209876543
1 0.3486111111111111 0.6432098765432098 0.041666666666666664 0.07654320987654321
1 0.0625 0.47160493827160493 0.058333333333333334 0.07407407407407407
3 0.7847222222222222 0.6962962962962963 0.07777777777777778 0.12839506172839507
3 0.9201388888888888 0.21851851851851853 0.0875 0.1259259259259259
3 0.16805555555555557 0.7617283950617284 0.06111111111111111 0.08641975308641975
3 0.2534722222222222 0.8024691358024691 0.05694444444444444 0.08395061728395062
3 0.6423611111111112 0.19753086419753085 0.05416666666666667 0.08888888888888889
3 0.3055555555555556 0.6222222222222222 0.058333333333333334 0.08888888888888889
3 0.5243055555555556 0.42098765432098767 0.05694444444444444 0.07160493827160494