1 0.39305555555555555 0.4839506172839506 0.05277777777777778 0.09382716049382717
1 0.34305555555555556 0.36419753086419754 0.05555555555555555 0.10123456790123457
1 0.6173611111111111 0.11851851851851852 0.05416666666666667 0.08888888888888889
1 0.7625 0.4345679012345679 0.058333333333333334 0.1037037037037037
1 0.8090277777777778 0.06419753086419754 0.0625 0.10864197530864197
1 0.04513888888888889 0.854320987654321 0.09027777777777778 0.2074074074074074
1 0.8430555555555556 0.15925925925925927 0.05555555555555555 0.10123456790123457
1 0.15486111111111112 0.2271604938271605 0.04861111111111111 0.08888888888888889
1 0.9291666666666667 0.05925925925925926 0.07777777777777778 0.09876543209876543
1 0.5798611111111112 0.9543209876543209 0.10972222222222222 0.08641975308641975
1 0.14930555555555555 0.1271604938271605 0.05138888888888889 0.0962962962962963
1 0.7076388888888889 0.9654320987654321 0.09027777777777778 0.06419753086419754
1 0.8506944444444444 0.2580246913580247 0.0625 0.11604938271604938
1 0.7458333333333333 0.06419753086419754 0.07777777777777778 0.12345679012345678
3 0.5180555555555556 0.291358024691358 0.06666666666666667 0.09382716049382717
3 0.12986111111111112 0.7333333333333333 0.05694444444444444 0.09382716049382717