1 0.5140625 0.6097222222222223 0.040625 0.06574074074074074
3 0.08177083333333333 0.8430555555555556 0.11145833333333334 0.1787037037037037
3 0.7552083333333334 0.8962962962962963 0.051041666666666666 0.07592592592592592
3 0.39401041666666664 0.5736111111111111 0.0578125 0.0787037037037037
3 0.1390625 0.6134259259259259 0.08541666666666667 0.07685185185185185
3 0.2752604166666667 0.6199074074074075 0.0546875 0.0712962962962963
3 0.5893229166666667 0.962037037037037 0.06927083333333334 0.07037037037037037
3 0.36171875 0.487962962962963 0.043229166666666666 0.06296296296296296
3 0.31354166666666666 0.8694444444444445 0.046875 0.07592592592592592
1 0.6463541666666667 0.5578703703703703 0.015625 0.023148148148148147
1 0.6182291666666667 0.5458333333333333 0.015625 0.023148148148148147
1 0.6497395833333334 0.612037037037037 0.0171875 0.022222222222222223
1 0.7221354166666667 0.5907407407407408 0.0171875 0.022222222222222223
1 0.7763020833333333 0.6083333333333333 0.0171875 0.022222222222222223
1 0.63359375 0.4222222222222222 0.0171875 0.022222222222222223
1 0.6440104166666667 0.3925925925925926 0.0171875 0.022222222222222223
1 0.6184895833333334 0.3907407407407407 0.0171875 0.022222222222222223
1 0.89296875 0.45092592592592595 0.0171875 0.022222222222222223
1 0.8361979166666667 0.549074074074074 0.0171875 0.022222222222222223