1 0.07434895833333334 0.6104166666666667 0.08671875 0.13472222222222222
1 0.29205729166666666 0.4912037037037037 0.05703125 0.09074074074074075
1 0.60703125 0.5743055555555555 0.052083333333333336 0.0837962962962963
1 0.21393229166666666 0.11550925925925926 0.05286458333333333 0.07453703703703704
1 0.61328125 0.37222222222222223 0.0359375 0.06018518518518518
1 0.5147135416666667 0.5905092592592592 0.03828125 0.0625
1 0.5454427083333333 0.4564814814814815 0.03619791666666667 0.062037037037037036
1 0.020703125 0.43680555555555556 0.04088541666666667 0.11435185185185186
1 0.8135416666666667 0.36898148148148147 0.027604166666666666 0.04351851851851852
1 0.6182291666666667 0.2659722222222222 0.023958333333333335 0.04398148148148148
1 0.6513020833333333 0.2884259259259259 0.026041666666666668 0.041666666666666664
1 0.5930989583333334 0.24444444444444444 0.024739583333333332 0.041666666666666664
1 0.6584635416666667 0.31689814814814815 0.02421875 0.04490740740740741
3 0.42486979166666666 0.2511574074074074 0.04505208333333333 0.06435185185185185
3 0.07591145833333333 0.9495370370370371 0.08515625 0.08425925925925926
3 0.9391927083333333 0.5162037037037037 0.04453125 0.058333333333333334