1 0.7381944444444445 0.6419753086419753 0.09583333333333334 0.1580246913580247
1 0.1076388888888889 0.8222222222222222 0.09583333333333334 0.14814814814814814
1 0.6375 0.7061728395061728 0.08611111111111111 0.14814814814814814
1 0.17916666666666667 0.6888888888888889 0.08611111111111111 0.1382716049382716
1 0.6652777777777777 0.31851851851851853 0.07777777777777778 0.12345679012345678
1 0.7201388888888889 0.8740740740740741 0.09027777777777778 0.14814814814814814
1 0.3597222222222222 0.20123456790123456 0.07777777777777778 0.1308641975308642
1 0.3875 0.8123456790123457 0.08055555555555556 0.1382716049382716
1 0.49930555555555556 0.39012345679012345 0.07916666666666666 0.13333333333333333
1 0.23055555555555557 0.7987654320987654 0.075 0.12098765432098765
1 0.8569444444444444 0.2506172839506173 0.08611111111111111 0.13580246913580246
1 0.11041666666666666 0.2962962962962963 0.07916666666666666 0.11358024691358025
1 0.1909722222222222 0.11234567901234568 0.05694444444444444 0.1111111111111111
1 0.07152777777777777 0.43333333333333335 0.07916666666666666 0.12098765432098765
1 0.2722222222222222 0.6320987654320988 0.08055555555555556 0.1382716049382716
1 0.6006944444444444 0.9271604938271605 0.08194444444444444 0.13580246913580246
1 0.28888888888888886 0.2975308641975309 0.06666666666666667 0.1111111111111111
1 0.275 0.5246913580246914 0.08055555555555556 0.0962962962962963
3 0.95 0.8679012345679012 0.09722222222222222 0.17037037037037037
3 0.05625 0.9259259259259259 0.10972222222222222 0.14814814814814814