1 0.5955729166666667 0.4652777777777778 0.050520833333333334 0.08796296296296297
1 0.7192708333333333 0.5162037037037037 0.05416666666666667 0.09166666666666666
1 0.9302083333333333 0.4703703703703704 0.058333333333333334 0.09259259259259259
1 0.4908854166666667 0.1699074074074074 0.04010416666666667 0.08055555555555556
1 0.6450520833333333 0.0712962962962963 0.05260416666666667 0.07777777777777778
1 0.5752604166666667 0.33287037037037037 0.0453125 0.08055555555555556
1 0.9817708333333334 0.9611111111111111 0.036458333333333336 0.07592592592592592
1 0.6205729166666667 0.23194444444444445 0.0359375 0.06759259259259259
1 0.20364583333333333 0.9074074074074074 0.030208333333333334 0.05555555555555555
1 0.5885416666666666 0.6157407407407407 0.03229166666666667 0.07037037037037037
3 0.8088541666666667 0.3425925925925926 0.08333333333333333 0.15185185185185185
3 0.77578125 0.6138888888888889 0.06302083333333333 0.1037037037037037