3 0.3248697916666667 0.7083333333333334 0.03463541666666667 0.05925925925925926
3 0.621484375 0.9277777777777778 0.03671875 0.07314814814814814
3 0.2794270833333333 0.3266203703703704 0.0453125 0.04675925925925926
1 0.35325520833333335 0.7131944444444445 0.032552083333333336 0.05416666666666667
1 0.291015625 0.700925925925926 0.04609375 0.05925925925925926
1 0.6045572916666667 0.5638888888888889 0.03984375 0.058333333333333334
1 0.503125 0.44513888888888886 0.03125 0.05787037037037037
1 0.38046875 0.5175925925925926 0.0375 0.058333333333333334
1 0.33177083333333335 0.5314814814814814 0.029166666666666667 0.04814814814814815
1 0.273828125 0.5462962962962963 0.03828125 0.06296296296296296
1 0.29270833333333335 0.4925925925925926 0.035416666666666666 0.04814814814814815
1 0.1625 0.5344907407407408 0.035416666666666666 0.05694444444444444
1 0.45807291666666666 0.06388888888888888 0.03125 0.05925925925925926
1 0.7069010416666667 0.8300925925925926 0.03984375 0.058333333333333334
1 0.6704427083333333 0.9268518518518518 0.03984375 0.058333333333333334