0 0.7026041666666667 0.5879629629629629 0.11354166666666667 0.11296296296296296
1 0.8924479166666667 0.750462962962963 0.0546875 0.07685185185185185
1 0.6723958333333333 0.7356481481481482 0.04895833333333333 0.06944444444444445
1 0.63671875 0.46574074074074073 0.04010416666666667 0.06851851851851852
1 0.69375 0.9601851851851851 0.05520833333333333 0.07407407407407407
1 0.5481770833333334 0.8601851851851852 0.03802083333333333 0.07407407407407407
1 0.215625 0.774537037037037 0.042708333333333334 0.06759259259259259
1 0.55703125 0.3421296296296296 0.034895833333333334 0.05092592592592592
1 0.7966145833333333 0.2865740740740741 0.0296875 0.05092592592592592
1 0.11380208333333333 0.5819444444444445 0.034895833333333334 0.05462962962962963
1 0.284375 0.9217592592592593 0.053125 0.08055555555555556
1 0.8083333333333333 0.18564814814814815 0.03333333333333333 0.05648148148148148
1 0.46640625 0.4888888888888889 0.0421875 0.07777777777777778
1 0.709375 0.2564814814814815 0.029166666666666667 0.046296296296296294
3 0.5145833333333333 0.4546296296296296 0.057291666666666664 0.08333333333333333