0 0.157421875 0.4043981481481482 0.06015625 0.0763888888888889
1 0.10598958333333333 0.4386574074074074 0.058333333333333334 0.08009259259259259
1 0.705078125 0.053009259259259256 0.029427083333333333 0.05416666666666667
1 0.46901041666666665 0.4111111111111111 0.034375 0.05092592592592592
1 0.4122395833333333 0.3840277777777778 0.03333333333333333 0.055092592592592596
1 0.828515625 0.28032407407407406 0.02890625 0.050462962962962966
1 0.8828125 0.3907407407407407 0.0328125 0.05462962962962963
1 0.48333333333333334 0.17060185185185187 0.023958333333333335 0.04398148148148148
1 0.9157552083333333 0.4912037037037037 0.029427083333333333 0.06111111111111111
1 0.5791666666666667 0.09074074074074075 0.03125 0.05092592592592592
1 0.9005208333333333 0.27569444444444446 0.0265625 0.050462962962962966
1 0.76015625 0.3037037037037037 0.04739583333333333 0.07407407407407407
1 0.5459635416666667 0.4842592592592593 0.03723958333333333 0.07592592592592592
1 0.9736979166666667 0.42060185185185184 0.030208333333333334 0.047685185185185185
1 0.795703125 0.1865740740740741 0.020052083333333335 0.03611111111111111
1 0.942578125 0.3678240740740741 0.02421875 0.0412037037037037
1 0.35833333333333334 0.19837962962962963 0.03229166666666667 0.047685185185185185
1 0.5408854166666667 0.2222222222222222 0.0359375 0.0824074074074074
1 0.5186197916666667 0.32939814814814816 0.023177083333333334 0.05324074074074074
3 0.33203125 0.2740740740740741 0.04479166666666667 0.04351851851851852
3 0.05234375 0.31666666666666665 0.052083333333333336 0.0712962962962963
1 0.7369791666666666 0.010416666666666666 0.0234375 0.01990740740740741