1 0.5263888888888889 0.07407407407407407 0.1111111111111111 0.14320987654320988
1 0.11597222222222223 0.5876543209876544 0.22916666666666666 0.34074074074074073
1 0.7861111111111111 0.38271604938271603 0.2361111111111111 0.3506172839506173
1 0.8333333333333334 0.18765432098765433 0.20555555555555555 0.2962962962962963
1 0.31875 0.7876543209876543 0.2569444444444444 0.41975308641975306
1 0.041666666666666664 0.27283950617283953 0.08055555555555556 0.2345679012345679
1 0.2916666666666667 0.30493827160493825 0.14444444444444443 0.19506172839506172
1 0.9145833333333333 0.7567901234567901 0.1736111111111111 0.49135802469135803
1 0.4652777777777778 0.645679012345679 0.21388888888888888 0.2691358024691358
2 0.46111111111111114 0.19876543209876543 0.1361111111111111 0.14074074074074075
2 0.5069444444444444 0.4765432098765432 0.23333333333333334 0.2074074074074074
2 0.6208333333333333 0.14814814814814814 0.12777777777777777 0.18271604938271604
2 0.6319444444444444 0.3419753086419753 0.18055555555555555 0.24444444444444444
2 0.4166666666666667 0.3345679012345679 0.14444444444444443 0.18024691358024691
2 0.11319444444444444 0.29259259259259257 0.1375 0.1506172839506173
2 0.27291666666666664 0.49506172839506174 0.15694444444444444 0.22469135802469137
2 0.9131944444444444 0.0691358024691358 0.16805555555555557 0.13333333333333333
2 0.11319444444444444 0.7851851851851852 0.21805555555555556 0.25679012345679014
2 0.7298611111111111 0.08641975308641975 0.13194444444444445 0.12839506172839507
2 0.3472222222222222 0.21481481481481482 0.10555555555555556 0.11851851851851852
2 0.17083333333333334 0.4382716049382716 0.1527777777777778 0.13580246913580246