1 0.6729166666666667 0.17160493827160495 0.05694444444444444 0.09135802469135802
1 0.4041666666666667 0.2308641975308642 0.04722222222222222 0.08148148148148149
1 0.7513888888888889 0.2679012345679012 0.06944444444444445 0.10617283950617284
1 0.9027777777777778 0.562962962962963 0.07777777777777778 0.13333333333333333
1 0.175 0.35432098765432096 0.06944444444444445 0.0962962962962963
1 0.7215277777777778 0.9592592592592593 0.07916666666666666 0.08148148148148149
1 0.95625 0.254320987654321 0.07083333333333333 0.08395061728395062
1 0.49375 0.11851851851851852 0.043055555555555555 0.06419753086419754
1 0.44027777777777777 0.2679012345679012 0.044444444444444446 0.07654320987654321
1 0.35694444444444445 0.3432098765432099 0.06388888888888888 0.10864197530864197
3 0.7868055555555555 0.8197530864197531 0.09583333333333334 0.11851851851851852
3 0.7618055555555555 0.5802469135802469 0.059722222222222225 0.09876543209876543
3 0.8472222222222222 0.5098765432098765 0.06944444444444445 0.08641975308641975
3 0.32222222222222224 0.8469135802469135 0.075 0.11358024691358025
3 0.8548611111111111 0.33209876543209876 0.08194444444444444 0.09135802469135802
3 0.075 0.8197530864197531 0.08055555555555556 0.09876543209876543
3 0.15555555555555556 0.8246913580246914 0.08888888888888889 0.11851851851851852