1 0.47638888888888886 0.42345679012345677 0.058333333333333334 0.09135802469135802
1 0.16666666666666666 0.5444444444444444 0.058333333333333334 0.09135802469135802
1 0.5666666666666667 0.8740740740740741 0.09722222222222222 0.15308641975308643
1 0.24583333333333332 0.5481481481481482 0.05555555555555555 0.08888888888888889
1 0.3215277777777778 0.38395061728395063 0.04583333333333333 0.08148148148148149
1 0.36180555555555555 0.5518518518518518 0.05694444444444444 0.09135802469135802
1 0.3819444444444444 0.42962962962962964 0.044444444444444446 0.08395061728395062
1 0.5548611111111111 0.09753086419753086 0.04861111111111111 0.0962962962962963
1 0.33541666666666664 0.5987654320987654 0.06527777777777778 0.10123456790123457
1 0.3472222222222222 0.4765432098765432 0.04722222222222222 0.07901234567901234
1 0.29791666666666666 0.5530864197530864 0.05416666666666667 0.08888888888888889