1 0.41770833333333335 0.2569444444444444 0.07083333333333333 0.125
1 0.2596354166666667 0.1439814814814815 0.08177083333333333 0.13796296296296295
1 0.3734375 0.12731481481481483 0.07291666666666667 0.12129629629629629
1 0.28984375 0.7171296296296297 0.058854166666666666 0.10648148148148148
1 0.5479166666666667 0.07962962962962963 0.08333333333333333 0.13518518518518519
1 0.48854166666666665 0.1763888888888889 0.06041666666666667 0.10833333333333334
1 0.6815104166666667 0.44583333333333336 0.0890625 0.15462962962962962
1 0.6067708333333334 0.5097222222222222 0.07604166666666666 0.125
1 0.5997395833333333 0.38055555555555554 0.0671875 0.11851851851851852
1 0.21223958333333334 0.6638888888888889 0.07135416666666666 0.12222222222222222
1 0.35130208333333335 0.7694444444444445 0.06614583333333333 0.11296296296296296
1 0.36822916666666666 0.9064814814814814 0.06979166666666667 0.12962962962962962
1 0.3104166666666667 0.25324074074074077 0.06770833333333333 0.11203703703703703
1 0.15234375 0.23796296296296296 0.043229166666666666 0.1111111111111111
1 0.49114583333333334 0.47824074074074074 0.090625 0.14722222222222223
1 0.4388020833333333 0.3712962962962963 0.10989583333333333 0.13333333333333333
1 0.45 0.8967592592592593 0.09375 0.1287037037037037
3 0.21979166666666666 0.39490740740740743 0.08020833333333334 0.1398148148148148
3 0.4859375 0.6273148148148148 0.08645833333333333 0.13240740740740742
3 0.22057291666666667 0.8837962962962963 0.0921875 0.16018518518518518
3 0.36484375 0.5351851851851852 0.09427083333333333 0.15
3 0.17864583333333334 0.5648148148148148 0.08229166666666667 0.13148148148148148
3 0.75 0.9180555555555555 0.07916666666666666 0.15833333333333333
3 0.71953125 0.2537037037037037 0.10052083333333334 0.17222222222222222
3 0.4393229166666667 0.3712962962962963 0.10989583333333333 0.13333333333333333
3 0.7723958333333333 0.5615740740740741 0.10208333333333333 0.1787037037037037
3 0.5057291666666667 0.7425925925925926 0.08854166666666667 0.13148148148148148
3 0.8682291666666667 0.46111111111111114 0.11041666666666666 0.16111111111111112
3 0.47942708333333334 0.09953703703703703 0.08072916666666667 0.10648148148148148
3 0.8505208333333333 0.8921296296296296 0.09166666666666666 0.13240740740740742
3 0.7697916666666667 0.38472222222222224 0.09583333333333334 0.14537037037037037
3 0.29375 0.041666666666666664 0.07708333333333334 0.07962962962962963
3 0.6208333333333333 0.19537037037037036 0.06770833333333333 0.0962962962962963
3 0.033854166666666664 0.5027777777777778 0.06666666666666667 0.10740740740740741
3 0.9231770833333334 0.575 0.1359375 0.1574074074074074
3 0.4783854166666667 0.262037037037037 0.06197916666666667 0.10555555555555556
3 0.21692708333333333 0.08935185185185185 0.07447916666666667 0.125
3 0.3151041666666667 0.6148148148148148 0.078125 0.13333333333333333
3 0.9190104166666667 0.055092592592592596 0.11927083333333334 0.10277777777777777
3 0.8302083333333333 0.2273148148148148 0.11145833333333334 0.1675925925925926
3 0.4283854166666667 0.7351851851851852 0.0796875 0.12777777777777777
3 0.5192708333333333 0.36157407407407405 0.08229166666666667 0.13240740740740742
3 0.4953125 0.8819444444444444 0.08020833333333334 0.12314814814814815
3 0.6643229166666667 0.337037037037037 0.07864583333333333 0.15555555555555556
3 0.7252604166666666 0.08518518518518518 0.07135416666666666 0.10185185185185185
3 0.44973958333333336 0.8958333333333334 0.09427083333333333 0.1287037037037037
3 0.11770833333333333 0.34120370370370373 0.071875 0.125
3 0.60703125 0.9425925925925925 0.0828125 0.10740740740740741
3 0.6645833333333333 0.6388888888888888 0.140625 0.22962962962962963
3 0.07864583333333333 0.28703703703703703 0.0875 0.14074074074074075
3 0.43515625 0.13703703703703704 0.05677083333333333 0.12777777777777777
3 0.10625 0.788425925925926 0.09479166666666666 0.1175925925925926
3 0.5989583333333334 0.8305555555555556 0.10104166666666667 0.1537037037037037
3 0.9505208333333334 0.44814814814814813 0.090625 0.12962962962962962
3 0.95 0.39861111111111114 0.09479166666666666 0.13240740740740742
3 0.19192708333333333 0.21898148148148147 0.059895833333333336 0.11944444444444445
0 0.9294270833333333 0.2601851851851852 0.1171875 0.1537037037037037
3 0.8921875 0.7143518518518519 0.06770833333333333 0.11574074074074074