1 0.5095052083333333 0.42291666666666666 0.03567708333333333 0.055092592592592596
1 0.919921875 0.15069444444444444 0.03619791666666667 0.05787037037037037
1 0.6391927083333333 0.20810185185185184 0.030989583333333334 0.052314814814814814
1 0.087890625 0.7282407407407407 0.04192708333333333 0.06111111111111111
1 0.062239583333333334 0.4423611111111111 0.03958333333333333 0.056018518518518516
1 0.087109375 0.799537037037037 0.04453125 0.06666666666666667
1 0.18151041666666667 0.7333333333333333 0.03854166666666667 0.062037037037037036
1 0.5795572916666667 0.1884259259259259 0.029427083333333333 0.049074074074074076
1 0.15859375 0.47199074074074077 0.0359375 0.056018518518518516
1 0.16106770833333334 0.33541666666666664 0.029427083333333333 0.04490740740740741
1 0.716015625 0.3789351851851852 0.032552083333333336 0.05324074074074074
1 0.223046875 0.787962962962963 0.032552083333333336 0.05277777777777778
1 0.7596354166666667 0.33425925925925926 0.0328125 0.05185185185185185
1 0.08046875 0.24976851851851853 0.03125 0.04675925925925926
1 0.8053385416666666 0.5030092592592592 0.02890625 0.031018518518518518
1 0.5645833333333333 0.5305555555555556 0.041666666666666664 0.06944444444444445
1 0.8587239583333334 0.47685185185185186 0.029947916666666668 0.049074074074074076
1 0.054427083333333334 0.5439814814814815 0.0453125 0.06759259259259259
1 0.06432291666666666 0.3726851851851852 0.03697916666666667 0.058333333333333334
1 0.678125 0.15601851851851853 0.025520833333333333 0.04351851851851852
1 0.29609375 0.43842592592592594 0.030729166666666665 0.05
1 0.6029947916666667 0.05115740740740741 0.028385416666666666 0.04861111111111111
1 0.254296875 0.3138888888888889 0.026822916666666665 0.028703703703703703
1 0.15846354166666668 0.9354166666666667 0.03723958333333333 0.056018518518518516
1 0.126953125 0.9773148148148149 0.038802083333333334 0.046296296296296294
1 0.8407552083333333 0.09837962962962964 0.03203125 0.04861111111111111
1 0.7509114583333333 0.5668981481481481 0.03307291666666667 0.04398148148148148
1 0.6026041666666667 0.5162037037037037 0.0265625 0.044444444444444446
1 0.690625 0.48055555555555557 0.030729166666666665 0.044444444444444446
1 0.558203125 0.08611111111111111 0.025260416666666667 0.04259259259259259
1 0.5634114583333333 0.15810185185185185 0.02421875 0.033796296296296297
1 0.951953125 0.5368055555555555 0.04921875 0.05787037037037037
1 0.7083333333333334 0.1261574074074074 0.023958333333333335 0.031018518518518518
1 0.265234375 0.2935185185185185 0.026822916666666665 0.028703703703703703
1 0.25481770833333334 0.27361111111111114 0.026822916666666665 0.028703703703703703
1 0.32200520833333335 0.30277777777777776 0.026822916666666665 0.028703703703703703
1 0.23294270833333333 0.1310185185185185 0.026822916666666665 0.028703703703703703
1 0.18372395833333333 0.18449074074074073 0.020572916666666666 0.027314814814814816
1 0.16731770833333334 0.20578703703703705 0.020572916666666666 0.027314814814814816
1 0.16028645833333333 0.2414351851851852 0.020572916666666666 0.027314814814814816
1 0.133203125 0.22800925925925927 0.020572916666666666 0.027314814814814816
1 0.10846354166666666 0.1840277777777778 0.020572916666666666 0.027314814814814816
1 0.3338541666666667 0.6453703703703704 0.030729166666666665 0.05
1 0.52265625 0.35185185185185186 0.030729166666666665 0.05
1 0.8108072916666667 0.46967592592592594 0.026302083333333334 0.03935185185185185
1 0.976953125 0.44513888888888886 0.026302083333333334 0.03935185185185185
1 0.9506510416666667 0.45625 0.026302083333333334 0.03935185185185185
1 0.9220052083333333 0.36365740740740743 0.026302083333333334 0.03935185185185185
1 0.8217447916666667 0.021064814814814814 0.026302083333333334 0.03935185185185185
1 0.8118489583333334 0.06597222222222222 0.026302083333333334 0.03935185185185185
1 0.8647135416666667 0.02060185185185185 0.026302083333333334 0.03935185185185185
1 0.7151041666666667 0.09745370370370371 0.023958333333333335 0.031018518518518518
1 0.5852864583333334 0.019444444444444445 0.028385416666666666 0.03796296296296296