1 0.6111111111111112 0.8123456790123457 0.041666666666666664 0.07901234567901234
1 0.16666666666666666 0.4074074074074074 0.06111111111111111 0.09876543209876543
1 0.20625 0.7469135802469136 0.05416666666666667 0.10123456790123457
1 0.6340277777777777 0.8802469135802469 0.043055555555555555 0.07654320987654321
1 0.4166666666666667 0.5123456790123457 0.04722222222222222 0.07654320987654321
1 0.31875 0.9555555555555556 0.05694444444444444 0.08888888888888889
1 0.18819444444444444 0.6469135802469136 0.05416666666666667 0.08888888888888889
1 0.12361111111111112 0.8962962962962963 0.07777777777777778 0.11358024691358025
1 0.4125 0.6864197530864198 0.05555555555555555 0.09382716049382717
1 0.28888888888888886 0.7765432098765432 0.06388888888888888 0.10617283950617284
1 0.43819444444444444 0.8160493827160494 0.0375 0.07160493827160494
1 0.4875 0.7790123456790123 0.04722222222222222 0.08641975308641975
1 0.3159722222222222 0.8604938271604938 0.05138888888888889 0.08148148148148149
1 0.4388888888888889 0.9592592592592593 0.041666666666666664 0.07654320987654321
1 0.26319444444444445 0.854320987654321 0.059722222222222225 0.05925925925925926
1 0.40069444444444446 0.8469135802469135 0.05138888888888889 0.09876543209876543
1 0.37777777777777777 0.6641975308641975 0.05555555555555555 0.1037037037037037
1 0.4263888888888889 0.36049382716049383 0.03611111111111111 0.06419753086419754
1 0.3854166666666667 0.8802469135802469 0.059722222222222225 0.10123456790123457
1 0.3840277777777778 0.4469135802469136 0.04583333333333333 0.0691358024691358
1 0.17916666666666667 0.15679012345679014 0.03611111111111111 0.056790123456790124
1 0.5652777777777778 0.8555555555555555 0.044444444444444446 0.08148148148148149
3 0.43125 0.4148148148148148 0.043055555555555555 0.0691358024691358
1 0.25833333333333336 0.908641975308642 0.041666666666666664 0.07901234567901234