0 0.8444444444444444 0.18271604938271604 0.06111111111111111 0.14814814814814814
0 0.9597222222222223 0.5530864197530864 0.07777777777777778 0.1728395061728395
0 0.6520833333333333 0.08148148148148149 0.12638888888888888 0.08395061728395062
0 0.7229166666666667 0.7209876543209877 0.09305555555555556 0.07901234567901234
0 0.32708333333333334 0.4641975308641975 0.05694444444444444 0.1382716049382716
0 0.5159722222222223 0.16913580246913582 0.043055555555555555 0.10617283950617284
1 0.6770833333333334 0.1617283950617284 0.0625 0.08148148148148149
1 0.3659722222222222 0.04691358024691358 0.05694444444444444 0.08395061728395062
1 0.25763888888888886 0.050617283950617285 0.05694444444444444 0.07654320987654321
1 0.26180555555555557 0.6049382716049383 0.09027777777777778 0.2419753086419753
1 0.7416666666666667 0.917283950617284 0.15555555555555556 0.16049382716049382
1 0.29097222222222224 0.9493827160493827 0.13472222222222222 0.0962962962962963
1 0.2326388888888889 0.43333333333333335 0.04027777777777778 0.1259259259259259
1 0.9708333333333333 0.17037037037037037 0.058333333333333334 0.1382716049382716
1 0.6368055555555555 0.4802469135802469 0.06805555555555555 0.10617283950617284
3 0.5729166666666666 0.6876543209876543 0.09305555555555556 0.14074074074074075
3 0.4048611111111111 0.9333333333333333 0.10694444444444444 0.13333333333333333
3 0.5638888888888889 0.32469135802469135 0.06111111111111111 0.08148148148148149
3 0.8333333333333334 0.38395061728395063 0.09166666666666666 0.09135802469135802
3 0.6333333333333333 0.591358024691358 0.058333333333333334 0.08641975308641975
3 0.6638888888888889 0.7987654320987654 0.06388888888888888 0.14074074074074075
3 0.6395833333333333 0.3419753086419753 0.05694444444444444 0.08641975308641975
0 0.49930555555555556 0.9395061728395062 0.06805555555555555 0.1259259259259259
0 0.36180555555555555 0.18518518518518517 0.12638888888888888 0.08395061728395062