0 0.775 0.6037037037037037 0.15833333333333333 0.1654320987654321
0 0.5673611111111111 0.6481481481481481 0.08472222222222223 0.22962962962962963
1 0.5555555555555556 0.12469135802469136 0.11666666666666667 0.21481481481481482
1 0.5027777777777778 0.8074074074074075 0.06666666666666667 0.11358024691358025
3 0.9090277777777778 0.7308641975308642 0.09305555555555556 0.1728395061728395
3 0.56875 0.42345679012345677 0.06805555555555555 0.145679012345679
3 0.8041666666666667 0.7654320987654321 0.1111111111111111 0.1925925925925926
3 0.49027777777777776 0.6580246913580247 0.075 0.14074074074074075
3 0.6770833333333334 0.3888888888888889 0.12083333333333333 0.22962962962962963
3 0.7034722222222223 0.7148148148148148 0.08472222222222223 0.17530864197530865
3 0.4652777777777778 0.5580246913580247 0.058333333333333334 0.14814814814814814
3 0.5916666666666667 0.056790123456790124 0.08611111111111111 0.10864197530864197
3 0.5548611111111111 0.27901234567901234 0.059722222222222225 0.12345679012345678