1 0.88671875 0.2039351851851852 0.024479166666666666 0.03657407407407407
1 0.9182291666666667 0.3164351851851852 0.025520833333333333 0.0412037037037037
1 0.9703125 0.3020833333333333 0.027083333333333334 0.04212962962962963
1 0.5697916666666667 0.5407407407407407 0.0234375 0.03981481481481482
1 0.410546875 0.6046296296296296 0.026822916666666665 0.04814814814814815
1 0.7940104166666667 0.41967592592592595 0.025 0.033796296296296297
1 0.9141927083333333 0.47453703703703703 0.030989583333333334 0.05
1 0.051953125 0.8319444444444445 0.028385416666666666 0.049074074074074076
1 0.8966145833333333 0.35532407407407407 0.025520833333333333 0.0412037037037037
1 0.8739583333333333 0.3511574074074074 0.025520833333333333 0.0412037037037037
1 0.84609375 0.36921296296296297 0.025520833333333333 0.0412037037037037
1 0.8510416666666667 0.3951388888888889 0.025520833333333333 0.0412037037037037
1 0.82890625 0.5405092592592593 0.025520833333333333 0.0412037037037037
1 0.7395833333333334 0.5731481481481482 0.017708333333333333 0.032407407407407406
1 0.72734375 0.5634259259259259 0.019270833333333334 0.030555555555555555
1 0.7755208333333333 0.49166666666666664 0.019270833333333334 0.030555555555555555
1 0.790625 0.4583333333333333 0.019270833333333334 0.030555555555555555
1 0.7744791666666667 0.44166666666666665 0.019270833333333334 0.030555555555555555
1 0.7450520833333333 0.48703703703703705 0.019270833333333334 0.030555555555555555
1 0.71796875 0.4810185185185185 0.019270833333333334 0.030555555555555555
1 0.6596354166666667 0.4736111111111111 0.019270833333333334 0.030555555555555555
1 0.68515625 0.45046296296296295 0.019270833333333334 0.030555555555555555
1 0.6947916666666667 0.4115740740740741 0.019270833333333334 0.030555555555555555
1 0.6997395833333333 0.39166666666666666 0.019270833333333334 0.030555555555555555
1 0.7268229166666667 0.3902777777777778 0.019270833333333334 0.030555555555555555
1 0.7276041666666667 0.3375 0.019270833333333334 0.030555555555555555
1 0.7763020833333333 0.2064814814814815 0.019270833333333334 0.030555555555555555
1 0.77578125 0.20555555555555555 0.019270833333333334 0.030555555555555555
1 0.9122395833333333 0.23819444444444443 0.025520833333333333 0.0412037037037037
1 0.9546875 0.24421296296296297 0.025520833333333333 0.0412037037037037
1 0.93046875 0.26643518518518516 0.025520833333333333 0.0412037037037037
1 0.6044270833333333 0.5092592592592593 0.0234375 0.03981481481481482
1 0.5934895833333333 0.44583333333333336 0.0234375 0.03981481481481482
1 0.5494791666666666 0.4525462962962963 0.015104166666666667 0.03009259259259259
1 0.5307291666666667 0.4548611111111111 0.015104166666666667 0.03009259259259259
1 0.6720052083333333 0.29074074074074074 0.014322916666666666 0.023148148148148147
1 0.6529947916666666 0.2865740740740741 0.014322916666666666 0.023148148148148147
1 0.5850260416666667 0.31527777777777777 0.014322916666666666 0.023148148148148147
1 0.5610677083333333 0.33055555555555555 0.014322916666666666 0.023148148148148147
1 0.5303385416666667 0.36666666666666664 0.014322916666666666 0.023148148148148147
1 0.508984375 0.3787037037037037 0.014322916666666666 0.023148148148148147
1 0.5889322916666667 0.23657407407407408 0.014322916666666666 0.023148148148148147
1 0.6287760416666667 0.2310185185185185 0.014322916666666666 0.023148148148148147
1 0.6173177083333333 0.2689814814814815 0.014322916666666666 0.023148148148148147
1 0.4290364583333333 0.6648148148148149 0.026822916666666665 0.04814814814814815
1 0.49466145833333336 0.6393518518518518 0.026822916666666665 0.04814814814814815
1 0.528515625 0.637962962962963 0.026822916666666665 0.04814814814814815
1 0.44830729166666666 0.6180555555555556 0.026822916666666665 0.04814814814814815
1 0.45091145833333335 0.5115740740740741 0.026822916666666665 0.04814814814814815
1 0.414453125 0.5074074074074074 0.026822916666666665 0.04814814814814815
1 0.387109375 0.5634259259259259 0.026822916666666665 0.04814814814814815
1 0.412890625 0.4217592592592593 0.026822916666666665 0.04814814814814815
1 0.3046875 0.45694444444444443 0.023958333333333335 0.03888888888888889
1 0.2703125 0.4583333333333333 0.023958333333333335 0.03888888888888889
1 0.2638020833333333 0.4935185185185185 0.023958333333333335 0.03888888888888889
1 0.25104166666666666 0.4773148148148148 0.023958333333333335 0.03888888888888889
1 0.3424479166666667 0.5666666666666667 0.023958333333333335 0.03888888888888889
1 0.30546875 0.5763888888888888 0.023958333333333335 0.03888888888888889
1 0.2716145833333333 0.5967592592592592 0.023958333333333335 0.03888888888888889
1 0.23515625 0.5981481481481481 0.023958333333333335 0.03888888888888889
1 0.32786458333333335 0.45092592592592595 0.023958333333333335 0.03888888888888889
1 0.3028645833333333 0.399537037037037 0.023958333333333335 0.03888888888888889
1 0.5645833333333333 0.4039351851851852 0.015104166666666667 0.03009259259259259
1 0.609375 0.3474537037037037 0.015104166666666667 0.03009259259259259
1 0.03606770833333333 0.7439814814814815 0.028385416666666666 0.049074074074074076
1 0.08346354166666667 0.788425925925926 0.028385416666666666 0.049074074074074076
1 0.09830729166666667 0.7564814814814815 0.028385416666666666 0.049074074074074076
1 0.11341145833333334 0.7101851851851851 0.028385416666666666 0.049074074074074076
1 0.14830729166666667 0.6648148148148149 0.028385416666666666 0.049074074074074076
1 0.16080729166666666 0.7050925925925926 0.028385416666666666 0.049074074074074076
1 0.149609375 0.7888888888888889 0.028385416666666666 0.049074074074074076
1 0.86875 0.21550925925925926 0.024479166666666666 0.03657407407407407
1 0.8791666666666667 0.17847222222222223 0.024479166666666666 0.03657407407407407
1 0.8890625 0.15300925925925926 0.024479166666666666 0.03657407407407407
1 0.8734375 0.13078703703703703 0.024479166666666666 0.03657407407407407
1 0.9171875 0.1136574074074074 0.024479166666666666 0.03657407407407407