1 0.7946614583333333 0.65 0.11171875 0.1175925925925926
1 0.35377604166666665 0.5715277777777777 0.07994791666666666 0.13564814814814816
1 0.4080729166666667 0.6682870370370371 0.078125 0.11435185185185186
1 0.7173177083333333 0.7553240740740741 0.09869791666666666 0.19398148148148148
1 0.177734375 0.14351851851851852 0.07682291666666667 0.1111111111111111
1 0.4666666666666667 0.3798611111111111 0.0578125 0.10231481481481482
1 0.7727864583333334 0.03726851851851852 0.06692708333333333 0.07268518518518519
1 0.34817708333333336 0.3523148148148148 0.0609375 0.08518518518518518
1 0.5748697916666666 0.17060185185185187 0.03567708333333333 0.07361111111111111
1 0.559765625 0.2886574074074074 0.05755208333333333 0.1087962962962963
1 0.519921875 0.36180555555555555 0.06432291666666666 0.09212962962962963
3 0.3084635416666667 0.0349537037037037 0.04505208333333333 0.05694444444444444