0 0.3888888888888889 0.08518518518518518 0.1388888888888889 0.10123456790123457
0 0.6951388888888889 0.4691358024691358 0.19305555555555556 0.1925925925925926
0 0.05 0.908641975308642 0.09722222222222222 0.18271604938271604
0 0.5847222222222223 0.6987654320987654 0.08333333333333333 0.3308641975308642
0 0.7638888888888888 0.39012345679012345 0.15 0.18765432098765433
0 0.37569444444444444 0.32592592592592595 0.09583333333333334 0.12345679012345678
0 0.6743055555555556 0.03827160493827161 0.09305555555555556 0.07160493827160494
0 0.38055555555555554 0.45308641975308644 0.09444444444444444 0.2
0 0.14583333333333334 0.32222222222222224 0.06111111111111111 0.11604938271604938
1 0.5777777777777777 0.1765432098765432 0.09722222222222222 0.18518518518518517
1 0.8763888888888889 0.1308641975308642 0.10277777777777777 0.1580246913580247
1 0.5520833333333334 0.3654320987654321 0.0875 0.14814814814814814
1 0.225 0.3160493827160494 0.08888888888888889 0.1382716049382716
1 0.7902777777777777 0.25679012345679014 0.10277777777777777 0.14320987654320988
1 0.4888888888888889 0.03827160493827161 0.08611111111111111 0.07160493827160494
1 0.17430555555555555 0.5691358024691358 0.10694444444444444 0.19506172839506172
1 0.46458333333333335 0.3074074074074074 0.0875 0.17037037037037037
1 0.7111111111111111 0.3469135802469136 0.09722222222222222 0.1506172839506173
1 0.7180555555555556 0.15925925925925927 0.08055555555555556 0.1506172839506173
1 0.49166666666666664 0.4925925925925926 0.12222222222222222 0.20493827160493827
1 0.10138888888888889 0.7234567901234568 0.15555555555555556 0.2271604938271605
1 0.6854166666666667 0.22469135802469137 0.08194444444444444 0.13333333333333333
1 0.6326388888888889 0.3012345679012346 0.09583333333333334 0.1580246913580247
1 0.14722222222222223 0.44074074074074077 0.10833333333333334 0.145679012345679
1 0.2111111111111111 0.43950617283950616 0.08333333333333333 0.12839506172839507
1 0.5 0.26666666666666666 0.09166666666666666 0.1580246913580247
2 0.25 0.5209876543209877 0.09444444444444444 0.1728395061728395
2 0.33125 0.5160493827160494 0.10694444444444444 0.16790123456790124
2 0.13125 0.8975308641975308 0.11527777777777778 0.2
2 0.05138888888888889 0.5308641975308642 0.1 0.18271604938271604
2 0.5319444444444444 0.0691358024691358 0.075 0.10864197530864197
2 0.3215277777777778 0.6666666666666666 0.10694444444444444 0.1728395061728395
2 0.48541666666666666 0.5728395061728395 0.1125 0.12345679012345678
2 0.29097222222222224 0.8481481481481481 0.10416666666666667 0.21975308641975308
2 0.5125 0.16049382716049382 0.07222222222222222 0.10864197530864197
2 0.6506944444444445 0.16296296296296298 0.08194444444444444 0.1382716049382716
2 0.6923611111111111 0.09753086419753086 0.09583333333333334 0.1259259259259259
2 0.4076388888888889 0.391358024691358 0.07083333333333333 0.1259259259259259
2 0.6090277777777777 0.05308641975308642 0.0625 0.07160493827160494
2 0.4270833333333333 0.19135802469135801 0.10694444444444444 0.14074074074074075
2 0.5854166666666667 0.06419753086419754 0.10694444444444444 0.11358024691358025
2 0.39305555555555555 0.41975308641975306 0.09444444444444444 0.1728395061728395
2 0.059027777777777776 0.8037037037037037 0.0875 0.0962962962962963
3 0.9326388888888889 0.09753086419753086 0.09861111111111111 0.1259259259259259
3 0.9770833333333333 0.22592592592592592 0.04583333333333333 0.0962962962962963