0 0.32708333333333334 0.945679012345679 0.09861111111111111 0.1037037037037037
0 0.8006944444444445 0.9481481481481482 0.10416666666666667 0.1037037037037037
0 0.14097222222222222 0.9308641975308642 0.05416666666666667 0.14320987654320988
1 0.7854166666666667 0.5604938271604938 0.05694444444444444 0.08888888888888889
1 0.2743055555555556 0.5814814814814815 0.0875 0.1506172839506173
1 0.8861111111111111 0.8617283950617284 0.075 0.11851851851851852
1 0.6777777777777778 0.44938271604938274 0.05 0.07901234567901234
3 0.3819444444444444 0.5604938271604938 0.1 0.1382716049382716
3 0.4027777777777778 0.945679012345679 0.08333333333333333 0.10864197530864197
3 0.61875 0.782716049382716 0.05138888888888889 0.08888888888888889
3 0.21180555555555555 0.6444444444444445 0.06805555555555555 0.12345679012345678
3 0.3458333333333333 0.4506172839506173 0.05555555555555555 0.05185185185185185
3 0.7166666666666667 0.9530864197530864 0.06666666666666667 0.09876543209876543
3 0.16597222222222222 0.6061728395061728 0.0763888888888889 0.12098765432098765
3 0.3416666666666667 0.782716049382716 0.06944444444444445 0.10864197530864197
3 0.7555555555555555 0.7296296296296296 0.05 0.07654320987654321
3 0.6270833333333333 0.4703703703703704 0.043055555555555555 0.04691358024691358