0 0.2722222222222222 0.3271604938271605 0.10277777777777777 0.08641975308641975
0 0.47708333333333336 0.5074074074074074 0.10694444444444444 0.10617283950617284
0 0.4395833333333333 0.4074074074074074 0.12361111111111112 0.10864197530864197
0 0.9277777777777778 0.18271604938271604 0.1361111111111111 0.2419753086419753
0 0.5513888888888889 0.10246913580246914 0.09444444444444444 0.18518518518518517
0 0.6270833333333333 0.6938271604938272 0.08472222222222223 0.11851851851851852
0 0.56875 0.29259259259259257 0.1125 0.1308641975308642
1 0.46458333333333335 0.8469135802469135 0.10416666666666667 0.17777777777777778
1 0.7486111111111111 0.6111111111111112 0.09166666666666666 0.145679012345679
1 0.33819444444444446 0.5246913580246914 0.09305555555555556 0.13580246913580246
1 0.3111111111111111 0.2580246913580247 0.08888888888888889 0.14074074074074075
1 0.07152777777777777 0.3345679012345679 0.08194444444444444 0.12098765432098765
1 0.6423611111111112 0.582716049382716 0.08472222222222223 0.15308641975308643
1 0.4395833333333333 0.6160493827160494 0.0763888888888889 0.11604938271604938
1 0.3388888888888889 0.12469135802469136 0.06944444444444445 0.10123456790123457
1 0.7173611111111111 0.7975308641975308 0.1125 0.19753086419753085
1 0.6479166666666667 0.8160493827160494 0.10972222222222222 0.18024691358024691
1 0.019444444444444445 0.4641975308641975 0.03611111111111111 0.09382716049382717
3 0.21805555555555556 0.9148148148148149 0.125 0.17530864197530865
3 0.8548611111111111 0.8320987654320988 0.14027777777777778 0.23703703703703705
3 0.12916666666666668 0.8654320987654321 0.07777777777777778 0.13580246913580246
3 0.3784722222222222 0.7283950617283951 0.08472222222222223 0.12839506172839507
0 0.22083333333333333 0.8296296296296296 0.12222222222222222 0.08395061728395062