0 0.8534722222222222 0.9185185185185185 0.14583333333333334 0.16296296296296298
0 0.6048611111111111 0.7061728395061728 0.05694444444444444 0.14320987654320988
1 0.525 0.7876543209876543 0.07777777777777778 0.15308641975308643
1 0.15625 0.3135802469135803 0.07083333333333333 0.09876543209876543
1 0.33402777777777776 0.40370370370370373 0.07083333333333333 0.0962962962962963
1 0.8868055555555555 0.17037037037037037 0.05138888888888889 0.08888888888888889
1 0.28680555555555554 0.9518518518518518 0.06527777777777778 0.0962962962962963
1 0.05277777777777778 0.38395061728395063 0.07222222222222222 0.10123456790123457
1 0.9347222222222222 0.23703703703703705 0.05555555555555555 0.08888888888888889
1 0.7111111111111111 0.20493827160493827 0.09166666666666666 0.16790123456790124
1 0.96875 0.22469135802469137 0.059722222222222225 0.09382716049382717
3 0.37777777777777777 0.4012345679012346 0.05 0.07654320987654321