0 0.6013888888888889 0.7753086419753087 0.10555555555555556 0.2074074074074074
0 0.6701388888888888 0.8962962962962963 0.09305555555555556 0.17777777777777778
0 0.5027777777777778 0.5333333333333333 0.05555555555555555 0.23703703703703705
1 0.16805555555555557 0.7382716049382716 0.08333333333333333 0.12345679012345678
1 0.5118055555555555 0.3037037037037037 0.12083333333333333 0.21728395061728395
1 0.6555555555555556 0.3765432098765432 0.12777777777777777 0.2
1 0.034027777777777775 0.4074074074074074 0.05416666666666667 0.09876543209876543
2 0.29305555555555557 0.8024691358024691 0.06944444444444445 0.15308641975308643
3 0.7805555555555556 0.5271604938271605 0.14722222222222223 0.22962962962962963
3 0.8743055555555556 0.10617283950617284 0.12916666666666668 0.1925925925925926
3 0.8847222222222222 0.8148148148148148 0.10555555555555556 0.1728395061728395