1 0.21341145833333333 0.4810185185185185 0.05651041666666667 0.09166666666666666
1 0.09674479166666666 0.5418981481481482 0.06067708333333333 0.10138888888888889
1 0.36354166666666665 0.7810185185185186 0.0625 0.10925925925925926
1 0.4798177083333333 0.8645833333333334 0.05182291666666667 0.09675925925925925
1 0.7813802083333333 0.8488425925925925 0.03567708333333333 0.07453703703703704
1 0.8266927083333333 0.93125 0.03984375 0.07824074074074074
3 0.40078125 0.46550925925925923 0.046875 0.04675925925925926
3 0.40703125 0.5201388888888889 0.058854166666666666 0.07361111111111111
3 0.0625 0.5069444444444444 0.05260416666666667 0.05185185185185185
3 0.15247395833333333 0.38842592592592595 0.05026041666666667 0.040740740740740744
3 0.24192708333333332 0.4513888888888889 0.03697916666666667 0.049074074074074076
3 0.303515625 0.39675925925925926 0.04609375 0.032407407407407406