0 0.21597222222222223 0.7518518518518519 0.09305555555555556 0.12098765432098765
0 0.2 0.9 0.06944444444444445 0.2
1 0.9048611111111111 0.35802469135802467 0.10138888888888889 0.1580246913580247
1 0.06041666666666667 0.26666666666666666 0.09861111111111111 0.16296296296296298
1 0.6138888888888889 0.49506172839506174 0.07222222222222222 0.1259259259259259
1 0.51875 0.5222222222222223 0.0875 0.1506172839506173
1 0.9520833333333333 0.5518518518518518 0.09583333333333334 0.25925925925925924
1 0.1527777777777778 0.5037037037037037 0.07777777777777778 0.13333333333333333
1 0.25416666666666665 0.6135802469135803 0.06944444444444445 0.1259259259259259
1 0.2111111111111111 0.5135802469135803 0.07777777777777778 0.1382716049382716
1 0.09930555555555555 0.3962962962962963 0.09861111111111111 0.17530864197530865
1 0.12638888888888888 0.32222222222222224 0.08611111111111111 0.15555555555555556
3 0.5909722222222222 0.6617283950617284 0.11527777777777778 0.1925925925925926
3 0.7347222222222223 0.4160493827160494 0.10833333333333334 0.18024691358024691
3 0.4625 0.5987654320987654 0.06944444444444445 0.12098765432098765