1 0.25703125 0.21875 0.046875 0.07824074074074074
1 0.43020833333333336 0.10208333333333333 0.0296875 0.052314814814814814
1 0.30638020833333335 0.5995370370370371 0.054427083333333334 0.07592592592592592
1 0.5263020833333333 0.02847222222222222 0.035416666666666666 0.055092592592592596
1 0.6872395833333333 0.07407407407407407 0.04114583333333333 0.06481481481481481
1 0.244140625 0.6736111111111112 0.10442708333333334 0.17222222222222222
1 0.60078125 0.09444444444444444 0.03697916666666667 0.06851851851851852
1 0.570703125 0.02361111111111111 0.03307291666666667 0.04537037037037037
1 0.38177083333333334 0.08819444444444445 0.025 0.043055555555555555
1 0.216015625 0.04050925925925926 0.03203125 0.05138888888888889
1 0.5611979166666666 0.11875 0.024479166666666666 0.04490740740740741
1 0.658203125 0.028935185185185185 0.02265625 0.03657407407407407
3 0.7764322916666667 0.22962962962962963 0.10755208333333334 0.1361111111111111
3 0.193359375 0.631712962962963 0.11692708333333333 0.09305555555555556
3 0.24270833333333333 0.4252314814814815 0.0375 0.033796296296296297
3 0.015234375 0.2212962962962963 0.028385416666666666 0.03981481481481482
3 0.8169270833333333 0.0724537037037037 0.042708333333333334 0.033796296296296297
3 0.3536458333333333 0.10231481481481482 0.028125 0.03888888888888889
3 0.629296875 0.1011574074074074 0.022135416666666668 0.04398148148148148
3 0.7759114583333333 0.22870370370370371 0.10755208333333334 0.1361111111111111
1 0.275390625 0.04699074074074074 0.03203125 0.05138888888888889
1 0.29440104166666664 0.032407407407407406 0.02578125 0.040740740740740744
1 0.7057291666666666 0.027083333333333334 0.024479166666666666 0.04490740740740741
1 0.7416666666666667 0.022685185185185187 0.024479166666666666 0.044444444444444446
3 0.8455729166666667 0.01712962962962963 0.042708333333333334 0.03333333333333333
1 0.5723958333333333 0.4173611111111111 0.024479166666666666 0.04490740740740741