1 0.87265625 0.42106481481481484 0.0453125 0.0699074074074074
1 0.7005208333333334 0.24583333333333332 0.03854166666666667 0.06018518518518518
1 0.7442708333333333 0.45555555555555555 0.03177083333333333 0.049074074074074076
1 0.34153645833333335 0.33587962962962964 0.046614583333333334 0.06805555555555555
1 0.76484375 0.2877314814814815 0.0359375 0.060648148148148145
1 0.8125 0.2967592592592593 0.03229166666666667 0.05185185185185185
1 0.5229166666666667 0.034722222222222224 0.0421875 0.06018518518518518
1 0.598828125 0.3905092592592593 0.03828125 0.0625
1 0.5634114583333333 0.3074074074074074 0.039322916666666666 0.06388888888888888
1 0.7557291666666667 0.22615740740740742 0.030208333333333334 0.05138888888888889
1 0.5484375 0.12546296296296297 0.034895833333333334 0.058333333333333334
1 0.6671875 0.11851851851851852 0.03177083333333333 0.053703703703703705
1 0.23658854166666668 0.35810185185185184 0.04401041666666667 0.0699074074074074
1 0.36796875 0.39351851851851855 0.0421875 0.06481481481481481
1 0.6365885416666667 0.11990740740740741 0.02734375 0.049074074074074076
1 0.93046875 0.3277777777777778 0.034375 0.05648148148148148
1 0.073046875 0.7509259259259259 0.06953125 0.07685185185185185
1 0.687890625 0.16574074074074074 0.02109375 0.037037037037037035
1 0.2747395833333333 0.028703703703703703 0.043229166666666666 0.05648148148148148
1 0.744921875 0.1712962962962963 0.026822916666666665 0.037037037037037035
1 0.16627604166666668 0.05694444444444444 0.03828125 0.062037037037037036
3 0.224609375 0.9254629629629629 0.06171875 0.13240740740740742
3 0.64296875 0.3502314814814815 0.021354166666666667 0.034722222222222224
3 0.659765625 0.45694444444444443 0.039322916666666666 0.06666666666666667
3 0.7884114583333334 0.45185185185185184 0.045572916666666664 0.05277777777777778