0 0.6479166666666667 0.9106481481481481 0.14895833333333333 0.12685185185185185
1 0.08359375 0.836574074074074 0.11197916666666667 0.17314814814814813
1 0.10130208333333333 0.3902777777777778 0.0734375 0.08055555555555556
1 0.5911458333333334 0.8175925925925925 0.05 0.07777777777777778
1 0.1109375 0.028703703703703703 0.046875 0.05555555555555555
1 0.7080729166666667 0.7074074074074074 0.05260416666666667 0.09074074074074075
1 0.9127604166666666 0.8592592592592593 0.043229166666666666 0.07037037037037037
1 0.7575520833333333 0.7074074074074074 0.04010416666666667 0.05740740740740741
1 0.38359375 0.14351851851851852 0.03697916666666667 0.053703703703703705
1 0.22161458333333334 0.03564814814814815 0.0359375 0.05277777777777778
3 0.6830729166666667 0.7324074074074074 0.043229166666666666 0.09259259259259259