1 0.4505208333333333 0.3821759259259259 0.04010416666666667 0.05787037037037037
1 0.09986979166666667 0.5039351851851852 0.05963541666666667 0.08472222222222223
1 0.5178385416666667 0.43796296296296294 0.032552083333333336 0.05185185185185185
1 0.3828125 0.06967592592592593 0.0375 0.056018518518518516
1 0.311328125 0.15949074074074074 0.03619791666666667 0.05694444444444444
1 0.036458333333333336 0.8020833333333334 0.06770833333333333 0.09305555555555556
1 0.5479166666666667 0.24606481481481482 0.026041666666666668 0.05324074074074074
1 0.4778645833333333 0.10856481481481481 0.027604166666666666 0.04675925925925926
1 0.5963541666666666 0.26689814814814816 0.03229166666666667 0.05416666666666667
1 0.7063802083333334 0.4875 0.02734375 0.053703703703703705
1 0.34934895833333335 0.4222222222222222 0.062239583333333334 0.07777777777777778
1 0.6180989583333333 0.5111111111111111 0.027864583333333335 0.05
1 0.5010416666666667 0.256712962962963 0.0296875 0.04583333333333333
1 0.5342447916666667 0.11041666666666666 0.026302083333333334 0.047685185185185185
1 0.530859375 0.17708333333333334 0.02578125 0.04398148148148148
1 0.5751302083333333 0.15833333333333333 0.02578125 0.044444444444444446
1 0.6268229166666667 0.4048611111111111 0.029166666666666667 0.05787037037037037
1 0.446875 0.0525462962962963 0.027604166666666666 0.04583333333333333
1 0.5846354166666666 0.45740740740740743 0.034895833333333334 0.053703703703703705
1 0.7020833333333333 0.31550925925925927 0.0234375 0.0412037037037037
1 0.37786458333333334 0.44027777777777777 0.03802083333333333 0.06111111111111111
1 0.56015625 0.06620370370370371 0.022395833333333334 0.032407407407407406
3 0.06549479166666666 0.2518518518518518 0.040364583333333336 0.049074074074074076
1 0.731640625 0.4791666666666667 0.02734375 0.053703703703703705
1 0.781640625 0.4046296296296296 0.02734375 0.053703703703703705
1 0.8095052083333333 0.45555555555555555 0.02734375 0.053703703703703705
1 0.8154947916666667 0.35138888888888886 0.02734375 0.053703703703703705
1 0.7368489583333333 0.2865740740740741 0.02734375 0.053703703703703705
1 0.684765625 0.3523148148148148 0.02734375 0.053703703703703705
1 0.6966145833333334 0.21342592592592594 0.021354166666666667 0.03796296296296296
1 0.7356770833333334 0.24537037037037038 0.021354166666666667 0.03796296296296296
1 0.7317708333333334 0.19444444444444445 0.021354166666666667 0.03796296296296296
1 0.83984375 0.3060185185185185 0.021354166666666667 0.03796296296296296
1 0.8546875 0.3384259259259259 0.021354166666666667 0.03796296296296296
1 0.796875 0.2828703703703704 0.021354166666666667 0.03796296296296296
1 0.90625 0.3800925925925926 0.021354166666666667 0.03796296296296296
1 0.6481770833333333 0.05925925925925926 0.021354166666666667 0.03796296296296296
1 0.6260416666666667 0.10648148148148148 0.021354166666666667 0.03796296296296296
1 0.55234375 0.09259259259259259 0.022395833333333334 0.032407407407407406
1 0.5078125 0.047685185185185185 0.022395833333333334 0.032407407407407406
1 0.4708333333333333 0.01898148148148148 0.0328125 0.037037037037037035
1 0.5432291666666667 0.01898148148148148 0.0328125 0.037037037037037035