0 0.1326388888888889 0.19382716049382717 0.09583333333333334 0.20493827160493827
0 0.26944444444444443 0.14320987654320988 0.18333333333333332 0.14814814814814814
0 0.3576388888888889 0.38395061728395063 0.23194444444444445 0.20987654320987653
0 0.76875 0.8012345679012346 0.45694444444444443 0.4024691358024691
0 0.22361111111111112 0.08148148148148149 0.09166666666666666 0.1037037037037037
0 0.6395833333333333 0.7777777777777778 0.3236111111111111 0.3308641975308642
0 0.43472222222222223 0.8185185185185185 0.35555555555555557 0.3530864197530864
0 0.30972222222222223 0.7098765432098766 0.11388888888888889 0.2345679012345679
0 0.9305555555555556 0.06419753086419754 0.13055555555555556 0.12345679012345678
0 0.28958333333333336 0.30617283950617286 0.10694444444444444 0.18765432098765433
1 0.8006944444444445 0.5691358024691358 0.2152777777777778 0.2839506172839506
1 0.5402777777777777 0.3765432098765432 0.16111111111111112 0.21975308641975308
1 0.38263888888888886 0.2876543209876543 0.14305555555555555 0.17037037037037037
1 0.95625 0.5814814814814815 0.0875 0.27901234567901234
2 0.7243055555555555 0.23950617283950618 0.1375 0.1728395061728395
2 0.37569444444444444 0.16666666666666666 0.12638888888888888 0.145679012345679
2 0.5680555555555555 0.5654320987654321 0.21666666666666667 0.24691358024691357
2 0.48680555555555555 0.1345679012345679 0.12083333333333333 0.145679012345679
2 0.5729166666666666 0.22592592592592592 0.12638888888888888 0.1506172839506173
2 0.8569444444444444 0.21481481481481482 0.16666666666666666 0.1925925925925926
2 0.6215277777777778 0.044444444444444446 0.09861111111111111 0.08395061728395062
2 0.22013888888888888 0.4 0.13472222222222222 0.18765432098765433
2 0.02638888888888889 0.8839506172839506 0.05 0.2271604938271605
2 0.825 0.050617283950617285 0.14444444444444443 0.0962962962962963
2 0.3902777777777778 0.037037037037037035 0.08611111111111111 0.0691358024691358
2 0.9090277777777778 0.14074074074074075 0.14583333333333334 0.1580246913580247
2 0.3861111111111111 0.08271604938271605 0.09166666666666666 0.09135802469135802
2 0.05277777777777778 0.17160493827160495 0.10277777777777777 0.18024691358024691