1 0.5368489583333333 0.0763888888888889 0.04505208333333333 0.06851851851851852
1 0.9680989583333334 0.04537037037037037 0.061197916666666664 0.08888888888888889
1 0.557421875 0.30486111111111114 0.026302083333333334 0.04027777777777778
3 0.5096354166666667 0.23125 0.05 0.055092592592592596
3 0.5940104166666667 0.39814814814814814 0.05364583333333333 0.058333333333333334
3 0.171875 0.33564814814814814 0.05677083333333333 0.04351851851851852
0 0.2571614583333333 0.23148148148148148 0.03567708333333333 0.05092592592592592
3 0.5596354166666667 0.27569444444444446 0.025520833333333333 0.0375
1 0.735546875 0.018518518518518517 0.02109375 0.03611111111111111
1 0.419921875 0.033101851851851855 0.02109375 0.03657407407407407
1 0.23424479166666667 0.014583333333333334 0.01953125 0.02824074074074074