1 0.22630208333333332 0.7641203703703704 0.04739583333333333 0.07453703703703704
1 0.6015625 0.5800925925925926 0.03333333333333333 0.04722222222222222
1 0.16692708333333334 0.6127314814814815 0.03229166666666667 0.04398148148148148
1 0.2390625 0.61875 0.0390625 0.05416666666666667
1 0.4217447916666667 0.5261574074074075 0.029427083333333333 0.04675925925925926
1 0.6546875 0.5775462962962963 0.035416666666666666 0.050462962962962966
1 0.24544270833333334 0.6930555555555555 0.038802083333333334 0.05555555555555555
1 0.44947916666666665 0.6224537037037037 0.04479166666666667 0.05694444444444444
1 0.22096354166666668 0.5678240740740741 0.029947916666666668 0.04398148148148148
1 0.5399739583333333 0.5368055555555555 0.03307291666666667 0.047685185185185185
1 0.2858072916666667 0.6592592592592592 0.03515625 0.05185185185185185
1 0.46315104166666665 0.5418981481481482 0.027864583333333335 0.03935185185185185
1 0.18841145833333334 0.5219907407407407 0.024739583333333332 0.03657407407407407
1 0.359375 0.49675925925925923 0.020833333333333332 0.028703703703703703
1 0.28072916666666664 0.5488425925925926 0.021354166666666667 0.031018518518518518
3 0.47799479166666664 0.6122685185185185 0.03463541666666667 0.03935185185185185
1 0.6869791666666667 0.593287037037037 0.035416666666666666 0.050462962962962966
1 0.7703125 0.46805555555555556 0.024479166666666666 0.037037037037037035
1 0.7893229166666667 0.4583333333333333 0.024479166666666666 0.037037037037037035
1 0.6153645833333333 0.40694444444444444 0.024479166666666666 0.037037037037037035
1 0.5815104166666667 0.4046296296296296 0.024479166666666666 0.037037037037037035
1 0.5434895833333333 0.39490740740740743 0.024479166666666666 0.037037037037037035
1 0.5197916666666667 0.43796296296296294 0.024479166666666666 0.037037037037037035
1 0.5080729166666667 0.3824074074074074 0.024479166666666666 0.037037037037037035
1 0.5059895833333333 0.3398148148148148 0.024479166666666666 0.037037037037037035
1 0.50859375 0.28888888888888886 0.024479166666666666 0.037037037037037035
1 0.54765625 0.33194444444444443 0.024479166666666666 0.037037037037037035
1 0.5643229166666667 0.27361111111111114 0.024479166666666666 0.037037037037037035
1 0.6075520833333333 0.3055555555555556 0.024479166666666666 0.037037037037037035
1 0.21223958333333334 0.5106481481481482 0.016666666666666666 0.027777777777777776
1 0.23333333333333334 0.5282407407407408 0.0171875 0.027777777777777776
1 0.26080729166666666 0.5280092592592592 0.024739583333333332 0.03657407407407407
1 0.28346354166666665 0.5016203703703703 0.024739583333333332 0.03657407407407407
1 0.332421875 0.49537037037037035 0.01484375 0.025
1 0.35638020833333334 0.5261574074074075 0.024739583333333332 0.03657407407407407
1 0.3561197916666667 0.5261574074074075 0.024739583333333332 0.03657407407407407
1 0.10013020833333333 0.5895833333333333 0.024739583333333332 0.03657407407407407
1 0.060286458333333334 0.5909722222222222 0.024739583333333332 0.03657407407407407