1 0.31875 0.8865740740740741 0.071875 0.11203703703703703
1 0.228125 0.5962962962962963 0.05416666666666667 0.07222222222222222
1 0.4979166666666667 0.6527777777777778 0.046875 0.07407407407407407
1 0.30885416666666665 0.7166666666666667 0.04791666666666667 0.07962962962962963
1 0.46848958333333335 0.5472222222222223 0.0359375 0.05555555555555555
3 0.05416666666666667 0.9495370370370371 0.103125 0.09537037037037037
3 0.20390625 0.8532407407407407 0.09322916666666667 0.08981481481481482
3 0.15026041666666667 0.9453703703703704 0.1359375 0.1
1 0.50703125 0.5416666666666666 0.0359375 0.05555555555555555
1 0.18567708333333333 0.287962962962963 0.0359375 0.05555555555555555
1 0.10703125 0.337037037037037 0.0359375 0.05555555555555555
1 0.07890625 0.275 0.0359375 0.05555555555555555
1 0.37578125 0.8930555555555556 0.07239583333333334 0.11203703703703703