0 0.55234375 0.5638888888888889 0.09010416666666667 0.10555555555555556
0 0.41822916666666665 0.5282407407407408 0.046875 0.09722222222222222
0 0.8703125 0.35462962962962963 0.115625 0.08703703703703704
1 0.49375 0.9277777777777778 0.08645833333333333 0.14074074074074075
1 0.4328125 0.6023148148148149 0.06041666666666667 0.10092592592592593
1 0.2947916666666667 0.5763888888888888 0.065625 0.08611111111111111
1 0.61953125 0.7541666666666667 0.09114583333333333 0.16574074074074074
1 0.09713541666666667 0.8351851851851851 0.058854166666666666 0.1
1 0.37395833333333334 0.48333333333333334 0.06770833333333333 0.11851851851851852
1 0.20208333333333334 0.4439814814814815 0.04583333333333333 0.08796296296296297
1 0.68828125 0.8791666666666667 0.07135416666666666 0.1287037037037037
1 0.6552083333333333 0.6356481481481482 0.07395833333333333 0.1527777777777778
1 0.62578125 0.5851851851851851 0.07135416666666666 0.13333333333333333
1 0.046875 0.39305555555555555 0.034375 0.058333333333333334
1 0.51015625 0.26990740740740743 0.05364583333333333 0.10277777777777777
1 0.17161458333333332 0.6615740740740741 0.04010416666666667 0.08981481481481482
3 0.5669270833333333 0.8550925925925926 0.0953125 0.1824074074074074