1 0.27109375 0.8666666666666667 0.0578125 0.09444444444444444
1 0.8059895833333334 0.5736111111111111 0.07239583333333334 0.11388888888888889
1 0.19505208333333332 0.22824074074074074 0.05260416666666667 0.08611111111111111
1 0.17994791666666668 0.10324074074074074 0.044270833333333336 0.07314814814814814
1 0.41171875 0.39490740740740743 0.04114583333333333 0.06388888888888888
1 0.26223958333333336 0.16666666666666666 0.0390625 0.07222222222222222
1 0.2515625 0.2763888888888889 0.03229166666666667 0.058333333333333334
3 0.8578125 0.6652777777777777 0.08854166666666667 0.09166666666666666
3 0.43385416666666665 0.6462962962962963 0.059375 0.07962962962962963
1 0.32317708333333334 0.07592592592592592 0.0296875 0.053703703703703705
1 0.4934895833333333 0.20046296296296295 0.0296875 0.05277777777777778
1 0.8200520833333333 0.2550925925925926 0.0296875 0.05277777777777778
1 0.9197916666666667 0.25277777777777777 0.028125 0.037037037037037035