0 0.9118055555555555 0.2691358024691358 0.1486111111111111 0.11851851851851852
0 0.9256944444444445 0.8209876543209876 0.12361111111111112 0.23950617283950618
1 0.7270833333333333 0.44814814814814813 0.07361111111111111 0.1259259259259259
1 0.7763888888888889 0.2814814814814815 0.075 0.14320987654320988
1 0.5583333333333333 0.9382716049382716 0.11944444444444445 0.11851851851851852
1 0.7284722222222222 0.7135802469135802 0.09583333333333334 0.18271604938271604
1 0.31805555555555554 0.145679012345679 0.06111111111111111 0.08888888888888889
1 0.6694444444444444 0.11481481481481481 0.06111111111111111 0.10617283950617284
1 0.6652777777777777 0.8753086419753087 0.12777777777777777 0.22469135802469137
1 0.6611111111111111 0.25555555555555554 0.06666666666666667 0.11604938271604938
1 0.7395833333333334 0.08148148148148149 0.06527777777777778 0.11851851851851852
1 0.08402777777777778 0.3197530864197531 0.08194444444444444 0.09135802469135802
1 0.34930555555555554 0.04938271604938271 0.059722222222222225 0.07901234567901234
1 0.42986111111111114 0.044444444444444446 0.04861111111111111 0.07901234567901234
3 0.8069444444444445 0.4024691358024691 0.07222222222222222 0.09876543209876543