3 0.4766927083333333 0.6483796296296296 0.039322916666666666 0.05416666666666667
3 0.7368489583333333 0.25 0.03463541666666667 0.05277777777777778
3 0.5701822916666667 0.07430555555555556 0.03046875 0.03564814814814815
3 0.440234375 0.14560185185185184 0.02265625 0.0375
3 0.4928385416666667 0.07037037037037037 0.04088541666666667 0.049074074074074076
3 0.34596354166666665 0.5731481481481482 0.03567708333333333 0.05092592592592592
3 0.260546875 0.5534722222222223 0.03671875 0.04675925925925926
3 0.248046875 0.4928240740740741 0.029947916666666668 0.038425925925925926
3 0.17994791666666668 0.531712962962963 0.03125 0.04027777777777778
3 0.08424479166666667 0.3902777777777778 0.030989583333333334 0.041666666666666664
3 0.5963541666666666 0.7916666666666666 0.058854166666666666 0.08888888888888889