0 0.22057291666666667 0.7268518518518519 0.057291666666666664 0.15833333333333333
1 0.7778645833333333 0.5243055555555556 0.059895833333333336 0.08287037037037037
1 0.03229166666666667 0.6451388888888889 0.0625 0.08472222222222223
1 0.3268229166666667 0.29398148148148145 0.0359375 0.04722222222222222
1 0.03763020833333333 0.26064814814814813 0.03828125 0.05092592592592592
1 0.04778645833333333 0.3280092592592593 0.03984375 0.055092592592592596
1 0.7268229166666667 0.27569444444444446 0.03854166666666667 0.05787037037037037
1 0.545703125 0.35810185185185184 0.031510416666666666 0.047685185185185185
1 0.803125 0.275 0.04375 0.06018518518518518
1 0.8875 0.1752314814814815 0.0359375 0.04675925925925926
3 0.040364583333333336 0.8942129629629629 0.0765625 0.07731481481481481
3 0.5572916666666666 0.6101851851851852 0.0484375 0.05185185185185185
3 0.20963541666666666 0.5009259259259259 0.0453125 0.04537037037037037
1 0.6502604166666667 0.34699074074074077 0.021875 0.03564814814814815
1 0.7419270833333333 0.1099537037037037 0.021875 0.03564814814814815
1 0.47239583333333335 0.11875 0.021875 0.03564814814814815
1 0.44817708333333334 0.1335648148148148 0.021875 0.03564814814814815
1 0.63203125 0.14560185185185184 0.016145833333333335 0.01990740740740741
1 0.6640625 0.16921296296296295 0.016145833333333335 0.01990740740740741
1 0.653125 0.1400462962962963 0.016145833333333335 0.01990740740740741