0 0.67265625 0.44351851851851853 0.09739583333333333 0.1537037037037037
0 0.44947916666666665 0.9421296296296297 0.04583333333333333 0.10648148148148148
1 0.6434895833333333 0.3425925925925926 0.04010416666666667 0.06111111111111111
1 0.6731770833333334 0.06805555555555555 0.04739583333333333 0.0712962962962963
1 0.7661458333333333 0.7527777777777778 0.07291666666666667 0.1
1 0.80078125 0.1388888888888889 0.04739583333333333 0.06111111111111111
1 0.53515625 0.19907407407407407 0.03697916666666667 0.05555555555555555
1 0.27760416666666665 0.6842592592592592 0.05 0.06296296296296296
1 0.28463541666666664 0.4097222222222222 0.028645833333333332 0.05277777777777778
1 0.7588541666666667 0.027314814814814816 0.04791666666666667 0.05277777777777778
2 0.56015625 0.35138888888888886 0.04010416666666667 0.06388888888888888
3 0.6015625 0.5916666666666667 0.07291666666666667 0.11481481481481481
0 0.49609375 0.9393518518518519 0.05260416666666667 0.11388888888888889