1 0.5020833333333333 0.5246913580246914 0.04027777777777778 0.07654320987654321
1 0.42291666666666666 0.8888888888888888 0.05138888888888889 0.08395061728395062
1 0.6770833333333334 0.9555555555555556 0.06527777777777778 0.08888888888888889
1 0.9715277777777778 0.9419753086419753 0.05694444444444444 0.1111111111111111
1 0.6375 0.5604938271604938 0.041666666666666664 0.07407407407407407
1 0.5715277777777777 0.9382716049382716 0.05416666666666667 0.07407407407407407
1 0.6715277777777777 0.47530864197530864 0.04027777777777778 0.06172839506172839
1 0.4097222222222222 0.5814814814814815 0.044444444444444446 0.07160493827160494
1 0.2423611111111111 0.9666666666666667 0.05694444444444444 0.07160493827160494
3 0.89375 0.7950617283950617 0.07916666666666666 0.08888888888888889
3 0.09097222222222222 0.25555555555555554 0.05694444444444444 0.07654320987654321
3 0.5381944444444444 0.8827160493827161 0.043055555555555555 0.056790123456790124