0 0.03984375 0.35462962962962963 0.07864583333333333 0.09444444444444444
0 0.7283854166666667 0.5439814814814815 0.0578125 0.11203703703703703
0 0.83046875 0.37222222222222223 0.04739583333333333 0.1037037037037037
1 0.7744791666666667 0.6643518518518519 0.09166666666666666 0.15462962962962962
1 0.31614583333333335 0.8976851851851851 0.08229166666666667 0.15648148148148147
1 0.8950520833333333 0.07731481481481481 0.058854166666666666 0.08796296296296297
1 0.303125 0.6694444444444444 0.08333333333333333 0.14074074074074075
1 0.5575520833333333 0.8685185185185185 0.08489583333333334 0.17962962962962964
1 0.265625 0.052314814814814814 0.08020833333333334 0.10092592592592593
1 0.825 0.25833333333333336 0.06041666666666667 0.10740740740740741
1 0.8908854166666667 0.42962962962962964 0.0609375 0.1111111111111111
1 0.96953125 0.8935185185185185 0.059895833333333336 0.1388888888888889
1 0.16588541666666667 0.0875 0.0671875 0.11388888888888889
1 0.6473958333333333 0.9657407407407408 0.096875 0.06111111111111111
1 0.4630208333333333 0.9736111111111111 0.06875 0.04722222222222222
2 0.7052083333333333 0.9333333333333333 0.065625 0.12222222222222222
3 0.45729166666666665 0.8347222222222223 0.09270833333333334 0.1675925925925926
3 0.71015625 0.2791666666666667 0.06302083333333333 0.09537037037037037
3 0.20234375 0.028703703703703703 0.06927083333333334 0.05555555555555555
3 0.3463541666666667 0.48935185185185187 0.05625 0.10462962962962963
3 0.45286458333333335 0.4185185185185185 0.0453125 0.09259259259259259
3 0.30885416666666665 0.45092592592592595 0.05520833333333333 0.10555555555555556
3 0.78125 0.49675925925925923 0.071875 0.12129629629629629
3 0.12161458333333333 0.13333333333333333 0.04739583333333333 0.07592592592592592