3 0.7966145833333333 0.7358796296296296 0.03958333333333333 0.07916666666666666
1 0.6759114583333333 0.9493055555555555 0.04609375 0.07546296296296297
1 0.5330729166666667 0.975925925925926 0.03333333333333333 0.049074074074074076
1 0.7174479166666666 0.9159722222222222 0.0375 0.07175925925925926
1 0.6095052083333333 0.7627314814814815 0.03984375 0.07824074074074074
1 0.4901041666666667 0.5583333333333333 0.03333333333333333 0.062037037037037036
1 0.08489583333333334 0.34814814814814815 0.0375 0.062037037037037036
1 0.21263020833333332 0.2912037037037037 0.032552083333333336 0.06296296296296296
1 0.06158854166666667 0.4930555555555556 0.03463541666666667 0.05925925925925926
1 0.8196614583333334 0.16921296296296295 0.03984375 0.07824074074074074
1 0.7557291666666667 0.09305555555555556 0.034375 0.05462962962962963
1 0.7131510416666667 0.125 0.03411458333333333 0.05462962962962963
1 0.7368489583333333 0.14027777777777778 0.03411458333333333 0.05462962962962963