0 0.92578125 0.7592592592592593 0.08385416666666666 0.13518518518518519
1 0.68046875 0.6625 0.05260416666666667 0.07314814814814814
1 0.7419270833333333 0.7337962962962963 0.04739583333333333 0.07314814814814814
1 0.9572916666666667 0.8685185185185185 0.057291666666666664 0.08703703703703704
1 0.5721354166666667 0.8782407407407408 0.0578125 0.08611111111111111
1 0.9265625 0.32731481481481484 0.041666666666666664 0.06759259259259259
1 0.8510416666666667 0.8222222222222222 0.05416666666666667 0.08518518518518518
1 0.66171875 0.7712962962962963 0.0609375 0.09074074074074075
1 0.51484375 0.6699074074074074 0.03697916666666667 0.06018518518518518
1 0.5098958333333333 0.5217592592592593 0.03125 0.049074074074074076
1 0.5744791666666667 0.7569444444444444 0.052083333333333336 0.08981481481481482
1 0.5994791666666667 0.7796296296296297 0.05520833333333333 0.0962962962962963
1 0.55234375 0.2763888888888889 0.0328125 0.05277777777777778
1 0.17916666666666667 0.8041666666666667 0.03125 0.05092592592592592
1 0.778125 0.8101851851851852 0.05 0.08518518518518518
1 0.6369791666666667 0.8486111111111111 0.06145833333333333 0.08055555555555556
1 0.7760416666666666 0.17962962962962964 0.03333333333333333 0.05185185185185185
1 0.7807291666666667 0.4064814814814815 0.03229166666666667 0.06481481481481481
1 0.60390625 0.2884259259259259 0.027604166666666666 0.05092592592592592
1 0.5549479166666667 0.9606481481481481 0.05260416666666667 0.0712962962962963
3 0.15234375 0.9675925925925926 0.059895833333333336 0.06296296296296296