1 0.84375 0.3654320987654321 0.11527777777777778 0.18271604938271604
1 0.8916666666666667 0.5111111111111111 0.09444444444444444 0.1382716049382716
1 0.5958333333333333 0.39382716049382716 0.09166666666666666 0.1654320987654321
1 0.21388888888888888 0.25925925925925924 0.09166666666666666 0.1580246913580247
1 0.9569444444444445 0.07407407407407407 0.08333333333333333 0.14320987654320988
1 0.25833333333333336 0.5530864197530864 0.125 0.20246913580246914
1 0.13333333333333333 0.8148148148148148 0.12222222222222222 0.19753086419753085
1 0.3013888888888889 0.13703703703703704 0.1388888888888889 0.22962962962962963
1 0.08402777777777778 0.4506172839506173 0.08194444444444444 0.16049382716049382
1 0.6833333333333333 0.037037037037037035 0.10277777777777777 0.0691358024691358
1 0.8638888888888889 0.03333333333333333 0.07222222222222222 0.06666666666666667