0 0.7841145833333333 0.9189814814814815 0.06510416666666667 0.15648148148148147
0 0.44453125 0.9393518518518519 0.09427083333333333 0.11944444444444445
0 0.66640625 0.5097222222222222 0.0734375 0.075
1 0.35442708333333334 0.7726851851851851 0.033854166666666664 0.05462962962962963
1 0.8924479166666667 0.17592592592592593 0.044270833333333336 0.06296296296296296
1 0.33671875 0.5259259259259259 0.034895833333333334 0.05555555555555555
1 0.6838541666666667 0.37824074074074077 0.035416666666666666 0.05648148148148148
1 0.39375 0.3625 0.03229166666666667 0.05277777777777778
1 0.9255208333333333 0.4027777777777778 0.040625 0.05555555555555555
1 0.8375 0.1685185185185185 0.03333333333333333 0.05185185185185185
1 0.12109375 0.6583333333333333 0.033854166666666664 0.05185185185185185
1 0.6578125 0.45694444444444443 0.030208333333333334 0.04722222222222222
1 0.10208333333333333 0.9736111111111111 0.036458333333333336 0.05462962962962963
3 0.5190104166666667 0.5194444444444445 0.0640625 0.09444444444444444
3 0.203125 0.7314814814814815 0.06145833333333333 0.08703703703703704