0 0.7041666666666667 0.12222222222222222 0.15555555555555556 0.21975308641975308
0 0.21041666666666667 0.6506172839506172 0.06527777777777778 0.11604938271604938
1 0.7451388888888889 0.8481481481481481 0.1875 0.29876543209876544
1 0.4951388888888889 0.9246913580246914 0.16805555555555557 0.145679012345679
1 0.09236111111111112 0.7098765432098766 0.08194444444444444 0.12098765432098765
1 0.41041666666666665 0.10123456790123457 0.06805555555555555 0.09876543209876543
1 0.24444444444444444 0.3469135802469136 0.06666666666666667 0.1111111111111111
1 0.4638888888888889 0.044444444444444446 0.06666666666666667 0.08395061728395062
1 0.5361111111111111 0.7074074074074074 0.12777777777777777 0.22469135802469137
1 0.9416666666666667 0.8197530864197531 0.11666666666666667 0.2617283950617284
3 0.11666666666666667 0.917283950617284 0.1 0.1654320987654321
3 0.5618055555555556 0.5296296296296297 0.0875 0.1654320987654321