0 0.44583333333333336 0.9351851851851852 0.10416666666666667 0.12037037037037036
0 0.66875 0.9393518518518519 0.08541666666666667 0.11944444444444445
1 0.58671875 0.7277777777777777 0.05260416666666667 0.09074074074074075
1 0.8026041666666667 0.5893518518518519 0.05520833333333333 0.0824074074074074
1 0.6552083333333333 0.3125 0.052083333333333336 0.0787037037037037
1 0.4354166666666667 0.28888888888888886 0.04479166666666667 0.06851851851851852
1 0.7408854166666666 0.32546296296296295 0.04114583333333333 0.0824074074074074
1 0.63828125 0.26805555555555555 0.03802083333333333 0.05648148148148148
1 0.0796875 0.10138888888888889 0.04895833333333333 0.0787037037037037
3 0.2755208333333333 0.7064814814814815 0.090625 0.0962962962962963
3 0.024479166666666666 0.12824074074074074 0.04791666666666667 0.09907407407407408
3 0.9171875 0.4930555555555556 0.06354166666666666 0.06759259259259259