1 0.509375 0.4946759259259259 0.052083333333333336 0.08842592592592592
1 0.6315104166666666 0.38055555555555554 0.03802083333333333 0.06296296296296296
1 0.5509114583333333 0.19768518518518519 0.03307291666666667 0.05462962962962963
1 0.07083333333333333 0.787962962962963 0.08333333333333333 0.1259259259259259
1 0.2078125 0.1400462962962963 0.065625 0.08935185185185185
1 0.691796875 0.35717592592592595 0.026822916666666665 0.04675925925925926
1 0.6305989583333333 0.4449074074074074 0.031510416666666666 0.04722222222222222
1 0.5623697916666667 0.3136574074074074 0.029947916666666668 0.052314814814814814
1 0.680078125 0.21944444444444444 0.03463541666666667 0.05277777777777778
1 0.2669270833333333 0.6620370370370371 0.07447916666666667 0.1175925925925926
1 0.48294270833333336 0.08564814814814815 0.04505208333333333 0.05092592592592592
1 0.5421875 0.12685185185185185 0.022395833333333334 0.03425925925925926
1 0.629296875 0.1087962962962963 0.023697916666666666 0.03611111111111111
1 0.4415364583333333 0.0837962962962963 0.02265625 0.03425925925925926
1 0.780078125 0.29305555555555557 0.021614583333333333 0.03425925925925926
3 0.4134114583333333 0.18078703703703702 0.05182291666666667 0.060648148148148145
3 0.669140625 0.5768518518518518 0.038802083333333334 0.049074074074074076
1 0.8923177083333333 0.3194444444444444 0.031510416666666666 0.04722222222222222
1 0.9100260416666667 0.2537037037037037 0.031510416666666666 0.04722222222222222
1 0.9822916666666667 0.3375 0.0265625 0.03796296296296296