1 0.42096354166666666 0.07291666666666667 0.08046875 0.12453703703703704
1 0.405078125 0.32060185185185186 0.11328125 0.16342592592592592
1 0.13333333333333333 0.08703703703703704 0.08177083333333333 0.10277777777777777
1 0.15013020833333332 0.18217592592592594 0.07057291666666667 0.08842592592592592
1 0.62890625 0.07268518518518519 0.04791666666666667 0.07407407407407407
1 0.576171875 0.31157407407407406 0.05182291666666667 0.09259259259259259
1 0.7283854166666667 0.2175925925925926 0.03802083333333333 0.06759259259259259
1 0.4654947916666667 0.03287037037037037 0.04765625 0.06481481481481481
1 0.8083333333333333 0.1375 0.028645833333333332 0.04722222222222222
1 0.6740885416666667 0.22175925925925927 0.03619791666666667 0.06574074074074074
1 0.833203125 0.08009259259259259 0.03046875 0.046296296296296294
3 0.6854166666666667 0.15833333333333333 0.0484375 0.05740740740740741
3 0.21067708333333332 0.059027777777777776 0.040625 0.05787037037037037
3 0.63125 0.1423611111111111 0.0234375 0.04583333333333333
3 0.29583333333333334 0.11689814814814815 0.059375 0.05138888888888889
3 0.86875 0.4914351851851852 0.058333333333333334 0.06342592592592593
3 0.25885416666666666 0.16087962962962962 0.06875 0.08101851851851852
3 0.9451822916666667 0.22569444444444445 0.02890625 0.038425925925925926
3 0.921875 0.39699074074074076 0.0328125 0.050462962962962966
0 0.7977864583333333 0.5305555555555556 0.04765625 0.06851851851851852