0 0.7630208333333334 0.38657407407407407 0.0484375 0.11574074074074074
1 0.32526041666666666 0.16666666666666666 0.09427083333333333 0.14722222222222223
1 0.10807291666666667 0.0863425925925926 0.1859375 0.17083333333333334
1 0.50625 0.2761574074074074 0.0671875 0.1412037037037037
1 0.7024739583333334 0.08912037037037036 0.03307291666666667 0.052314814814814814
1 0.63671875 0.2199074074074074 0.05260416666666667 0.0712962962962963
3 0.5924479166666666 0.33587962962962964 0.04479166666666667 0.0625
3 0.5985677083333333 0.6018518518518519 0.04296875 0.049074074074074076
3 0.794140625 0.25092592592592594 0.045572916666666664 0.040740740740740744
3 0.5208333333333334 0.0875 0.0359375 0.041666666666666664
3 0.22565104166666666 0.027777777777777776 0.07578125 0.05