3 0.809765625 0.20601851851851852 0.04192708333333333 0.044444444444444446
3 0.8 0.7217592592592592 0.051041666666666666 0.08333333333333333
3 0.74609375 0.7557870370370371 0.03854166666666667 0.05787037037037037
3 0.7252604166666666 0.825 0.0421875 0.06574074074074074
3 0.5986979166666667 0.8118055555555556 0.03802083333333333 0.0375
3 0.6177083333333333 0.656712962962963 0.024479166666666666 0.04027777777777778
3 0.5455729166666666 0.5775462962962963 0.0359375 0.038425925925925926
3 0.59296875 0.4511574074074074 0.0375 0.055092592592592596
3 0.569140625 0.3664351851851852 0.03203125 0.047685185185185185
3 0.31927083333333334 0.6016203703703704 0.029166666666666667 0.055092592592592596
3 0.33567708333333335 0.34837962962962965 0.022395833333333334 0.031018518518518518
3 0.314453125 0.35300925925925924 0.021614583333333333 0.03287037037037037
3 0.27786458333333336 0.32546296296296295 0.03854166666666667 0.04722222222222222