0 0.65625 0.3012345679012346 0.16527777777777777 0.16790123456790124
0 0.5770833333333333 0.13333333333333333 0.12916666666666668 0.1925925925925926
0 0.6416666666666667 0.8728395061728395 0.14722222222222223 0.25925925925925924
1 0.3263888888888889 0.05185185185185185 0.09166666666666666 0.09876543209876543
1 0.48125 0.7592592592592593 0.12638888888888888 0.20987654320987653
1 0.36875 0.9209876543209876 0.11527777777777778 0.16296296296296298
1 0.4826388888888889 0.9345679012345679 0.12638888888888888 0.1308641975308642
1 0.6180555555555556 0.9481481481481482 0.14444444444444443 0.1037037037037037
3 0.4583333333333333 0.09876543209876543 0.125 0.18271604938271604
3 0.3486111111111111 0.22469135802469137 0.14444444444444443 0.2419753086419753
3 0.7541666666666667 0.7209876543209877 0.1527777777777778 0.28641975308641976
3 0.6027777777777777 0.454320987654321 0.1 0.17777777777777778
3 0.18055555555555555 0.32469135802469135 0.1361111111111111 0.22469135802469137