0 0.7604166666666666 0.5839506172839506 0.1125 0.19506172839506172
0 0.6930555555555555 0.7839506172839507 0.05277777777777778 0.18518518518518517
1 0.5583333333333333 0.8382716049382716 0.11666666666666667 0.18024691358024691
1 0.45069444444444445 0.2506172839506173 0.05416666666666667 0.07160493827160494
1 0.6819444444444445 0.4160493827160494 0.08888888888888889 0.17530864197530865
1 0.3416666666666667 0.25308641975308643 0.058333333333333334 0.10123456790123457
1 0.4534722222222222 0.9345679012345679 0.09861111111111111 0.1259259259259259
1 0.08263888888888889 0.1259259259259259 0.06527777777777778 0.07407407407407407
1 0.5840277777777778 0.37777777777777777 0.07083333333333333 0.10864197530864197
1 0.5631944444444444 0.27530864197530863 0.0763888888888889 0.10123456790123457
1 0.30277777777777776 0.9382716049382716 0.11944444444444445 0.12839506172839507
1 0.6229166666666667 0.3358024691358025 0.0625 0.10864197530864197
1 0.21597222222222223 0.5876543209876544 0.1375 0.21728395061728395
3 0.9076388888888889 0.5925925925925926 0.14305555555555555 0.15308641975308643
3 0.7881944444444444 0.7876543209876543 0.10416666666666667 0.14814814814814814
3 0.6861111111111111 0.31234567901234567 0.06944444444444445 0.07654320987654321
3 0.5256944444444445 0.9543209876543209 0.08194444444444444 0.09135802469135802
1 0.3840277777777778 0.24074074074074073 0.05416666666666667 0.07160493827160494