0 0.55 0.46296296296296297 0.09722222222222222 0.2345679012345679
0 0.9034722222222222 0.45185185185185184 0.1763888888888889 0.2222222222222222
0 0.2826388888888889 0.3987654320987654 0.09583333333333334 0.12098765432098765
0 0.6423611111111112 0.717283950617284 0.1875 0.38765432098765434
0 0.4861111111111111 0.8111111111111111 0.17222222222222222 0.2641975308641975
0 0.6930555555555555 0.25555555555555554 0.11388888888888889 0.09135802469135802
0 0.3034722222222222 0.5246913580246914 0.07916666666666666 0.17037037037037037
0 0.16597222222222222 0.854320987654321 0.15694444444444444 0.18271604938271604
0 0.65 0.9320987654320988 0.12222222222222222 0.13580246913580246
0 0.44583333333333336 0.34444444444444444 0.06944444444444445 0.1111111111111111
0 0.9618055555555556 0.33827160493827163 0.07916666666666666 0.20246913580246914
0 0.5270833333333333 0.30987654320987656 0.05694444444444444 0.06666666666666667
0 0.83125 0.30987654320987656 0.14305555555555555 0.1111111111111111
0 0.6548611111111111 0.4419753086419753 0.12638888888888888 0.24691358024691357
0 0.2 0.5802469135802469 0.075 0.10864197530864197
0 0.80625 0.24320987654320989 0.09305555555555556 0.08148148148148149
0 0.12291666666666666 0.6925925925925925 0.1597222222222222 0.1308641975308642
0 0.16944444444444445 0.9407407407407408 0.14166666666666666 0.11851851851851852
0 0.04583333333333333 0.7098765432098766 0.08888888888888889 0.14074074074074075
0 0.625 0.5061728395061729 0.08333333333333333 0.17777777777777778
1 0.42430555555555555 0.2777777777777778 0.06805555555555555 0.09135802469135802
1 0.3798611111111111 0.48641975308641977 0.10694444444444444 0.1728395061728395
1 0.40208333333333335 0.16790123456790124 0.05138888888888889 0.09876543209876543
1 0.33055555555555555 0.3135802469135803 0.06666666666666667 0.09382716049382717
1 0.2951388888888889 0.8765432098765432 0.1625 0.24691358024691357
1 0.5145833333333333 0.1506172839506173 0.05694444444444444 0.08395061728395062
1 0.6729166666666667 0.12962962962962962 0.06805555555555555 0.10123456790123457
1 0.13055555555555556 0.562962962962963 0.10833333333333334 0.1580246913580247
1 0.7888888888888889 0.48148148148148145 0.12777777777777777 0.19753086419753085
1 0.034722222222222224 0.5617283950617284 0.06666666666666667 0.1654320987654321
1 0.5291666666666667 0.6765432098765433 0.1527777777777778 0.2222222222222222
1 0.3375 0.7271604938271605 0.15 0.21481481481481482
1 0.8284722222222223 0.15679012345679014 0.08472222222222223 0.11604938271604938
1 0.7201388888888889 0.35432098765432096 0.11805555555555555 0.1654320987654321
1 0.2604166666666667 0.37407407407407406 0.059722222222222225 0.08641975308641975
1 0.5944444444444444 0.2234567901234568 0.07222222222222222 0.10617283950617284
1 0.9298611111111111 0.2580246913580247 0.07916666666666666 0.1259259259259259
1 0.17847222222222223 0.5 0.0763888888888889 0.1111111111111111
1 0.8590277777777777 0.254320987654321 0.07083333333333333 0.09876543209876543
1 0.17083333333333334 0.2839506172839506 0.11388888888888889 0.11851851851851852
1 0.8770833333333333 0.08888888888888889 0.09583333333333334 0.14320987654320988
1 0.7604166666666666 0.1111111111111111 0.05694444444444444 0.09382716049382717
2 0.17847222222222223 0.7148148148148148 0.10972222222222222 0.13580246913580246
2 0.7125 0.4728395061728395 0.06388888888888888 0.1308641975308642
2 0.10833333333333334 0.35432098765432096 0.08333333333333333 0.0962962962962963
2 0.05138888888888889 0.48641975308641977 0.09722222222222222 0.09382716049382717
2 0.05347222222222222 0.6135802469135803 0.10138888888888889 0.1259259259259259
2 0.03819444444444445 0.5604938271604938 0.07361111111111111 0.17777777777777778
2 0.9444444444444444 0.06172839506172839 0.10277777777777777 0.10864197530864197
0 0.6354166666666666 0.23950617283950618 0.06805555555555555 0.07901234567901234
0 0.6222222222222222 0.06172839506172839 0.09166666666666666 0.06419753086419754
0 0.5993055555555555 0.12962962962962962 0.0763888888888889 0.07160493827160494
0 0.5645833333333333 0.06172839506172839 0.07083333333333333 0.06419753086419754