0 0.6701388888888888 0.12345679012345678 0.14027777777777778 0.11358024691358025
0 0.33055555555555555 0.16666666666666666 0.10277777777777777 0.15555555555555556
0 0.7166666666666667 0.1814814814814815 0.125 0.1308641975308642
0 0.9291666666666667 0.06666666666666667 0.14444444444444443 0.12839506172839507
0 0.4166666666666667 0.2123456790123457 0.08333333333333333 0.12839506172839507
0 0.058333333333333334 0.07160493827160494 0.11388888888888889 0.13333333333333333
1 0.8152777777777778 0.09506172839506173 0.125 0.18024691358024691
1 0.5083333333333333 0.1308641975308642 0.1111111111111111 0.1580246913580247
1 0.06319444444444444 0.29876543209876544 0.12361111111111112 0.16296296296296298
1 0.7513888888888889 0.30987654320987656 0.16944444444444445 0.24444444444444444
1 0.36944444444444446 0.6814814814814815 0.19722222222222222 0.345679012345679
1 0.8583333333333333 0.4839506172839506 0.20555555555555555 0.26666666666666666
1 0.12222222222222222 0.9049382716049382 0.20555555555555555 0.19012345679012346
1 0.35625 0.3148148148148148 0.14583333333333334 0.2641975308641975
1 0.29791666666666666 0.07407407407407407 0.14027777777777778 0.14320987654320988
1 0.44375 0.5148148148148148 0.17916666666666667 0.2839506172839506
1 0.29375 0.8296296296296296 0.2652777777777778 0.34074074074074073
1 0.6777777777777778 0.03580246913580247 0.1 0.06666666666666667
1 0.2076388888888889 0.20987654320987653 0.11805555555555555 0.17777777777777778
1 0.9069444444444444 0.22839506172839505 0.18333333333333332 0.32839506172839505
1 0.16111111111111112 0.19753086419753085 0.10555555555555556 0.16296296296296298
1 0.4722222222222222 0.35802469135802467 0.18055555555555555 0.2617283950617284
1 0.049305555555555554 0.17037037037037037 0.09583333333333334 0.1728395061728395
1 0.41180555555555554 0.17407407407407408 0.10138888888888889 0.145679012345679
1 0.8902777777777777 0.2765432098765432 0.12222222222222222 0.23703703703703705
2 0.17430555555555555 0.3469135802469136 0.14027777777777778 0.13580246913580246
2 0.4388888888888889 0.06666666666666667 0.1111111111111111 0.12839506172839507
2 0.6027777777777777 0.9 0.2833333333333333 0.2
2 0.475 0.20617283950617285 0.07222222222222222 0.11604938271604938
2 0.2326388888888889 0.7592592592592593 0.1597222222222222 0.2345679012345679
2 0.49930555555555556 0.03580246913580247 0.09583333333333334 0.06666666666666667
2 0.6486111111111111 0.09382716049382717 0.11666666666666667 0.1382716049382716