0 0.34444444444444444 0.7790123456790123 0.058333333333333334 0.17530864197530865
1 0.16180555555555556 0.5518518518518518 0.05694444444444444 0.0962962962962963
1 0.2861111111111111 0.2839506172839506 0.06111111111111111 0.10864197530864197
1 0.2777777777777778 0.7876543209876543 0.06666666666666667 0.12839506172839507
1 0.6180555555555556 0.03950617283950617 0.075 0.07407407407407407
1 0.42083333333333334 0.654320987654321 0.06388888888888888 0.11851851851851852
1 0.3784722222222222 0.14074074074074075 0.04583333333333333 0.07901234567901234
1 0.18541666666666667 0.32839506172839505 0.04861111111111111 0.07901234567901234
1 0.0625 0.5209876543209877 0.06666666666666667 0.08888888888888889
1 0.22013888888888888 0.5037037037037037 0.043055555555555555 0.07901234567901234
1 0.12361111111111112 0.6617283950617284 0.06388888888888888 0.1037037037037037
1 0.10208333333333333 0.30864197530864196 0.059722222222222225 0.08888888888888889
1 0.5104166666666666 0.4580246913580247 0.059722222222222225 0.10617283950617284
1 0.06875 0.44320987654320987 0.0625 0.10123456790123457
1 0.5576388888888889 0.5444444444444444 0.05416666666666667 0.11604938271604938
1 0.2590277777777778 0.09259259259259259 0.04027777777777778 0.07654320987654321
3 0.4618055555555556 0.908641975308642 0.09305555555555556 0.1728395061728395
1 0.10138888888888889 0.7407407407407407 0.06388888888888888 0.1037037037037037