1 0.741015625 0.47129629629629627 0.026822916666666665 0.04537037037037037
1 0.4688802083333333 0.3923611111111111 0.023697916666666666 0.04027777777777778
1 0.11875 0.3199074074074074 0.034375 0.04537037037037037
1 0.2671875 0.35300925925925924 0.030729166666666665 0.050462962962962966
1 0.7569010416666667 0.42083333333333334 0.023697916666666666 0.040740740740740744
1 0.22643229166666667 0.387037037037037 0.02734375 0.04259259259259259
1 0.12161458333333333 0.17731481481481481 0.0328125 0.05185185185185185
1 0.5361979166666667 0.32893518518518516 0.026041666666666668 0.04212962962962963
1 0.5903645833333333 0.4115740740740741 0.0234375 0.041666666666666664
1 0.8169270833333333 0.3974537037037037 0.027604166666666666 0.03564814814814815
1 0.6615885416666667 0.47199074074074077 0.024739583333333332 0.047685185185185185
1 0.65625 0.43703703703703706 0.0265625 0.04722222222222222
1 0.3984375 0.2439814814814815 0.022395833333333334 0.03796296296296296
1 0.7489583333333333 0.21944444444444444 0.024479166666666666 0.03981481481481482
1 0.6109375 0.3592592592592593 0.01875 0.03518518518518519
1 0.7763020833333333 0.37592592592592594 0.01875 0.03333333333333333
1 0.18385416666666668 0.31203703703703706 0.03697916666666667 0.05277777777777778
3 0.2234375 0.937962962962963 0.06145833333333333 0.1175925925925926
1 0.271484375 0.22361111111111112 0.01328125 0.025925925925925925
1 0.32447916666666665 0.23171296296296295 0.0171875 0.03287037037037037
1 0.46145833333333336 0.2671296296296296 0.016666666666666666 0.020370370370370372
1 0.5850260416666667 0.2763888888888889 0.019010416666666665 0.020370370370370372
1 0.6186197916666667 0.16157407407407406 0.01953125 0.026851851851851852
1 0.7204427083333333 0.36365740740740743 0.01796875 0.02546296296296296