1 0.6001302083333333 0.7708333333333334 0.03984375 0.062037037037037036
1 0.085546875 0.7097222222222223 0.05807291666666667 0.06944444444444445
1 0.732421875 0.9020833333333333 0.045572916666666664 0.07268518518518519
1 0.7955729166666666 0.8958333333333334 0.040625 0.07592592592592592
1 0.127734375 0.5627314814814814 0.055989583333333336 0.09675925925925925
1 0.17903645833333334 0.7384259259259259 0.055989583333333336 0.075
1 0.39921875 0.4787037037037037 0.027083333333333334 0.058333333333333334
1 0.270703125 0.7953703703703704 0.039322916666666666 0.06944444444444445
3 0.5075520833333333 0.8467592592592592 0.04583333333333333 0.07037037037037037
3 0.691015625 0.9233796296296296 0.046614583333333334 0.0625
3 0.04895833333333333 0.19907407407407407 0.04010416666666667 0.062037037037037036
3 0.655859375 0.8796296296296297 0.03723958333333333 0.04351851851851852
1 0.43385416666666665 0.525 0.022395833333333334 0.046296296296296294
1 0.43190104166666665 0.5798611111111112 0.017447916666666667 0.0412037037037037