0 0.25833333333333336 0.2654320987654321 0.15555555555555556 0.1111111111111111
1 0.13055555555555556 0.2962962962962963 0.09166666666666666 0.1382716049382716
1 0.3951388888888889 0.7703703703703704 0.09861111111111111 0.16790123456790124
1 0.2923611111111111 0.9234567901234568 0.11805555555555555 0.15308641975308643
1 0.15625 0.49506172839506174 0.09861111111111111 0.13580246913580246
1 0.38263888888888886 0.3395061728395062 0.07083333333333333 0.1308641975308642
1 0.06111111111111111 0.41975308641975306 0.11388888888888889 0.16296296296296298
1 0.2847222222222222 0.4111111111111111 0.11388888888888889 0.145679012345679
1 0.9333333333333333 0.9444444444444444 0.11944444444444445 0.10617283950617284
1 0.5083333333333333 0.9049382716049382 0.10833333333333334 0.19012345679012346
1 0.02638888888888889 0.5876543209876544 0.05 0.1580246913580247
2 0.5916666666666667 0.24691358024691357 0.05277777777777778 0.07901234567901234
2 0.44930555555555557 0.8827160493827161 0.08472222222222223 0.20987654320987653
3 0.41875 0.11975308641975309 0.10416666666666667 0.16049382716049382