0 0.5013888888888889 0.7432098765432099 0.09166666666666666 0.2222222222222222
0 0.17291666666666666 0.05555555555555555 0.09583333333333334 0.08148148148148149
0 0.10694444444444444 0.9703703703703703 0.08333333333333333 0.05925925925925926
1 0.4791666666666667 0.28271604938271605 0.058333333333333334 0.09135802469135802
1 0.40347222222222223 0.3308641975308642 0.0625 0.08888888888888889
1 0.04236111111111111 0.22469135802469137 0.07361111111111111 0.09382716049382717
1 0.8652777777777778 0.8012345679012346 0.04722222222222222 0.07160493827160494
1 0.8576388888888888 0.725925925925926 0.05416666666666667 0.08395061728395062
1 0.29444444444444445 0.08024691358024691 0.03888888888888889 0.056790123456790124
1 0.5694444444444444 0.27530864197530863 0.03888888888888889 0.06666666666666667
3 0.15416666666666667 0.782716049382716 0.14444444444444443 0.1925925925925926
3 0.8041666666666667 0.8802469135802469 0.12777777777777777 0.21975308641975308
3 0.6875 0.9506172839506173 0.08333333333333333 0.08888888888888889
1 0.34375 0.08148148148148149 0.03194444444444444 0.04938271604938271
1 0.3298611111111111 0.037037037037037035 0.03194444444444444 0.03950617283950617