0 0.7555555555555555 0.4691358024691358 0.06388888888888888 0.1728395061728395
1 0.14791666666666667 0.04691358024691358 0.1125 0.08888888888888889
1 0.15555555555555556 0.41728395061728396 0.08611111111111111 0.16296296296296298
1 0.7625 0.33209876543209876 0.07777777777777778 0.10617283950617284
2 0.10555555555555556 0.48148148148148145 0.08611111111111111 0.13333333333333333
3 0.6423611111111112 0.6493827160493827 0.08194444444444444 0.14320987654320988
3 0.6868055555555556 0.4123456790123457 0.0763888888888889 0.13333333333333333
3 0.8979166666666667 0.6160493827160494 0.11527777777777778 0.21481481481481482
3 0.5083333333333333 0.4345679012345679 0.125 0.16790123456790124
3 0.8611111111111112 0.3135802469135803 0.1 0.1580246913580247
3 0.5965277777777778 0.09135802469135802 0.12638888888888888 0.14814814814814814