1 0.6278645833333333 0.36712962962962964 0.052083333333333336 0.08611111111111111
1 0.36354166666666665 0.37060185185185185 0.0546875 0.09398148148148149
1 0.49140625 0.3627314814814815 0.04010416666666667 0.07361111111111111
1 0.7220052083333334 0.03796296296296296 0.04973958333333333 0.07407407407407407
1 0.8397135416666667 0.2983796296296296 0.053385416666666664 0.0875
1 0.8720052083333333 0.38680555555555557 0.05963541666666667 0.08472222222222223
1 0.9298177083333333 0.7976851851851852 0.06536458333333334 0.10833333333333334
1 0.5395833333333333 0.5104166666666666 0.04583333333333333 0.10046296296296296
1 0.8805989583333333 0.7347222222222223 0.05182291666666667 0.08611111111111111
3 0.8998697916666667 0.5856481481481481 0.06588541666666667 0.09074074074074075
3 0.5200520833333333 0.7206018518518519 0.042708333333333334 0.08935185185185185
3 0.9260416666666667 0.462037037037037 0.027604166666666666 0.06666666666666667