1 0.6247395833333333 0.4326388888888889 0.027604166666666666 0.04212962962962963
1 0.682421875 0.5185185185185185 0.03463541666666667 0.06296296296296296
1 0.41380208333333335 0.3025462962962963 0.03229166666666667 0.04861111111111111
1 0.39752604166666666 0.44814814814814813 0.06640625 0.09444444444444444
1 0.5546875 0.39699074074074076 0.0296875 0.04675925925925926
1 0.7170572916666667 0.31342592592592594 0.024739583333333332 0.04259259259259259
1 0.5032552083333334 0.38449074074074074 0.025260416666666667 0.04027777777777778
1 0.2760416666666667 0.24513888888888888 0.027604166666666666 0.043055555555555555
1 0.348046875 0.18726851851851853 0.02109375 0.033796296296296297
1 0.7139322916666667 0.4377314814814815 0.02109375 0.03194444444444444
1 0.3411458333333333 0.2462962962962963 0.022395833333333334 0.03148148148148148
1 0.5278645833333333 0.35671296296296295 0.018229166666666668 0.034722222222222224
1 0.022135416666666668 0.5576388888888889 0.04375 0.1449074074074074
1 0.24934895833333334 0.26851851851851855 0.028385416666666666 0.02962962962962963
3 0.04401041666666667 0.7076388888888889 0.08645833333333333 0.15324074074074073
3 0.4069010416666667 0.3613425925925926 0.05130208333333333 0.047685185185185185
3 0.7087239583333333 0.49583333333333335 0.04348958333333333 0.03981481481481482
3 0.753515625 0.5414351851851852 0.04348958333333333 0.04861111111111111
3 0.5033854166666667 0.5425925925925926 0.034895833333333334 0.04722222222222222
1 0.24544270833333334 0.2449074074074074 0.028385416666666666 0.02962962962962963
1 0.8494791666666667 0.5217592592592593 0.016145833333333335 0.026851851851851852
1 0.8549479166666667 0.49398148148148147 0.016145833333333335 0.026851851851851852
1 0.8419270833333333 0.46064814814814814 0.016145833333333335 0.026851851851851852
1 0.8919270833333334 0.47129629629629627 0.016145833333333335 0.026851851851851852
1 0.9502604166666667 0.4759259259259259 0.016145833333333335 0.026851851851851852
1 0.9765625 0.4981481481481482 0.016145833333333335 0.026851851851851852
1 0.9546875 0.42962962962962964 0.016145833333333335 0.026851851851851852
1 0.9453125 0.39444444444444443 0.016145833333333335 0.026851851851851852
1 0.7502604166666667 0.3425925925925926 0.016145833333333335 0.026851851851851852
1 0.65390625 0.22453703703703703 0.016145833333333335 0.026851851851851852
1 0.6239583333333333 0.21574074074074073 0.016145833333333335 0.026851851851851852
1 0.5903645833333333 0.22083333333333333 0.016145833333333335 0.026851851851851852
1 0.5606770833333333 0.23333333333333334 0.015104166666666667 0.023148148148148147
1 0.5302083333333333 0.26481481481481484 0.015104166666666667 0.023148148148148147
1 0.5088541666666667 0.2449074074074074 0.015104166666666667 0.023148148148148147
1 0.56328125 0.19212962962962962 0.015104166666666667 0.023148148148148147
1 0.5307291666666667 0.1865740740740741 0.015104166666666667 0.023148148148148147
1 0.6825520833333333 0.17685185185185184 0.015104166666666667 0.023148148148148147
1 0.6973958333333333 0.20092592592592592 0.015104166666666667 0.023148148148148147
1 0.76171875 0.24675925925925926 0.015104166666666667 0.023148148148148147
1 0.7606770833333333 0.2273148148148148 0.015104166666666667 0.023148148148148147