0 0.4736111111111111 0.5271604938271605 0.06666666666666667 0.21481481481481482
0 0.8159722222222222 0.12222222222222222 0.09027777777777778 0.17037037037037037
0 0.5854166666666667 0.7530864197530864 0.10694444444444444 0.18271604938271604
1 0.37222222222222223 0.145679012345679 0.23333333333333334 0.2814814814814815
1 0.8083333333333333 0.26666666666666666 0.10277777777777777 0.16790123456790124
1 0.38263888888888886 0.508641975308642 0.1125 0.20246913580246914
1 0.06111111111111111 0.8148148148148148 0.11944444444444445 0.1925925925925926
1 0.7576388888888889 0.12098765432098765 0.09583333333333334 0.15308641975308643
1 0.21458333333333332 0.817283950617284 0.1125 0.1580246913580247
3 0.9645833333333333 0.8074074074074075 0.07083333333333333 0.16296296296296298
3 0.5291666666666667 0.7617283950617284 0.08333333333333333 0.15555555555555556
3 0.40625 0.8740740740740741 0.11527777777777778 0.18765432098765433
3 0.9291666666666667 0.3160493827160494 0.12777777777777777 0.1580246913580247