1 0.39305555555555555 0.3271604938271605 0.06111111111111111 0.10617283950617284
1 0.24513888888888888 0.4469135802469136 0.059722222222222225 0.1037037037037037
1 0.46805555555555556 0.30246913580246915 0.058333333333333334 0.0962962962962963
1 0.12291666666666666 0.9148148148148149 0.09583333333333334 0.1506172839506173
1 0.28125 0.3 0.04583333333333333 0.08148148148148149
1 0.5069444444444444 0.37777777777777777 0.05 0.09876543209876543
1 0.4597222222222222 0.4111111111111111 0.05555555555555555 0.10123456790123457
1 0.1875 0.737037037037037 0.07777777777777778 0.10617283950617284
1 0.04513888888888889 0.6444444444444445 0.07361111111111111 0.09876543209876543
1 0.42986111111111114 0.5679012345679012 0.04861111111111111 0.08888888888888889
1 0.41388888888888886 0.2037037037037037 0.041666666666666664 0.07654320987654321
1 0.40208333333333335 0.6604938271604939 0.08194444444444444 0.14074074074074075
1 0.5326388888888889 0.04567901234567901 0.03194444444444444 0.05185185185185185
1 0.43194444444444446 0.09135802469135802 0.044444444444444446 0.05925925925925926
1 0.5729166666666666 0.33209876543209876 0.0375 0.07654320987654321
1 0.6041666666666666 0.13209876543209875 0.027777777777777776 0.056790123456790124
1 0.6076388888888888 0.24444444444444444 0.02638888888888889 0.05432098765432099
1 0.6111111111111112 0.32222222222222224 0.03888888888888889 0.06172839506172839