1 0.216015625 0.45046296296296295 0.05755208333333333 0.09166666666666666
1 0.6540364583333333 0.19652777777777777 0.04505208333333333 0.0763888888888889
1 0.36875 0.18171296296296297 0.05260416666666667 0.08842592592592592
1 0.19986979166666666 0.33935185185185185 0.04505208333333333 0.0712962962962963
1 0.8466145833333333 0.13217592592592592 0.0328125 0.056018518518518516
1 0.067578125 0.05185185185185185 0.06901041666666667 0.09444444444444444
1 0.976171875 0.07106481481481482 0.04505208333333333 0.07916666666666666
1 0.790625 0.10162037037037037 0.026041666666666668 0.04398148148148148
1 0.13606770833333334 0.052083333333333336 0.04088541666666667 0.06342592592592593
3 0.22994791666666667 0.5365740740740741 0.036458333333333336 0.07592592592592592
3 0.07174479166666667 0.4511574074074074 0.06848958333333334 0.1050925925925926
3 0.4610677083333333 0.13495370370370371 0.022135416666666668 0.033796296296296297
3 0.3009114583333333 0.3574074074074074 0.026822916666666665 0.06388888888888888
3 0.6595052083333334 0.4136574074074074 0.03463541666666667 0.0375
1 0.5473958333333333 0.052083333333333336 0.026041666666666668 0.04398148148148148
1 0.5981770833333333 0.4516203703703704 0.026041666666666668 0.04398148148148148
1 0.5828125 0.5326388888888889 0.026041666666666668 0.04398148148148148
1 0.25885416666666666 0.06273148148148149 0.03333333333333333 0.04212962962962963
1 0.2375 0.03819444444444445 0.03333333333333333 0.04212962962962963