1 0.9716145833333333 0.7972222222222223 0.05572916666666667 0.11481481481481481
1 0.5666666666666667 0.2851851851851852 0.040625 0.07407407407407407
1 0.5666666666666667 0.20925925925925926 0.04375 0.07962962962962963
1 0.9671875 0.9643518518518519 0.06458333333333334 0.06388888888888888
1 0.5515625 0.033796296296296297 0.05416666666666667 0.06759259259259259
3 0.18619791666666666 0.18888888888888888 0.09114583333333333 0.14444444444444443
3 0.6536458333333334 0.6106481481481482 0.06354166666666666 0.08611111111111111
3 0.5838541666666667 0.5388888888888889 0.06041666666666667 0.07407407407407407
3 0.7096354166666666 0.8685185185185185 0.12447916666666667 0.11481481481481481
3 0.19453125 0.7643518518518518 0.06302083333333333 0.10833333333333334
3 0.3229166666666667 0.7726851851851851 0.07916666666666666 0.14166666666666666
3 0.6361979166666667 0.5356481481481481 0.0640625 0.08981481481481482