0 0.6829427083333334 0.04699074074074074 0.08515625 0.0875
1 0.156640625 0.8641203703703704 0.08880208333333334 0.14027777777777778
1 0.3821614583333333 0.6886574074074074 0.08151041666666667 0.1550925925925926
1 0.042578125 0.919675925925926 0.08411458333333334 0.1486111111111111
1 0.63984375 0.4638888888888889 0.07291666666666667 0.10740740740740741
1 0.5751302083333333 0.16898148148148148 0.055989583333333336 0.08518518518518518
1 0.16106770833333334 0.5912037037037037 0.06640625 0.09259259259259259
1 0.4967447916666667 0.47476851851851853 0.07369791666666667 0.11064814814814815
3 0.15755208333333334 0.6592592592592592 0.0640625 0.07592592592592592
3 0.71171875 0.25046296296296294 0.07239583333333334 0.12129629629629629
3 0.44947916666666665 0.11666666666666667 0.036458333333333336 0.08425925925925926
3 0.07591145833333333 0.9652777777777778 0.07838541666666667 0.06296296296296296
3 0.6772135416666667 0.4960648148148148 0.040364583333333336 0.03935185185185185