1 0.28489583333333335 0.5831018518518518 0.033854166666666664 0.055092592592592596
1 0.2635416666666667 0.36226851851851855 0.03177083333333333 0.04861111111111111
1 0.4630208333333333 0.3087962962962963 0.0234375 0.041666666666666664
1 0.061848958333333336 0.7886574074074074 0.05130208333333333 0.06898148148148148
1 0.61953125 0.5550925925925926 0.022395833333333334 0.044444444444444446
1 0.61953125 0.4673611111111111 0.025 0.04583333333333333
1 0.3313802083333333 0.49675925925925923 0.028385416666666666 0.04351851851851852
1 0.5212239583333333 0.3747685185185185 0.027864583333333335 0.05324074074074074
1 0.7059895833333333 0.39375 0.022916666666666665 0.04490740740740741
1 0.22565104166666666 0.9706018518518519 0.03567708333333333 0.05324074074074074
1 0.6852864583333333 0.3662037037037037 0.02265625 0.03981481481481482
1 0.366796875 0.5120370370370371 0.03359375 0.049074074074074076
1 0.7944010416666667 0.4810185185185185 0.022135416666666668 0.04259259259259259
1 0.751171875 0.4875 0.020572916666666666 0.03796296296296296
1 0.6625 0.2912037037037037 0.0171875 0.02962962962962963
1 0.7466145833333333 0.3888888888888889 0.0171875 0.02962962962962963
1 0.7356770833333334 0.32175925925925924 0.0171875 0.02962962962962963
1 0.7721354166666666 0.3685185185185185 0.0171875 0.02962962962962963
1 0.7653645833333333 0.4203703703703704 0.0171875 0.02962962962962963
1 0.6497395833333334 0.48680555555555555 0.016666666666666666 0.02638888888888889
1 0.646875 0.25763888888888886 0.016666666666666666 0.02638888888888889
1 0.8182291666666667 0.4039351851851852 0.015625 0.02638888888888889
1 0.782421875 0.2965277777777778 0.01328125 0.022685185185185187
1 0.7540364583333333 0.24050925925925926 0.01328125 0.022685185185185187
1 0.7305989583333333 0.25069444444444444 0.01328125 0.022685185185185187
1 0.6891927083333333 0.24699074074074073 0.01328125 0.022685185185185187
1 0.6524739583333333 0.21736111111111112 0.01328125 0.022685185185185187