3 0.6778645833333333 0.9004629629629629 0.057291666666666664 0.04814814814814815
1 0.6606770833333333 0.4148148148148148 0.035416666666666666 0.05555555555555555
3 0.524609375 0.76875 0.032552083333333336 0.05324074074074074
3 0.6272135416666667 0.6881944444444444 0.04765625 0.09675925925925925
3 0.5221354166666666 0.6439814814814815 0.028645833333333332 0.07685185185185185
3 0.430859375 0.6131944444444445 0.04088541666666667 0.06805555555555555
3 0.018489583333333334 0.7557870370370371 0.0359375 0.07083333333333333
3 0.1984375 0.5506944444444445 0.05260416666666667 0.07268518518518519
3 0.25026041666666665 0.35694444444444445 0.04895833333333333 0.06666666666666667
3 0.5815104166666667 0.18726851851851853 0.030208333333333334 0.04490740740740741
3 0.4979166666666667 0.10324074074074074 0.03854166666666667 0.03333333333333333
0 0.9591145833333333 0.49421296296296297 0.03854166666666667 0.1125