0 0.8666666666666667 0.3172839506172839 0.07222222222222222 0.10123456790123457
0 0.7659722222222223 0.3567901234567901 0.059722222222222225 0.1111111111111111
1 0.04375 0.2382716049382716 0.08472222222222223 0.17037037037037037
1 0.5486111111111112 0.528395061728395 0.06111111111111111 0.1037037037037037
1 0.25833333333333336 0.4567901234567901 0.06666666666666667 0.1037037037037037
3 0.4513888888888889 0.5493827160493827 0.05555555555555555 0.08148148148148149
1 0.16319444444444445 0.7098765432098766 0.0375 0.0962962962962963
1 0.15763888888888888 0.6160493827160494 0.0375 0.0962962962962963
1 0.15069444444444444 0.5469135802469136 0.0375 0.0962962962962963
1 0.2375 0.2691358024691358 0.041666666666666664 0.06419753086419754
1 0.17083333333333334 0.2740740740740741 0.041666666666666664 0.06419753086419754