0 0.6659722222222222 0.6567901234567901 0.09861111111111111 0.13333333333333333
0 0.9270833333333334 0.5518518518518518 0.0875 0.15555555555555556
0 0.21805555555555556 0.8567901234567902 0.08055555555555556 0.17777777777777778
1 0.043055555555555555 0.4641975308641975 0.08333333333333333 0.18765432098765433
1 0.4486111111111111 0.06296296296296296 0.06111111111111111 0.10617283950617284
1 0.17152777777777778 0.06790123456790123 0.05694444444444444 0.08641975308641975
1 0.4534722222222222 0.20864197530864198 0.05416666666666667 0.10617283950617284
1 0.22361111111111112 0.6839506172839506 0.08611111111111111 0.1580246913580247
1 0.4027777777777778 0.11851851851851852 0.058333333333333334 0.1037037037037037
1 0.09375 0.7222222222222222 0.12083333333333333 0.20493827160493827
1 0.5041666666666667 0.2617283950617284 0.041666666666666664 0.07407407407407407
1 0.07569444444444444 0.0654320987654321 0.0763888888888889 0.11604938271604938
1 0.37777777777777777 0.5074074074074074 0.06388888888888888 0.1259259259259259
1 0.11041666666666666 0.34444444444444444 0.06805555555555555 0.1111111111111111
1 0.10208333333333333 0.15679012345679014 0.06527777777777778 0.1111111111111111
1 0.019444444444444445 0.05308641975308642 0.03611111111111111 0.10123456790123457
0 0.8458333333333333 0.43950617283950616 0.075 0.1728395061728395