1 0.4826388888888889 0.5024691358024691 0.05416666666666667 0.10123456790123457
1 0.2965277777777778 0.9148148148148149 0.10138888888888889 0.17037037037037037
1 0.35694444444444445 0.5864197530864198 0.075 0.15555555555555556
1 0.20555555555555555 0.24938271604938272 0.07222222222222222 0.1382716049382716
1 0.40902777777777777 0.5209876543209877 0.05416666666666667 0.11358024691358025
1 0.19652777777777777 0.6728395061728395 0.09861111111111111 0.17530864197530865
1 0.41458333333333336 0.20987654320987653 0.04861111111111111 0.08888888888888889
1 0.4270833333333333 0.7987654320987654 0.06527777777777778 0.13580246913580246
1 0.36944444444444446 0.25555555555555554 0.05277777777777778 0.10617283950617284
1 0.41458333333333336 0.9506172839506173 0.08194444444444444 0.09382716049382717
1 0.14791666666666667 0.10617283950617284 0.06805555555555555 0.10864197530864197
1 0.3333333333333333 0.09259259259259259 0.03888888888888889 0.06666666666666667