0 0.49444444444444446 0.9308641975308642 0.10833333333333334 0.1382716049382716
1 0.3277777777777778 0.4703703703703704 0.19722222222222222 0.2740740740740741
1 0.9368055555555556 0.35185185185185186 0.12916666666666668 0.32839506172839505
1 0.13819444444444445 0.8407407407407408 0.27361111111111114 0.3234567901234568
1 0.5965277777777778 0.1419753086419753 0.14583333333333334 0.21975308641975308
1 0.9416666666666667 0.6469135802469136 0.11944444444444445 0.4049382716049383
1 0.24097222222222223 0.05185185185185185 0.09027777777777778 0.09876543209876543
2 0.7256944444444444 0.2716049382716049 0.1736111111111111 0.23209876543209876
2 0.49236111111111114 0.5271604938271605 0.1875 0.254320987654321
2 0.6868055555555556 0.8049382716049382 0.3458333333333333 0.3802469135802469
2 0.7972222222222223 0.5679012345679012 0.2638888888888889 0.34074074074074073
2 0.31319444444444444 0.737037037037037 0.2013888888888889 0.3333333333333333
2 0.08472222222222223 0.408641975308642 0.16666666666666666 0.2
2 0.5354166666666667 0.3308641975308642 0.1597222222222222 0.18765432098765433
2 0.15208333333333332 0.6765432098765433 0.24583333333333332 0.26666666666666666
2 0.8444444444444444 0.1617283950617284 0.18888888888888888 0.23950617283950618
2 0.37569444444444444 0.3271604938271605 0.12638888888888888 0.1506172839506173
2 0.9819444444444444 0.15925925925925927 0.03888888888888889 0.15555555555555556
2 0.1423611111111111 0.19382716049382717 0.12361111111111112 0.1259259259259259
2 0.42291666666666666 0.9629629629629629 0.09583333333333334 0.07901234567901234