1 0.3234375 0.3025462962962963 0.049479166666666664 0.0837962962962963
1 0.7403645833333333 0.7342592592592593 0.04375 0.06944444444444445
1 0.6736979166666667 0.6891203703703703 0.04114583333333333 0.06157407407407407
1 0.27708333333333335 0.45393518518518516 0.05364583333333333 0.08564814814814815
1 0.29010416666666666 0.05810185185185185 0.044270833333333336 0.07268518518518519
1 0.4234375 0.06342592592592593 0.042708333333333334 0.07962962962962963
1 0.78828125 0.7238425925925925 0.041666666666666664 0.06712962962962964
1 0.858984375 0.7229166666666667 0.04140625 0.06157407407407407
1 0.9243489583333333 0.8217592592592593 0.054427083333333334 0.0824074074074074
3 0.501171875 0.8138888888888889 0.06484375 0.08425925925925926
3 0.18984375 0.8636574074074074 0.08802083333333334 0.09027777777777778
3 0.596484375 0.8541666666666666 0.05859375 0.06296296296296296