0 0.6263888888888889 0.5987654320987654 0.10833333333333334 0.0962962962962963
0 0.4861111111111111 0.7666666666666667 0.08888888888888889 0.1111111111111111
0 0.9708333333333333 0.8111111111111111 0.06111111111111111 0.15555555555555556
0 0.7659722222222223 0.5481481481481482 0.05138888888888889 0.10864197530864197
0 0.9486111111111111 0.3308641975308642 0.10277777777777777 0.12345679012345678
0 0.8673611111111111 0.408641975308642 0.0763888888888889 0.09135802469135802
0 0.6888888888888889 0.5555555555555556 0.08055555555555556 0.0691358024691358
0 0.9069444444444444 0.7111111111111111 0.1361111111111111 0.1037037037037037
1 0.8166666666666667 0.37777777777777777 0.08055555555555556 0.13333333333333333
1 0.27569444444444446 0.9419753086419753 0.08472222222222223 0.10617283950617284
3 0.30416666666666664 0.4012345679012346 0.075 0.0962962962962963
3 0.05 0.9395061728395062 0.09722222222222222 0.12098765432098765
3 0.9270833333333334 0.19012345679012346 0.06527777777777778 0.09876543209876543