0 0.5451388888888888 0.6370370370370371 0.05694444444444444 0.19753086419753085
0 0.7041666666666667 0.2975308641975309 0.16666666666666666 0.1506172839506173
0 0.5631944444444444 0.3160493827160494 0.11527777777777778 0.11358024691358025
0 0.7361111111111112 0.050617283950617285 0.075 0.0962962962962963
1 0.6277777777777778 0.8765432098765432 0.1 0.17777777777777778
1 0.08055555555555556 0.8617283950617284 0.075 0.12345679012345678
1 0.48541666666666666 0.9382716049382716 0.08472222222222223 0.11851851851851852
1 0.05347222222222222 0.7160493827160493 0.07916666666666666 0.11851851851851852
1 0.8631944444444445 0.7975308641975308 0.14583333333333334 0.24691358024691357
1 0.48541666666666666 0.39012345679012345 0.04861111111111111 0.08395061728395062
1 0.4423611111111111 0.571604938271605 0.0763888888888889 0.1259259259259259
1 0.5444444444444444 0.8148148148148148 0.06111111111111111 0.14814814814814814
1 0.3576388888888889 0.5382716049382716 0.059722222222222225 0.1037037037037037
1 0.20625 0.6938271604938272 0.059722222222222225 0.09382716049382717
1 0.3736111111111111 0.3493827160493827 0.041666666666666664 0.12098765432098765
1 0.5472222222222223 0.9469135802469136 0.07777777777777778 0.10617283950617284
1 0.17430555555555555 0.4419753086419753 0.0625 0.09876543209876543
1 0.3840277777777778 0.10864197530864197 0.04861111111111111 0.09382716049382717
3 0.5020833333333333 0.5604938271604938 0.07083333333333333 0.14320987654320988
3 0.5402777777777777 0.4691358024691358 0.06388888888888888 0.12345679012345678
1 0.4791666666666667 0.808641975308642 0.06666666666666667 0.11604938271604938