1 0.22604166666666667 0.9087962962962963 0.08541666666666667 0.14722222222222223
1 0.6161458333333333 0.862037037037037 0.08333333333333333 0.13518518518518519
1 0.5067708333333333 0.8606481481481482 0.084375 0.1398148148148148
1 0.27239583333333334 0.1925925925925926 0.051041666666666666 0.07962962962962963
1 0.05182291666666667 0.9435185185185185 0.0953125 0.10925925925925926
1 0.5174479166666667 0.6995370370370371 0.06510416666666667 0.10833333333333334
1 0.43463541666666666 0.1597222222222222 0.0578125 0.09351851851851851
1 0.94375 0.2773148148148148 0.075 0.10648148148148148
1 0.7705729166666667 0.36018518518518516 0.0640625 0.09814814814814815
3 0.47239583333333335 0.39444444444444443 0.06666666666666667 0.08518518518518518
3 0.4153645833333333 0.3490740740740741 0.06302083333333333 0.07962962962962963