0 0.4010416666666667 0.2361111111111111 0.057291666666666664 0.14814814814814814
0 0.334375 0.05648148148148148 0.090625 0.09814814814814815
1 0.5377604166666666 0.43194444444444446 0.043229166666666666 0.06574074074074074
1 0.8986979166666667 0.4675925925925926 0.06302083333333333 0.08703703703703704
1 0.7713541666666667 0.3587962962962963 0.03958333333333333 0.06018518518518518
1 0.8973958333333333 0.3365740740740741 0.051041666666666666 0.06944444444444445
1 0.8932291666666666 0.19074074074074074 0.0375 0.05740740740740741
1 0.5153645833333333 0.19444444444444445 0.04635416666666667 0.08888888888888889
1 0.8541666666666666 0.16435185185185186 0.03854166666666667 0.06018518518518518
1 0.4973958333333333 0.022685185185185187 0.0375 0.04351851851851852
1 0.86796875 0.14305555555555555 0.04739583333333333 0.06944444444444445
1 0.7234375 0.1087962962962963 0.03125 0.05092592592592592
1 0.14375 0.12129629629629629 0.036458333333333336 0.05185185185185185
1 0.8752604166666667 0.13287037037037036 0.033854166666666664 0.049074074074074076
3 0.20651041666666667 0.4652777777777778 0.08385416666666666 0.12129629629629629
3 0.8580729166666666 0.9412037037037037 0.0859375 0.1175925925925926
3 0.24609375 0.07777777777777778 0.059895833333333336 0.06851851851851852
3 0.09557291666666666 0.16574074074074074 0.06822916666666666 0.07777777777777778
3 0.11875 0.10185185185185185 0.08333333333333333 0.08518518518518518
3 0.6546875 0.5388888888888889 0.051041666666666666 0.06851851851851852
3 0.7526041666666666 0.23564814814814813 0.042708333333333334 0.05092592592592592
1 0.7015625 0.09768518518518518 0.03125 0.05092592592592592