1 0.53984375 0.8236111111111111 0.0484375 0.07685185185185185
1 0.4609375 0.8291666666666667 0.0375 0.05462962962962963
1 0.9838541666666667 0.9629629629629629 0.03125 0.06851851851851852
3 0.6369791666666667 0.8291666666666667 0.051041666666666666 0.0824074074074074
3 0.5713541666666667 0.9583333333333334 0.0625 0.07407407407407407
3 0.7338541666666667 0.9351851851851852 0.06770833333333333 0.11666666666666667
3 0.6916666666666667 0.7402777777777778 0.06354166666666666 0.08055555555555556
3 0.8861979166666667 0.7138888888888889 0.0703125 0.06666666666666667
3 0.47161458333333334 0.9648148148148148 0.04739583333333333 0.046296296296296294
3 0.6028645833333334 0.825 0.043229166666666666 0.06666666666666667
3 0.8544270833333333 0.7962962962962963 0.05364583333333333 0.06851851851851852
3 0.62890625 0.7578703703703704 0.0328125 0.03981481481481482