0 0.375 0.6395061728395062 0.06111111111111111 0.1925925925925926
0 0.7972222222222223 0.2975308641975309 0.23055555555555557 0.19506172839506172
0 0.6055555555555555 0.6444444444444445 0.14722222222222223 0.3654320987654321
0 0.17916666666666667 0.7209876543209877 0.06388888888888888 0.18765432098765433
0 0.46041666666666664 0.5444444444444444 0.12916666666666668 0.2
0 0.6243055555555556 0.12345679012345678 0.2986111111111111 0.18271604938271604
0 0.3173611111111111 0.12222222222222222 0.07916666666666666 0.12098765432098765
0 0.2534722222222222 0.7481481481481481 0.05416666666666667 0.18271604938271604
0 0.475 0.27901234567901234 0.11944444444444445 0.2074074074074074
0 0.50625 0.47160493827160493 0.15138888888888888 0.16790123456790124
0 0.3590277777777778 0.5135802469135803 0.13472222222222222 0.18271604938271604
0 0.3861111111111111 0.32098765432098764 0.08888888888888889 0.2222222222222222
0 0.5583333333333333 0.04814814814814815 0.07222222222222222 0.09135802469135802
0 0.4798611111111111 0.1259259259259259 0.12083333333333333 0.14320987654320988
0 0.3923611111111111 0.9024691358024691 0.13194444444444445 0.1506172839506173
1 0.5069444444444444 0.37777777777777777 0.10277777777777777 0.16296296296296298
1 0.7298611111111111 0.7617283950617284 0.17083333333333334 0.24444444444444444
1 0.5590277777777778 0.6407407407407407 0.10694444444444444 0.20493827160493827
1 0.6208333333333333 0.4419753086419753 0.11666666666666667 0.18271604938271604
1 0.4875 0.050617283950617285 0.10555555555555556 0.0962962962962963
1 0.6055555555555555 0.8753086419753087 0.13333333333333333 0.23950617283950618
1 0.4826388888888889 0.8320987654320988 0.14027777777777778 0.25679012345679014
1 0.6701388888888888 0.05555555555555555 0.0875 0.10617283950617284
1 0.70625 0.5777777777777777 0.11805555555555555 0.24691358024691357
1 0.42916666666666664 0.9580246913580247 0.10833333333333334 0.07901234567901234
1 0.5701388888888889 0.20987654320987653 0.09861111111111111 0.1382716049382716
2 0.6930555555555555 0.9395061728395062 0.1388888888888889 0.11604938271604938
2 0.75 0.044444444444444446 0.125 0.08395061728395062
2 0.6819444444444445 0.2641975308641975 0.1388888888888889 0.17777777777777778
2 0.7215277777777778 0.4271604938271605 0.08472222222222223 0.11358024691358025
3 0.3576388888888889 0.2506172839506173 0.0763888888888889 0.145679012345679
0 0.33055555555555555 0.8407407407407408 0.1527777777777778 0.21975308641975308
0 0.27291666666666664 0.9604938271604938 0.12638888888888888 0.08395061728395062
1 0.53125 0.9703703703703703 0.09305555555555556 0.06419753086419754
0 0.5909722222222222 0.29012345679012347 0.09583333333333334 0.18024691358024691