0 0.17847222222222223 0.6703703703703704 0.14583333333333334 0.22469135802469137
1 0.5638888888888889 0.6111111111111112 0.09166666666666666 0.19012345679012346
1 0.3347222222222222 0.7753086419753087 0.11944444444444445 0.18765432098765433
1 0.7638888888888888 0.48148148148148145 0.12222222222222222 0.18765432098765433
1 0.2013888888888889 0.4345679012345679 0.17777777777777778 0.2716049382716049
1 0.17222222222222222 0.14938271604938272 0.10555555555555556 0.1259259259259259
1 0.6604166666666667 0.35185185185185186 0.11805555555555555 0.20987654320987653
1 0.46458333333333335 0.3987654320987654 0.14027777777777778 0.24444444444444444
3 0.34444444444444444 0.5407407407407407 0.10555555555555556 0.16790123456790124
3 0.9541666666666667 0.1419753086419753 0.08888888888888889 0.18024691358024691
3 0.6277777777777778 0.0728395061728395 0.10833333333333334 0.14074074074074075
3 0.43819444444444444 0.8617283950617284 0.07916666666666666 0.14814814814814814
3 0.9645833333333333 0.3358024691358025 0.07083333333333333 0.2271604938271605
3 0.8763888888888889 0.3925925925925926 0.06666666666666667 0.11851851851851852