0 0.69375 0.5740740740740741 0.0763888888888889 0.08148148148148149
1 0.3854166666666667 0.3037037037037037 0.05138888888888889 0.08888888888888889
1 0.5763888888888888 0.528395061728395 0.05277777777777778 0.09382716049382717
1 0.41875 0.7419753086419754 0.05694444444444444 0.10123456790123457
1 0.7118055555555556 0.3432098765432099 0.05138888888888889 0.09382716049382717
1 0.7472222222222222 0.21481481481481482 0.04722222222222222 0.08395061728395062
1 0.8006944444444445 0.22098765432098766 0.05138888888888889 0.08641975308641975
1 0.6368055555555555 0.4580246913580247 0.05416666666666667 0.0962962962962963
1 0.18819444444444444 0.808641975308642 0.05694444444444444 0.0962962962962963
1 0.34444444444444444 0.9395061728395062 0.05555555555555555 0.09135802469135802
1 0.5486111111111112 0.4160493827160494 0.06388888888888888 0.1111111111111111
1 0.18472222222222223 0.18888888888888888 0.041666666666666664 0.07654320987654321
1 0.09305555555555556 0.3987654320987654 0.03611111111111111 0.056790123456790124
1 0.26805555555555555 0.8691358024691358 0.05277777777777778 0.07901234567901234
1 0.13541666666666666 0.3358024691358025 0.04583333333333333 0.05925925925925926
1 0.020833333333333332 0.3987654320987654 0.041666666666666664 0.06666666666666667
1 0.4826388888888889 0.6753086419753086 0.05416666666666667 0.10617283950617284
1 0.9027777777777778 0.1765432098765432 0.041666666666666664 0.06172839506172839
3 0.6229166666666667 0.8506172839506173 0.06805555555555555 0.09135802469135802
3 0.08680555555555555 0.7074074074074074 0.059722222222222225 0.08148148148148149
3 0.03680555555555556 0.9592592592592593 0.07083333333333333 0.08148148148148149
3 0.68125 0.40617283950617283 0.05138888888888889 0.08148148148148149
3 0.30416666666666664 0.8567901234567902 0.058333333333333334 0.08395061728395062