1 0.06354166666666666 0.8064814814814815 0.078125 0.10185185185185185
1 0.06770833333333333 0.6564814814814814 0.035416666666666666 0.053703703703703705
1 0.27291666666666664 0.6064814814814815 0.029166666666666667 0.046296296296296294
1 0.6203125 0.6101851851851852 0.028125 0.046296296296296294
1 0.9838541666666667 0.8087962962962963 0.03229166666666667 0.07314814814814814
1 0.3377604166666667 0.5930555555555556 0.0234375 0.041666666666666664
1 0.3111979166666667 0.6101851851851852 0.0203125 0.03888888888888889
1 0.19947916666666668 0.5421296296296296 0.028125 0.041666666666666664
3 0.46015625 0.961574074074074 0.0734375 0.0712962962962963
3 0.40234375 0.8574074074074074 0.0609375 0.05740740740740741
3 0.37057291666666664 0.7787037037037037 0.0640625 0.05740740740740741
1 0.79375 0.6370370370370371 0.028125 0.046296296296296294
1 0.8026041666666667 0.5694444444444444 0.028125 0.046296296296296294
1 0.521875 0.5810185185185185 0.021875 0.041666666666666664
1 0.10833333333333334 0.38055555555555554 0.028125 0.046296296296296294
1 0.1171875 0.4083333333333333 0.028125 0.046296296296296294
1 0.253125 0.49074074074074076 0.028125 0.046296296296296294
1 0.44895833333333335 0.5217592592592593 0.021875 0.041666666666666664
1 0.396875 0.5023148148148148 0.021875 0.041666666666666664
1 0.19895833333333332 0.4449074074074074 0.021875 0.041666666666666664
1 0.20989583333333334 0.4393518518518518 0.021875 0.041666666666666664
1 0.44583333333333336 0.6597222222222222 0.021875 0.041666666666666664