0 0.8190104166666666 0.4166666666666667 0.05260416666666667 0.11296296296296296
1 0.35065104166666666 0.12638888888888888 0.09869791666666666 0.14537037037037037
1 0.5346354166666667 0.26296296296296295 0.06510416666666667 0.14814814814814814
1 0.7532552083333334 0.1476851851851852 0.03307291666666667 0.05277777777777778
1 0.14348958333333334 0.05578703703703704 0.16197916666666667 0.10787037037037037
1 0.6825520833333333 0.2641203703703704 0.05260416666666667 0.07546296296296297
3 0.630859375 0.5900462962962963 0.046614583333333334 0.04675925925925926
3 0.8515625 0.2900462962962963 0.049479166666666664 0.043055555555555555
3 0.6333333333333333 0.36180555555555555 0.049479166666666664 0.06342592592592593
3 0.5686197916666667 0.15763888888888888 0.03359375 0.0375
3 0.264453125 0.04027777777777778 0.07786458333333333 0.06111111111111111