0 0.825 0.40370370370370373 0.09722222222222222 0.11604938271604938
0 0.7763888888888889 0.9358024691358025 0.08055555555555556 0.12345679012345678
1 0.6284722222222222 0.9148148148148149 0.08194444444444444 0.13580246913580246
1 0.19444444444444445 0.7481481481481481 0.11666666666666667 0.16790123456790124
1 0.5416666666666666 0.5802469135802469 0.12777777777777777 0.21728395061728395
1 0.7361111111111112 0.18271604938271604 0.13055555555555556 0.2074074074074074
3 0.8701388888888889 0.9444444444444444 0.10694444444444444 0.1111111111111111
3 0.8256944444444444 0.6703703703703704 0.05138888888888889 0.08148148148148149
3 0.44722222222222224 0.9419753086419753 0.06388888888888888 0.1111111111111111
3 0.5055555555555555 0.8925925925925926 0.058333333333333334 0.10617283950617284
3 0.9055555555555556 0.6271604938271605 0.075 0.11851851851851852