3 0.744140625 0.6844907407407408 0.06588541666666667 0.08287037037037037
3 0.29635416666666664 0.8458333333333333 0.0671875 0.07407407407407407
1 0.06705729166666667 0.8831018518518519 0.062239583333333334 0.0875
1 0.7725260416666667 0.7381944444444445 0.06953125 0.1050925925925926
1 0.7553385416666667 0.5752314814814815 0.06536458333333334 0.0763888888888889
1 0.21510416666666668 0.5962962962962963 0.049479166666666664 0.075
1 0.5559895833333334 0.6486111111111111 0.042708333333333334 0.05462962962962963
1 0.6657552083333333 0.7398148148148148 0.06171875 0.07407407407407407
1 0.5611979166666666 0.7347222222222223 0.04114583333333333 0.06666666666666667
1 0.507421875 0.8043981481481481 0.054947916666666666 0.08287037037037037
1 0.5126302083333333 0.9488425925925926 0.05911458333333333 0.09861111111111111
1 0.25364583333333335 0.32592592592592595 0.049479166666666664 0.075