1 0.41744791666666664 0.5953703703703703 0.020833333333333332 0.03796296296296296
1 0.144921875 0.6099537037037037 0.025260416666666667 0.047685185185185185
1 0.36770833333333336 0.4840277777777778 0.021875 0.0412037037037037
1 0.3416666666666667 0.5715277777777777 0.021875 0.038425925925925926
1 0.33294270833333334 0.4756944444444444 0.018489583333333334 0.034722222222222224
1 0.24166666666666667 0.7430555555555556 0.025 0.03981481481481482
1 0.475 0.537962962962963 0.022395833333333334 0.03981481481481482
1 0.2625 0.38333333333333336 0.0203125 0.03981481481481482
1 0.239453125 0.5875 0.020572916666666666 0.03888888888888889
1 0.513671875 0.5168981481481482 0.02109375 0.03287037037037037
1 0.23190104166666667 0.5592592592592592 0.020052083333333335 0.03518518518518519
1 0.6059895833333333 0.51875 0.018229166666666668 0.031018518518518518
1 0.20130208333333333 0.4511574074074074 0.021354166666666667 0.03657407407407407
1 0.6654947916666667 0.41574074074074074 0.01953125 0.03518518518518519
1 0.6412760416666666 0.51875 0.018489583333333334 0.03009259259259259
1 0.32122395833333334 0.5567129629629629 0.020572916666666666 0.04490740740740741
1 0.09739583333333333 0.6104166666666667 0.0359375 0.06620370370370371
1 0.52734375 0.4685185185185185 0.018229166666666668 0.03796296296296296
1 0.33125 0.6361111111111111 0.0234375 0.03796296296296296
1 0.54609375 0.6210648148148148 0.022395833333333334 0.04027777777777778
1 0.41940104166666664 0.5226851851851851 0.016927083333333332 0.027777777777777776
3 0.14765625 0.8666666666666667 0.03125 0.044444444444444446
3 0.4002604166666667 0.6541666666666667 0.01875 0.03425925925925926
3 0.06927083333333334 0.9511574074074074 0.0609375 0.07824074074074074
3 0.39921875 0.6671296296296296 0.025520833333333333 0.040740740740740744
3 0.3313802083333333 0.6358796296296296 0.023697916666666666 0.038425925925925926
1 0.3385416666666667 0.5074074074074074 0.0140625 0.025925925925925925
1 0.371484375 0.33101851851851855 0.016927083333333332 0.027777777777777776
1 0.494140625 0.32175925925925924 0.016927083333333332 0.027777777777777776
1 0.54453125 0.39282407407407405 0.011979166666666667 0.020833333333333332
1 0.56328125 0.4201388888888889 0.011979166666666667 0.020833333333333332
1 0.5661458333333333 0.40717592592592594 0.011979166666666667 0.020833333333333332
1 0.47682291666666665 0.3594907407407407 0.011979166666666667 0.020833333333333332
1 0.4114583333333333 0.3210648148148148 0.011979166666666667 0.020833333333333332
1 0.3971354166666667 0.3525462962962963 0.011979166666666667 0.020833333333333332
1 0.38177083333333334 0.3548611111111111 0.011979166666666667 0.020833333333333332
1 0.39348958333333334 0.4321759259259259 0.011979166666666667 0.020833333333333332
1 0.30963541666666666 0.40347222222222223 0.011979166666666667 0.020833333333333332
1 0.30416666666666664 0.30949074074074073 0.011979166666666667 0.020833333333333332
1 0.3455729166666667 0.5164351851851852 0.011979166666666667 0.020833333333333332
1 0.6381510416666667 0.4375 0.012239583333333333 0.021296296296296296
1 0.6334635416666666 0.41435185185185186 0.012239583333333333 0.021296296296296296
1 0.577734375 0.38287037037037036 0.012239583333333333 0.021296296296296296
1 0.609765625 0.4949074074074074 0.012239583333333333 0.021296296296296296
1 0.6368489583333333 0.5587962962962963 0.012239583333333333 0.021296296296296296
1 0.6826822916666667 0.5328703703703703 0.012239583333333333 0.021296296296296296
1 0.7009114583333333 0.3731481481481482 0.012239583333333333 0.021296296296296296
1 0.667578125 0.3648148148148148 0.012239583333333333 0.021296296296296296
1 0.8397135416666667 0.42314814814814816 0.012239583333333333 0.021296296296296296
1 0.8141927083333333 0.39537037037037037 0.012239583333333333 0.021296296296296296
1 0.8438802083333333 0.3731481481481482 0.012239583333333333 0.021296296296296296
1 0.8626302083333334 0.36157407407407405 0.012239583333333333 0.021296296296296296
1 0.8837239583333333 0.3314814814814815 0.012239583333333333 0.021296296296296296
1 0.9076822916666667 0.31203703703703706 0.012239583333333333 0.021296296296296296
1 0.687890625 0.5564814814814815 0.012239583333333333 0.021296296296296296
1 0.8274739583333334 0.5189814814814815 0.012239583333333333 0.021296296296296296
3 0.7015625 0.586574074074074 0.018229166666666668 0.023148148148148147