1 0.03997395833333333 0.3108796296296296 0.054947916666666666 0.0837962962962963
1 0.40677083333333336 0.28078703703703706 0.040625 0.0699074074074074
1 0.82578125 0.22361111111111112 0.042708333333333334 0.06296296296296296
1 0.67578125 0.1337962962962963 0.034895833333333334 0.06111111111111111
1 0.81875 0.15092592592592594 0.026041666666666668 0.04537037037037037
1 0.57109375 0.19837962962962963 0.027604166666666666 0.04953703703703704
1 0.7213541666666666 0.13564814814814816 0.03177083333333333 0.049074074074074076
1 0.7438802083333333 0.21550925925925926 0.038802083333333334 0.06712962962962964
1 0.3888020833333333 0.6576388888888889 0.04739583333333333 0.06712962962962964
1 0.39739583333333334 0.10162037037037037 0.026041666666666668 0.04490740740740741
1 0.7016927083333333 0.23587962962962963 0.025260416666666667 0.04398148148148148
1 0.5287760416666667 0.17800925925925926 0.02265625 0.03935185185185185
3 0.8829427083333333 0.43287037037037035 0.12161458333333333 0.14166666666666666
3 0.09127604166666667 0.6738425925925926 0.04244791666666667 0.09305555555555556
3 0.22278645833333333 0.25254629629629627 0.023697916666666666 0.033796296296296297
3 0.2786458333333333 0.6710648148148148 0.0796875 0.08472222222222223
3 0.7470052083333333 0.15046296296296297 0.02734375 0.03148148148148148
3 0.36627604166666666 0.4722222222222222 0.03359375 0.032407407407407406
1 0.6506510416666667 0.5625 0.01640625 0.032407407407407406
1 0.10325520833333333 0.5335648148148148 0.054947916666666666 0.0837962962962963
1 0.283984375 0.06666666666666667 0.02265625 0.03425925925925926
1 0.34283854166666666 0.1597222222222222 0.02265625 0.03425925925925926
1 0.46783854166666666 0.09606481481481481 0.021614583333333333 0.03287037037037037
1 0.6640625 0.10555555555555556 0.020833333333333332 0.027777777777777776
1 0.6223958333333334 0.12962962962962962 0.020833333333333332 0.027777777777777776
1 0.53125 0.07361111111111111 0.020833333333333332 0.027777777777777776
1 0.61875 0.050462962962962966 0.020833333333333332 0.027777777777777776
0 0.7782552083333333 0.23194444444444445 0.025260416666666667 0.05092592592592592
1 0.8901041666666667 0.1425925925925926 0.023958333333333335 0.028703703703703703