1 0.4328125 0.14791666666666667 0.08125 0.12638888888888888
1 0.32252604166666665 0.4148148148148148 0.13046875 0.18703703703703703
1 0.715625 0.1650462962962963 0.058854166666666666 0.08009259259259259
1 0.12994791666666666 0.9150462962962963 0.13541666666666666 0.15787037037037038
1 0.5307291666666667 0.09236111111111112 0.05416666666666667 0.09490740740740741
1 0.55078125 0.43333333333333335 0.06197916666666667 0.10648148148148148
1 0.4490885416666667 0.07337962962962963 0.04140625 0.055092592592592596
1 0.9486979166666667 0.2569444444444444 0.04010416666666667 0.05925925925925926
1 0.029166666666666667 0.1261574074074074 0.057291666666666664 0.13935185185185187
1 0.7328125 0.34282407407407406 0.0453125 0.08194444444444444
1 0.8126302083333333 0.3460648148148148 0.04401041666666667 0.07268518518518519
1 0.13177083333333334 0.2298611111111111 0.0734375 0.09212962962962963
1 0.16263020833333333 0.1423611111111111 0.07473958333333333 0.09490740740740741
3 0.765234375 0.26851851851851855 0.055989583333333336 0.06388888888888888
3 0.693359375 0.24259259259259258 0.028385416666666666 0.05555555555555555
3 0.29661458333333335 0.1787037037037037 0.0546875 0.049074074074074076
3 0.24752604166666667 0.2199074074074074 0.07161458333333333 0.07777777777777778
3 0.6743489583333333 0.32893518518518516 0.026302083333333334 0.038425925925925926
3 0.27122395833333335 0.10810185185185185 0.054947916666666666 0.038425925925925926
3 0.63359375 0.12476851851851851 0.028125 0.03657407407407407
1 0.11223958333333334 0.06597222222222222 0.021875 0.02824074074074074
1 0.15625 0.0525462962962963 0.021875 0.02824074074074074
1 0.17473958333333334 0.07060185185185185 0.021875 0.02824074074074074
1 0.32526041666666666 0.03634259259259259 0.021875 0.02824074074074074
1 0.3458333333333333 0.02337962962962963 0.021875 0.02824074074074074
1 0.36796875 0.02476851851851852 0.021875 0.02824074074074074
1 0.36302083333333335 0.035416666666666666 0.021875 0.02824074074074074
1 0.580078125 0.04652777777777778 0.029947916666666668 0.04490740740740741
1 0.543359375 0.02847222222222222 0.029947916666666668 0.04490740740740741
1 0.6670572916666667 0.06875 0.029947916666666668 0.04490740740740741
1 0.7772135416666667 0.07523148148148148 0.018489583333333334 0.034722222222222224
3 0.6674479166666667 0.1287037037037037 0.0234375 0.030555555555555555
3 0.7036458333333333 0.2847222222222222 0.0234375 0.030555555555555555
1 0.811328125 0.04421296296296296 0.018489583333333334 0.034722222222222224
1 0.857421875 0.05763888888888889 0.018489583333333334 0.034722222222222224
1 0.9110677083333333 0.0525462962962963 0.018489583333333334 0.034722222222222224
1 0.9897135416666667 0.19305555555555556 0.020052083333333335 0.04722222222222222