1 0.14869791666666668 0.10231481481481482 0.10677083333333333 0.12314814814814815
1 0.30755208333333334 0.549537037037037 0.0921875 0.13055555555555556
1 0.15078125 0.8560185185185185 0.0921875 0.11018518518518519
1 0.63203125 0.6416666666666667 0.11614583333333334 0.14629629629629629
1 0.5239583333333333 0.10462962962962963 0.06145833333333333 0.09814814814814815
1 0.2872395833333333 0.9574074074074074 0.07760416666666667 0.07592592592592592
1 0.57109375 0.03287037037037037 0.06302083333333333 0.06388888888888888
1 0.4518229166666667 0.9412037037037037 0.05677083333333333 0.09907407407407408
1 0.045572916666666664 0.09305555555555556 0.0890625 0.12685185185185185
3 0.21979166666666666 0.7037037037037037 0.08958333333333333 0.11666666666666667
3 0.2375 0.8842592592592593 0.1 0.14444444444444443
3 0.15 0.9564814814814815 0.065625 0.07962962962962963
3 0.8307291666666666 0.7189814814814814 0.125 0.1638888888888889
3 0.4393229166666667 0.2777777777777778 0.0578125 0.09444444444444444
3 0.5674479166666667 0.8819444444444444 0.07447916666666667 0.10277777777777777
3 0.09505208333333333 0.040740740740740744 0.1015625 0.07962962962962963
3 0.9536458333333333 0.9435185185185185 0.090625 0.1037037037037037
3 0.46432291666666664 0.6083333333333333 0.03802083333333333 0.07407407407407407
3 0.3846354166666667 0.9675925925925926 0.058854166666666666 0.053703703703703705