0 0.22847222222222222 0.6074074074074074 0.13194444444444445 0.13333333333333333
0 0.8145833333333333 0.2691358024691358 0.15416666666666667 0.32098765432098764
0 0.6069444444444444 0.4283950617283951 0.15555555555555556 0.24938271604938272
0 0.4340277777777778 0.8333333333333334 0.1763888888888889 0.1654320987654321
0 0.6298611111111111 0.7518518518518519 0.1486111111111111 0.2839506172839506
1 0.28194444444444444 0.5148148148148148 0.11388888888888889 0.17530864197530865
1 0.3284722222222222 0.37037037037037035 0.09027777777777778 0.14320987654320988
3 0.9361111111111111 0.35802469135802467 0.12222222222222222 0.1925925925925926
3 0.26458333333333334 0.937037037037037 0.0763888888888889 0.1259259259259259
3 0.7069444444444445 0.15925925925925927 0.08611111111111111 0.1654320987654321
3 0.5208333333333334 0.5888888888888889 0.075 0.13580246913580246