1 0.16944444444444445 0.7481481481481481 0.09722222222222222 0.16296296296296298
1 0.7763888888888889 0.7358024691358025 0.09166666666666666 0.1580246913580247
1 0.3729166666666667 0.9111111111111111 0.10694444444444444 0.1728395061728395
1 0.31805555555555554 0.6938271604938272 0.075 0.12345679012345678
1 0.15833333333333333 0.5617283950617284 0.08055555555555556 0.17037037037037037
1 0.2263888888888889 0.5555555555555556 0.06388888888888888 0.12839506172839507
1 0.030555555555555555 0.5456790123456791 0.06111111111111111 0.14814814814814814
1 0.058333333333333334 0.3654320987654321 0.07777777777777778 0.09876543209876543
1 0.8534722222222222 0.5419753086419753 0.07083333333333333 0.11604938271604938
1 0.7673611111111112 0.5987654320987654 0.07083333333333333 0.1111111111111111
2 0.7069444444444445 0.8432098765432099 0.07777777777777778 0.17037037037037037