1 0.19375 0.6 0.059722222222222225 0.07901234567901234
1 0.6784722222222223 0.36666666666666664 0.05694444444444444 0.10617283950617284
1 0.4236111111111111 0.41358024691358025 0.05 0.08148148148148149
1 0.3993055555555556 0.6098765432098765 0.043055555555555555 0.08395061728395062
1 0.125 0.4617283950617284 0.05277777777777778 0.0691358024691358
1 0.55 0.7604938271604939 0.06666666666666667 0.10864197530864197
1 0.4048611111111111 0.682716049382716 0.04027777777777778 0.07654320987654321
1 0.5673611111111111 0.3962962962962963 0.0625 0.08148148148148149
1 0.30694444444444446 0.9506172839506173 0.08888888888888889 0.09876543209876543
1 0.49236111111111114 0.8827160493827161 0.06805555555555555 0.10617283950617284
3 0.75 0.2679012345679012 0.05555555555555555 0.08641975308641975
3 0.22291666666666668 0.808641975308642 0.0625 0.08641975308641975
3 0.3090277777777778 0.8666666666666667 0.059722222222222225 0.09382716049382717
3 0.9090277777777778 0.8592592592592593 0.10138888888888889 0.15308641975308643
3 0.7993055555555556 0.24938271604938272 0.05694444444444444 0.08888888888888889
3 0.36666666666666664 0.6753086419753086 0.05 0.08148148148148149
3 0.5958333333333333 0.47901234567901235 0.058333333333333334 0.0691358024691358
3 0.17083333333333334 0.5444444444444444 0.05 0.06666666666666667