0 0.26315104166666664 0.48194444444444445 0.08619791666666667 0.14722222222222223
0 0.41015625 0.4340277777777778 0.09427083333333333 0.15231481481481482
1 0.08893229166666666 0.1326388888888889 0.11119791666666666 0.12453703703703704
1 0.4283854166666667 0.08055555555555556 0.034375 0.05740740740740741
1 0.246875 0.08564814814814815 0.044270833333333336 0.06944444444444445
3 0.457421875 0.1597222222222222 0.03984375 0.07314814814814814
3 0.41510416666666666 0.3106481481481482 0.0453125 0.05185185185185185
3 0.3240885416666667 0.23055555555555557 0.030989583333333334 0.04351851851851852
1 0.5111979166666667 0.028935185185185185 0.034375 0.05694444444444444
0 0.21666666666666667 0.2923611111111111 0.033854166666666664 0.03564814814814815
0 0.4125 0.27708333333333335 0.05260416666666667 0.060648148148148145
1 0.18723958333333332 0.12685185185185185 0.034375 0.05740740740740741