0 0.8402777777777778 0.8444444444444444 0.24722222222222223 0.30617283950617286
0 0.3 0.8876543209876543 0.18888888888888888 0.22469135802469137
0 0.5340277777777778 0.671604938271605 0.15138888888888888 0.28641975308641976
0 0.17222222222222222 0.3654320987654321 0.07777777777777778 0.16790123456790124
0 0.45208333333333334 0.7086419753086419 0.13472222222222222 0.35555555555555557
0 0.2986111111111111 0.19506172839506172 0.1388888888888889 0.1728395061728395
0 0.7104166666666667 0.7444444444444445 0.15694444444444444 0.24444444444444444
0 0.9027777777777778 0.445679012345679 0.19444444444444445 0.13580246913580246
0 0.6291666666666667 0.3691358024691358 0.08333333333333333 0.20493827160493827
0 0.07777777777777778 0.8345679012345679 0.08055555555555556 0.2814814814814815
0 0.24583333333333332 0.47530864197530864 0.08888888888888889 0.12098765432098765
0 0.7972222222222223 0.16790123456790124 0.1 0.1925925925925926
0 0.6138888888888889 0.04938271604938271 0.12777777777777777 0.09382716049382717
0 0.6631944444444444 0.28271604938271605 0.12083333333333333 0.1308641975308642
0 0.7270833333333333 0.5617283950617284 0.17083333333333334 0.23950617283950618
0 0.46805555555555556 0.04197530864197531 0.10555555555555556 0.07901234567901234
0 0.27361111111111114 0.6864197530864198 0.09444444444444444 0.20246913580246914
0 0.3194444444444444 0.09012345679012346 0.1 0.07654320987654321
0 0.8388888888888889 0.34444444444444444 0.18055555555555555 0.17530864197530865
0 0.4534722222222222 0.49876543209876545 0.21805555555555556 0.2518518518518518
0 0.32430555555555557 0.9395061728395062 0.09305555555555556 0.11604938271604938
0 0.14930555555555555 0.928395061728395 0.1486111111111111 0.1382716049382716
0 0.7833333333333333 0.12469135802469136 0.16111111111111112 0.20987654320987653
0 0.5083333333333333 0.4506172839506173 0.12777777777777777 0.17530864197530865
0 0.14652777777777778 0.5530864197530864 0.11805555555555555 0.15308641975308643
0 0.05625 0.6641975308641975 0.10972222222222222 0.1925925925925926
0 0.4152777777777778 0.5271604938271605 0.1361111111111111 0.16049382716049382
0 0.19583333333333333 0.717283950617284 0.075 0.16049382716049382
0 0.2590277777777778 0.2234567901234568 0.07361111111111111 0.1259259259259259
1 0.4701388888888889 0.19876543209876543 0.09027777777777778 0.1308641975308642
1 0.5923611111111111 0.1654320987654321 0.09305555555555556 0.14320987654320988
1 0.2798611111111111 0.4148148148148148 0.09861111111111111 0.1382716049382716
1 0.5770833333333333 0.31234567901234567 0.10972222222222222 0.18024691358024691
1 0.2388888888888889 0.762962962962963 0.08888888888888889 0.2123456790123457
1 0.3055555555555556 0.5493827160493827 0.09444444444444444 0.145679012345679
1 0.23194444444444445 0.571604938271605 0.08888888888888889 0.15555555555555556
1 0.36041666666666666 0.7111111111111111 0.10138888888888889 0.17777777777777778
1 0.3548611111111111 0.3802469135802469 0.08472222222222223 0.16296296296296298
1 0.45069444444444445 0.34444444444444444 0.14305555555555555 0.21975308641975308
1 0.13472222222222222 0.8654320987654321 0.09166666666666666 0.1506172839506173
1 0.03194444444444444 0.8580246913580247 0.06111111111111111 0.22962962962962963
1 0.4076388888888889 0.42962962962962964 0.10694444444444444 0.16296296296296298
1 0.34930555555555554 0.4382716049382716 0.07916666666666666 0.1308641975308642
1 0.1451388888888889 0.908641975308642 0.12361111111111112 0.15308641975308643
1 0.1875 0.725925925925926 0.09166666666666666 0.17777777777777778
2 0.5284722222222222 0.1765432098765432 0.0875 0.16049382716049382
2 0.5576388888888889 0.45308641975308644 0.09583333333333334 0.1506172839506173
2 0.16875 0.1962962962962963 0.05694444444444444 0.08641975308641975
2 0.13402777777777777 0.6469135802469136 0.08472222222222223 0.1925925925925926
2 0.41041666666666665 0.6 0.09305555555555556 0.1037037037037037
0 0.69375 0.03950617283950617 0.06527777777777778 0.07407407407407407
0 0.7319444444444444 0.0962962962962963 0.06388888888888888 0.0691358024691358
1 0.6826388888888889 0.15185185185185185 0.07916666666666666 0.10617283950617284