1 0.98671875 0.42662037037037037 0.027083333333333334 0.07824074074074074
1 0.21184895833333334 0.924537037037037 0.10859375 0.15185185185185185
1 0.33671875 0.9006944444444445 0.046875 0.08564814814814815
1 0.52421875 0.8113425925925926 0.0515625 0.09027777777777778
1 0.4869791666666667 0.7143518518518519 0.035416666666666666 0.05277777777777778
1 0.40091145833333336 0.6129629629629629 0.04088541666666667 0.06851851851851852
1 0.2375 0.7076388888888889 0.03177083333333333 0.04861111111111111
1 0.22278645833333333 0.56875 0.03359375 0.050462962962962966
1 0.22890625 0.48703703703703705 0.028645833333333332 0.041666666666666664
1 0.8520833333333333 0.2263888888888889 0.059895833333333336 0.06759259259259259
1 0.9546875 0.5120370370370371 0.04479166666666667 0.10833333333333334