0 0.4777777777777778 0.6691358024691358 0.12222222222222222 0.21728395061728395
0 0.3680555555555556 0.5419753086419753 0.058333333333333334 0.145679012345679
0 0.2701388888888889 0.8197530864197531 0.05694444444444444 0.14814814814814814
0 0.9277777777777778 0.9296296296296296 0.14444444444444443 0.14074074074074075
1 0.20694444444444443 0.9246913580246914 0.11944444444444445 0.1506172839506173
1 0.6055555555555555 0.27037037037037037 0.10555555555555556 0.17037037037037037
1 0.6680555555555555 0.07037037037037037 0.09722222222222222 0.13580246913580246
1 0.5430555555555555 0.5345679012345679 0.075 0.145679012345679
1 0.3972222222222222 0.08641975308641975 0.08611111111111111 0.14320987654320988
1 0.43333333333333335 0.3493827160493827 0.09166666666666666 0.145679012345679
1 0.5659722222222222 0.8123456790123457 0.08472222222222223 0.16296296296296298
1 0.9520833333333333 0.10864197530864197 0.09305555555555556 0.2074074074074074
1 0.46597222222222223 0.2111111111111111 0.07361111111111111 0.1259259259259259
1 0.49583333333333335 0.03580246913580247 0.058333333333333334 0.06666666666666667
1 0.5347222222222222 0.13333333333333333 0.058333333333333334 0.11358024691358025
1 0.1423611111111111 0.6987654320987654 0.09861111111111111 0.14320987654320988
1 0.18680555555555556 0.6 0.12638888888888888 0.15308641975308643
1 0.6430555555555556 0.6777777777777778 0.11944444444444445 0.21481481481481482
1 0.21875 0.254320987654321 0.07083333333333333 0.1037037037037037
3 0.6430555555555556 0.48518518518518516 0.1111111111111111 0.16049382716049382
3 0.8520833333333333 0.26666666666666666 0.10138888888888889 0.15308641975308643
3 0.45902777777777776 0.7987654320987654 0.08472222222222223 0.13580246913580246
3 0.3326388888888889 0.27037037037037037 0.10694444444444444 0.18024691358024691
3 0.3020833333333333 0.5790123456790124 0.09305555555555556 0.17037037037037037
3 0.36875 0.43333333333333335 0.07361111111111111 0.11604938271604938