0 0.6205729166666667 0.9064814814814814 0.13489583333333333 0.1814814814814815
0 0.47109375 0.5208333333333334 0.0953125 0.13425925925925927
1 0.63515625 0.4615740740740741 0.049479166666666664 0.0712962962962963
1 0.09270833333333334 0.8550925925925926 0.05416666666666667 0.08055555555555556
1 0.30052083333333335 0.7763888888888889 0.07604166666666666 0.11388888888888889
1 0.0484375 0.7532407407407408 0.0875 0.13240740740740742
1 0.2760416666666667 0.300462962962963 0.04375 0.06388888888888888
1 0.24739583333333334 0.44675925925925924 0.051041666666666666 0.06944444444444445
1 0.7609375 0.5138888888888888 0.03958333333333333 0.06666666666666667
1 0.1703125 0.2708333333333333 0.041666666666666664 0.06574074074074074
1 0.23151041666666666 0.5125 0.044270833333333336 0.06759259259259259
1 0.5385416666666667 0.2953703703703704 0.03229166666666667 0.05
1 0.78515625 0.5592592592592592 0.0328125 0.05185185185185185
1 0.9278645833333333 0.5009259259259259 0.03697916666666667 0.053703703703703705
3 0.2140625 0.5550925925925926 0.041666666666666664 0.06018518518518518