1 0.3223958333333333 0.6648148148148149 0.06145833333333333 0.07962962962962963
1 0.6302083333333334 0.6759259259259259 0.059375 0.09259259259259259
1 0.415625 0.6231481481481481 0.046875 0.06666666666666667
1 0.02421875 0.8708333333333333 0.04739583333333333 0.13796296296296295
1 0.6377604166666667 0.5939814814814814 0.07239583333333334 0.08981481481481482
1 0.7229166666666667 0.6907407407407408 0.065625 0.11296296296296296
1 0.2903645833333333 0.5393518518518519 0.0453125 0.07314814814814814
3 0.6895833333333333 0.8064814814814815 0.09583333333333334 0.13148148148148148
3 0.22942708333333334 0.7861111111111111 0.0984375 0.09444444444444444
3 0.2994791666666667 0.95 0.09583333333333334 0.09074074074074075
1 0.115625 0.8180555555555555 0.05625 0.05648148148148148