0 0.1909722222222222 0.6888888888888889 0.08472222222222223 0.15308641975308643
0 0.13125 0.8469135802469135 0.12638888888888888 0.2123456790123457
0 0.2777777777777778 0.6296296296296297 0.06111111111111111 0.15308641975308643
1 0.05347222222222222 0.3617283950617284 0.10416666666666667 0.19506172839506172
1 0.4284722222222222 0.3765432098765432 0.059722222222222225 0.08641975308641975
1 0.17291666666666666 0.4876543209876543 0.06805555555555555 0.1111111111111111
1 0.3736111111111111 0.3135802469135803 0.05 0.08888888888888889
1 0.1625 0.07407407407407407 0.05277777777777778 0.09382716049382717
1 0.35138888888888886 0.27037037037037037 0.03888888888888889 0.06666666666666667
3 0.20555555555555555 0.8604938271604938 0.08055555555555556 0.1259259259259259
3 0.020833333333333332 0.291358024691358 0.03888888888888889 0.1037037037037037