0 0.9442708333333333 0.36666666666666664 0.10989583333333333 0.14814814814814814
1 0.6942708333333333 0.5995370370370371 0.11197916666666667 0.19907407407407407
1 0.8513020833333333 0.29421296296296295 0.1171875 0.19305555555555556
1 0.8006510416666667 0.42453703703703705 0.11692708333333333 0.18888888888888888
1 0.958203125 0.18101851851851852 0.08203125 0.18425925925925926
1 0.8127604166666667 0.6263888888888889 0.10416666666666667 0.16203703703703703
1 0.8036458333333333 0.919675925925926 0.109375 0.14212962962962963
1 0.8998697916666667 0.6377314814814815 0.11536458333333334 0.18564814814814815
1 0.9134114583333334 0.5076388888888889 0.12994791666666666 0.20601851851851852
1 0.757421875 0.7675925925925926 0.13307291666666668 0.21666666666666667
2 0.6631510416666667 0.24930555555555556 0.06953125 0.09398148148148149
2 0.7649739583333334 0.26967592592592593 0.03984375 0.0412037037037037
2 0.7856770833333333 0.07962962962962963 0.07708333333333334 0.0962962962962963
2 0.8997395833333334 0.09328703703703704 0.04791666666666667 0.05138888888888889
3 0.38958333333333334 0.5946759259259259 0.08802083333333334 0.1865740740740741
3 0.45286458333333335 0.44166666666666665 0.10833333333333334 0.12685185185185185
3 0.044270833333333336 0.6476851851851851 0.07760416666666667 0.16296296296296298