1 0.522265625 0.31342592592592594 0.03828125 0.06574074074074074
1 0.22109375 0.31180555555555556 0.040625 0.06805555555555555
1 0.9688802083333333 0.22453703703703703 0.03046875 0.049074074074074076
1 0.850390625 0.20069444444444445 0.03567708333333333 0.052314814814814814
1 0.090234375 0.2196759259259259 0.03359375 0.05138888888888889
1 0.8005208333333333 0.1951388888888889 0.03697916666666667 0.06157407407407407
1 0.8694010416666667 0.28726851851851853 0.04244791666666667 0.06805555555555555
1 0.027604166666666666 0.22199074074074074 0.049479166666666664 0.07824074074074074
1 0.6850260416666667 0.2513888888888889 0.027864583333333335 0.05
1 0.09296875 0.4358796296296296 0.0375 0.056018518518518516
1 0.46875 0.6474537037037037 0.03854166666666667 0.04953703703703704
1 0.821484375 0.30069444444444443 0.028385416666666666 0.047685185185185185
1 0.08984375 0.5159722222222223 0.04010416666666667 0.06620370370370371
1 0.5295572916666667 0.14027777777777778 0.024739583333333332 0.04259259259259259
1 0.6447916666666667 0.22800925925925927 0.021875 0.038425925925925926
1 0.95078125 0.29976851851851855 0.0390625 0.04490740740740741
1 0.20364583333333333 0.20625 0.0328125 0.04861111111111111
3 0.96328125 0.5263888888888889 0.07291666666666667 0.12407407407407407
3 0.38333333333333336 0.6430555555555556 0.08177083333333333 0.07592592592592592
3 0.36354166666666665 0.27060185185185187 0.0203125 0.031018518518518518
3 0.23203125 0.6039351851851852 0.03125 0.06712962962962964
3 0.6182291666666667 0.23587962962962963 0.020833333333333332 0.0412037037037037
3 0.8760416666666667 0.21643518518518517 0.0328125 0.034722222222222224
1 0.7596354166666667 0.09791666666666667 0.028125 0.03564814814814815
1 0.6028645833333334 0.13773148148148148 0.028125 0.03564814814814815
1 0.5817708333333333 0.15671296296296297 0.028125 0.03564814814814815
1 0.4747395833333333 0.19236111111111112 0.028125 0.03564814814814815
1 0.4309895833333333 0.09791666666666667 0.028125 0.03564814814814815
1 0.4122395833333333 0.09837962962962964 0.028125 0.03564814814814815