1 0.16041666666666668 0.7777777777777778 0.05694444444444444 0.08395061728395062
1 0.6270833333333333 0.37160493827160496 0.04861111111111111 0.08641975308641975
1 0.9520833333333333 0.2345679012345679 0.05138888888888889 0.09382716049382717
1 0.3923611111111111 0.7913580246913581 0.04583333333333333 0.10123456790123457
1 0.4236111111111111 0.5530864197530864 0.044444444444444446 0.08888888888888889
1 0.6909722222222222 0.6098765432098765 0.059722222222222225 0.1037037037037037
1 0.4479166666666667 0.9148148148148149 0.05694444444444444 0.10123456790123457
1 0.3388888888888889 0.5444444444444444 0.03888888888888889 0.08148148148148149
1 0.7756944444444445 0.5864197530864198 0.07916666666666666 0.14074074074074075
1 0.7618055555555555 0.7271604938271605 0.07083333333333333 0.1308641975308642
1 0.8701388888888889 0.8419753086419753 0.0763888888888889 0.12839506172839507
1 0.5416666666666666 0.29012345679012347 0.03611111111111111 0.06172839506172839
1 0.5701388888888889 0.2271604938271605 0.0375 0.05925925925925926
1 0.9763888888888889 0.37037037037037035 0.04722222222222222 0.10864197530864197
1 0.9354166666666667 0.4839506172839506 0.06805555555555555 0.14320987654320988
1 0.8729166666666667 0.9592592592592593 0.07916666666666666 0.08148148148148149
1 0.5055555555555555 0.2679012345679012 0.027777777777777776 0.056790123456790124
3 0.34097222222222223 0.691358024691358 0.05416666666666667 0.07901234567901234
3 0.6013888888888889 0.4728395061728395 0.05277777777777778 0.07654320987654321
3 0.3854166666666667 0.6407407407407407 0.04583333333333333 0.07654320987654321