0 0.7569444444444444 0.7679012345679013 0.075 0.2123456790123457
1 0.8319444444444445 0.18271604938271604 0.08888888888888889 0.1728395061728395
1 0.6666666666666666 0.6061728395061728 0.08611111111111111 0.17530864197530865
1 0.6472222222222223 0.43580246913580245 0.06944444444444445 0.1259259259259259
1 0.8284722222222223 0.037037037037037035 0.08194444444444444 0.0691358024691358
1 0.51875 0.8802469135802469 0.12083333333333333 0.16049382716049382
1 0.4666666666666667 0.7197530864197531 0.05 0.08641975308641975
1 0.7131944444444445 0.1728395061728395 0.08194444444444444 0.14320987654320988
1 0.55 0.6333333333333333 0.05277777777777778 0.0962962962962963
1 0.4222222222222222 0.9444444444444444 0.06388888888888888 0.0962962962962963
1 0.40347222222222223 0.6432098765432098 0.04583333333333333 0.08641975308641975
1 0.36319444444444443 0.5740740740740741 0.04027777777777778 0.08148148148148149
1 0.3729166666666667 0.9493827160493827 0.0625 0.0962962962962963
1 0.34305555555555556 0.7123456790123457 0.05277777777777778 0.1111111111111111
1 0.6006944444444444 0.6395061728395062 0.04861111111111111 0.12345679012345678
1 0.3125 0.5864197530864198 0.04722222222222222 0.09135802469135802
1 0.4048611111111111 0.5740740740740741 0.0375 0.09135802469135802
1 0.5104166666666666 0.5617283950617284 0.05416666666666667 0.08641975308641975
3 0.4465277777777778 0.8 0.0625 0.11358024691358025
1 0.4597222222222222 0.6506172839506172 0.05 0.08641975308641975
1 0.4722222222222222 0.5888888888888889 0.05 0.08641975308641975
1 0.4986111111111111 0.6283950617283951 0.05 0.08641975308641975
1 0.4388888888888889 0.5320987654320988 0.03888888888888889 0.09135802469135802