1 0.059895833333333336 0.6969907407407407 0.0921875 0.12453703703703704
1 0.25729166666666664 0.3613425925925926 0.0296875 0.04490740740740741
1 0.19049479166666666 0.8039351851851851 0.07526041666666666 0.1050925925925926
1 0.23763020833333334 0.42083333333333334 0.040364583333333336 0.05648148148148148
1 0.19934895833333333 0.36574074074074076 0.03828125 0.053703703703703705
1 0.7497395833333333 0.44560185185185186 0.04479166666666667 0.06435185185185185
1 0.7822916666666667 0.5516203703703704 0.040625 0.05324074074074074
1 0.8040364583333334 0.47939814814814813 0.032552083333333336 0.047685185185185185
1 0.36354166666666665 0.36319444444444443 0.03177083333333333 0.04490740740740741
1 0.16197916666666667 0.3178240740740741 0.03333333333333333 0.04490740740740741
1 0.06393229166666667 0.31666666666666665 0.04244791666666667 0.04814814814814815
3 0.030729166666666665 0.4111111111111111 0.0578125 0.05462962962962963
1 0.282421875 0.38773148148148145 0.024739583333333332 0.0412037037037037
1 0.3196614583333333 0.3506944444444444 0.024739583333333332 0.0412037037037037
1 0.21106770833333333 0.31828703703703703 0.024739583333333332 0.0412037037037037
1 0.18763020833333333 0.18217592592592594 0.024739583333333332 0.0412037037037037
1 0.26783854166666665 0.1451388888888889 0.024739583333333332 0.0412037037037037
1 0.31158854166666666 0.1451388888888889 0.024739583333333332 0.0412037037037037
1 0.38528645833333336 0.16967592592592592 0.024739583333333332 0.0412037037037037
1 0.4733072916666667 0.22662037037037036 0.024739583333333332 0.0412037037037037
1 0.486328125 0.3784722222222222 0.024739583333333332 0.0412037037037037
1 0.5209635416666667 0.4043981481481482 0.024739583333333332 0.0412037037037037
1 0.6524739583333333 0.4025462962962963 0.024739583333333332 0.0412037037037037
1 0.682421875 0.40069444444444446 0.024739583333333332 0.0412037037037037
1 0.851171875 0.5122685185185185 0.024739583333333332 0.0412037037037037
1 0.8889322916666667 0.518287037037037 0.024739583333333332 0.0412037037037037
1 0.9319010416666667 0.5150462962962963 0.024739583333333332 0.0412037037037037
1 0.911328125 0.48865740740740743 0.024739583333333332 0.0412037037037037
1 0.8795572916666666 0.4613425925925926 0.024739583333333332 0.0412037037037037
1 0.916796875 0.43125 0.024739583333333332 0.0412037037037037
1 0.8907552083333333 0.42430555555555555 0.024739583333333332 0.0412037037037037
1 0.890234375 0.3923611111111111 0.024739583333333332 0.0412037037037037
1 0.9756510416666667 0.3266203703703704 0.024739583333333332 0.0412037037037037