1 0.1701388888888889 0.22839506172839505 0.059722222222222225 0.0962962962962963
1 0.5548611111111111 0.040740740740740744 0.07361111111111111 0.07654320987654321
1 0.925 0.725925925925926 0.07777777777777778 0.14320987654320988
1 0.7520833333333333 0.0654320987654321 0.05138888888888889 0.09135802469135802
1 0.7993055555555556 0.19876543209876543 0.07916666666666666 0.1259259259259259
1 0.28402777777777777 0.891358024691358 0.07916666666666666 0.12345679012345678
1 0.5152777777777777 0.4666666666666667 0.06111111111111111 0.11851851851851852
1 0.4756944444444444 0.11604938271604938 0.06527777777777778 0.11851851851851852
1 0.17708333333333334 0.4666666666666667 0.07083333333333333 0.1037037037037037
1 0.4083333333333333 0.020987654320987655 0.05555555555555555 0.04197530864197531
1 0.8826388888888889 0.1271604938271605 0.05416666666666667 0.08641975308641975
3 0.12083333333333333 0.1419753086419753 0.05555555555555555 0.08148148148148149
3 0.04513888888888889 0.15555555555555556 0.08194444444444444 0.13333333333333333