1 0.3162760416666667 0.6150462962962963 0.030989583333333334 0.04861111111111111
1 0.25872395833333334 0.4428240740740741 0.026302083333333334 0.0412037037037037
1 0.23606770833333332 0.5726851851851852 0.02734375 0.04259259259259259
1 0.042708333333333334 0.5902777777777778 0.03958333333333333 0.05925925925925926
1 0.35182291666666665 0.4650462962962963 0.028125 0.04490740740740741
1 0.127734375 0.43425925925925923 0.029947916666666668 0.04351851851851852
1 0.150390625 0.7141203703703703 0.03203125 0.05416666666666667
1 0.08307291666666666 0.45439814814814816 0.029166666666666667 0.04398148148148148
1 0.5442708333333334 0.5844907407407407 0.0265625 0.0412037037037037
1 0.5076822916666667 0.48819444444444443 0.021614583333333333 0.03287037037037037
1 0.460546875 0.46273148148148147 0.021614583333333333 0.03287037037037037
1 0.6274739583333333 0.5016203703703703 0.021614583333333333 0.03287037037037037
1 0.6545572916666667 0.5122685185185185 0.021614583333333333 0.03287037037037037
1 0.7720052083333333 0.5266203703703703 0.021614583333333333 0.03287037037037037
1 0.823046875 0.4849537037037037 0.021614583333333333 0.03287037037037037
1 0.792578125 0.3923611111111111 0.021614583333333333 0.03287037037037037
1 0.684765625 0.3798611111111111 0.021614583333333333 0.03287037037037037