1 0.7652777777777777 0.18888888888888888 0.1 0.1654320987654321
1 0.21388888888888888 0.056790123456790124 0.05555555555555555 0.09876543209876543
1 0.5923611111111111 0.1925925925925926 0.059722222222222225 0.1037037037037037
1 0.7819444444444444 0.47530864197530864 0.08333333333333333 0.13580246913580246
1 0.14305555555555555 0.9320987654320988 0.10833333333333334 0.13580246913580246
1 0.02638888888888889 0.17777777777777778 0.05 0.1580246913580247
1 0.6125 0.30987654320987656 0.06111111111111111 0.12098765432098765
3 0.4215277777777778 0.8716049382716049 0.07361111111111111 0.12345679012345678
3 0.5430555555555555 0.48271604938271606 0.058333333333333334 0.10617283950617284
3 0.8798611111111111 0.16419753086419753 0.06527777777777778 0.0962962962962963
3 0.33819444444444446 0.47901234567901235 0.05694444444444444 0.10864197530864197
3 0.35208333333333336 0.07160493827160494 0.0625 0.08395061728395062
3 0.029166666666666667 0.8185185185185185 0.05555555555555555 0.18518518518518517
3 0.35694444444444445 0.671604938271605 0.044444444444444446 0.07407407407407407
0 0.2298611111111111 0.7012345679012346 0.08194444444444444 0.07407407407407407