0 0.6911458333333333 0.46296296296296297 0.05416666666666667 0.1259259259259259
1 0.4791666666666667 0.1787037037037037 0.03229166666666667 0.05
1 0.5791666666666667 0.024537037037037038 0.035416666666666666 0.04722222222222222
1 0.18515625 0.4217592592592593 0.028645833333333332 0.04722222222222222
1 0.28515625 0.37083333333333335 0.0359375 0.05277777777777778
3 0.5796875 0.8162037037037037 0.07291666666666667 0.11203703703703703
3 0.22369791666666666 0.6518518518518519 0.06510416666666667 0.08333333333333333
3 0.8046875 0.22037037037037038 0.07916666666666666 0.08888888888888889
3 0.46979166666666666 0.5282407407407408 0.04895833333333333 0.06018518518518518
0 0.6557291666666667 0.3824074074074074 0.07083333333333333 0.09074074074074075
0 0.6059895833333333 0.6013888888888889 0.09427083333333333 0.12129629629629629