1 0.16510416666666666 0.5608796296296297 0.035416666666666666 0.050462962962962966
1 0.44192708333333336 0.537962962962963 0.03125 0.05
1 0.26979166666666665 0.6349537037037037 0.036458333333333336 0.05416666666666667
1 0.44765625 0.3402777777777778 0.028645833333333332 0.04537037037037037
1 0.46015625 0.6456018518518518 0.03229166666666667 0.050462962962962966
1 0.63125 0.33425925925925926 0.023958333333333335 0.041666666666666664
1 0.06419270833333333 0.6064814814814815 0.04192708333333333 0.07222222222222222
1 0.0859375 0.7300925925925926 0.03125 0.04722222222222222
1 0.891796875 0.4909722222222222 0.030989583333333334 0.05138888888888889
1 0.872265625 0.4474537037037037 0.028385416666666666 0.04490740740740741
1 0.6819010416666667 0.4136574074074074 0.028385416666666666 0.052314814814814814
1 0.77578125 0.5372685185185185 0.0296875 0.04953703703703704
1 0.22213541666666667 0.3020833333333333 0.03177083333333333 0.04953703703703704
1 0.10716145833333333 0.35162037037037036 0.03359375 0.052314814814814814
1 0.487890625 0.4752314814814815 0.02578125 0.04027777777777778
1 0.8588541666666667 0.3541666666666667 0.023958333333333335 0.03888888888888889
1 0.94765625 0.4148148148148148 0.023958333333333335 0.03888888888888889
1 0.94453125 0.49398148148148147 0.023958333333333335 0.03888888888888889
1 0.9611979166666667 0.324537037037037 0.023958333333333335 0.03888888888888889
1 0.9692708333333333 0.2953703703703704 0.023958333333333335 0.03888888888888889
1 0.9033854166666667 0.3194444444444444 0.023958333333333335 0.03888888888888889
1 0.86640625 0.262037037037037 0.023958333333333335 0.03888888888888889
1 0.8481770833333333 0.31712962962962965 0.023958333333333335 0.03888888888888889
1 0.7557291666666667 0.2513888888888889 0.023958333333333335 0.03888888888888889
1 0.23567708333333334 0.22291666666666668 0.03177083333333333 0.04953703703703704
1 0.5421875 0.07106481481481482 0.03177083333333333 0.04953703703703704