0 0.33541666666666664 0.4111111111111111 0.07361111111111111 0.28888888888888886
0 0.5597222222222222 0.7765432098765432 0.19722222222222222 0.19506172839506172
0 0.7138888888888889 0.8419753086419753 0.1527777777777778 0.291358024691358
0 0.95 0.2345679012345679 0.09444444444444444 0.32592592592592595
0 0.5256944444444445 0.7148148148148148 0.1375 0.18518518518518517
1 0.7048611111111112 0.5037037037037037 0.10972222222222222 0.17777777777777778
1 0.49375 0.6012345679012345 0.10416666666666667 0.17530864197530865
1 0.5361111111111111 0.9197530864197531 0.10555555555555556 0.16049382716049382
1 0.4777777777777778 0.3432098765432099 0.11388888888888889 0.2074074074074074
1 0.21597222222222223 0.47901234567901235 0.12361111111111112 0.17777777777777778
1 0.3972222222222222 0.9037037037037037 0.12777777777777777 0.18765432098765433
1 0.25625 0.9419753086419753 0.12638888888888888 0.11604938271604938
1 0.08333333333333333 0.6851851851851852 0.1527777777777778 0.2740740740740741
1 0.2923611111111111 0.6703703703703704 0.15416666666666667 0.25925925925925924
1 0.8881944444444444 0.6111111111111112 0.15416666666666667 0.22469135802469137
1 0.6520833333333333 0.6987654320987654 0.13472222222222222 0.21728395061728395
3 0.5965277777777778 0.41728395061728396 0.14583333333333334 0.28641975308641976
3 0.6645833333333333 0.21975308641975308 0.13194444444444445 0.1925925925925926
3 0.7375 0.09876543209876543 0.11388888888888889 0.1580246913580247
3 0.8340277777777778 0.08395061728395062 0.12361111111111112 0.1382716049382716
3 0.5756944444444444 0.04197530864197531 0.1125 0.07901234567901234
3 0.19444444444444445 0.7333333333333333 0.08055555555555556 0.1382716049382716