1 0.3294270833333333 0.5333333333333333 0.030208333333333334 0.046296296296296294
1 0.48606770833333335 0.643287037037037 0.029427083333333333 0.04490740740740741
1 0.23268229166666668 0.6277777777777778 0.02890625 0.044444444444444446
1 0.09869791666666666 0.7407407407407407 0.04114583333333333 0.05462962962962963
1 0.21979166666666666 0.5518518518518518 0.024479166666666666 0.03796296296296296
1 0.306640625 0.4928240740740741 0.021614583333333333 0.03564814814814815
1 0.17161458333333332 0.5199074074074074 0.03333333333333333 0.05277777777777778
1 0.5861979166666667 0.4949074074074074 0.019270833333333334 0.037037037037037035
1 0.5873697916666667 0.44189814814814815 0.01796875 0.03564814814814815
1 0.46328125 0.5773148148148148 0.021875 0.03981481481481482
1 0.09010416666666667 0.1736111111111111 0.03333333333333333 0.04814814814814815
1 0.43385416666666665 0.5398148148148149 0.023958333333333335 0.03888888888888889
1 0.5321614583333333 0.5231481481481481 0.019010416666666665 0.03611111111111111
1 0.47890625 0.49444444444444446 0.018229166666666668 0.03425925925925926
3 0.05078125 0.799074074074074 0.04010416666666667 0.053703703703703705
1 0.371484375 0.4685185185185185 0.01484375 0.019444444444444445
1 0.6606770833333333 0.3347222222222222 0.015104166666666667 0.022222222222222223
1 0.6588541666666666 0.29907407407407405 0.017708333333333333 0.02962962962962963
1 0.5385416666666667 0.3638888888888889 0.019270833333333334 0.037037037037037035
1 0.6341145833333334 0.3173611111111111 0.015104166666666667 0.02824074074074074
1 0.677734375 0.35694444444444445 0.01796875 0.02962962962962963
1 0.6950520833333333 0.37777777777777777 0.0171875 0.025925925925925925
1 0.6161458333333333 0.4564814814814815 0.019270833333333334 0.037037037037037035
1 0.671875 0.4050925925925926 0.019270833333333334 0.037037037037037035
1 0.6528645833333333 0.3710648148148148 0.016666666666666666 0.031018518518518518
1 0.3865885416666667 0.3798611111111111 0.018489583333333334 0.02361111111111111
1 0.408984375 0.4263888888888889 0.017447916666666667 0.025925925925925925
1 0.42239583333333336 0.37592592592592594 0.016666666666666666 0.02962962962962963
1 0.3873697916666667 0.41875 0.020052083333333335 0.03194444444444444
1 0.5528645833333333 0.35856481481481484 0.016666666666666666 0.027314814814814816
1 0.5674479166666667 0.3921296296296296 0.017708333333333333 0.030555555555555555
1 0.481640625 0.3627314814814815 0.021614583333333333 0.02824074074074074
1 0.6510416666666666 0.5291666666666667 0.019270833333333334 0.037037037037037035