0 0.45694444444444443 0.762962962962963 0.11388888888888889 0.3308641975308642
0 0.40625 0.38765432098765434 0.12083333333333333 0.19753086419753085
0 0.5125 0.6950617283950618 0.07777777777777778 0.27901234567901234
0 0.19166666666666668 0.4024691358024691 0.1111111111111111 0.12345679012345678
0 0.9645833333333333 0.1308641975308642 0.07083333333333333 0.23703703703703705
0 0.0875 0.8802469135802469 0.1527777777777778 0.22469135802469137
0 0.4486111111111111 0.4703703703703704 0.13333333333333333 0.24444444444444444
0 0.03263888888888889 0.47160493827160493 0.0625 0.2123456790123457
1 0.8222222222222222 0.06296296296296296 0.09444444444444444 0.12098765432098765
1 0.31527777777777777 0.5259259259259259 0.09722222222222222 0.16790123456790124
1 0.8680555555555556 0.5901234567901235 0.16666666666666666 0.2617283950617284
1 0.09861111111111111 0.4839506172839506 0.11944444444444445 0.1728395061728395
1 0.06527777777777778 0.6259259259259259 0.10833333333333334 0.1506172839506173
1 0.7805555555555556 0.6901234567901234 0.14444444444444443 0.2691358024691358
1 0.16666666666666666 0.7111111111111111 0.14444444444444443 0.1728395061728395
1 0.7423611111111111 0.8888888888888888 0.15138888888888888 0.2222222222222222
1 0.15347222222222223 0.5493827160493827 0.09027777777777778 0.14074074074074075
1 0.9555555555555556 0.29012345679012347 0.08611111111111111 0.1654320987654321
1 0.8958333333333334 0.12345679012345678 0.08611111111111111 0.12839506172839507
1 0.36944444444444446 0.7395061728395061 0.11666666666666667 0.21975308641975308
1 0.8618055555555556 0.9506172839506173 0.12361111111111112 0.1037037037037037
1 0.22013888888888888 0.4679012345679012 0.1125 0.1654320987654321
1 0.3076388888888889 0.7641975308641975 0.15694444444444444 0.254320987654321
1 0.45 0.4765432098765432 0.13333333333333333 0.2419753086419753
1 0.23541666666666666 0.5481481481481482 0.12083333333333333 0.19753086419753085
2 0.6868055555555556 0.4111111111111111 0.10138888888888889 0.1654320987654321
2 0.5069444444444444 0.10617283950617284 0.09166666666666666 0.12345679012345678
2 0.6375 0.5098765432098765 0.11388888888888889 0.15555555555555556
2 0.76875 0.3345679012345679 0.10694444444444444 0.17530864197530865
2 0.8263888888888888 0.4469135802469136 0.10555555555555556 0.14814814814814814
2 0.9159722222222222 0.17901234567901234 0.09027777777777778 0.14074074074074075
2 0.6888888888888889 0.754320987654321 0.14444444444444443 0.2691358024691358
2 0.8541666666666666 0.27530864197530863 0.11388888888888889 0.1259259259259259
2 0.15138888888888888 0.8604938271604938 0.13333333333333333 0.17530864197530865
2 0.9131944444444444 0.037037037037037035 0.11527777777777778 0.0691358024691358
2 0.3701388888888889 0.5814814814814815 0.09583333333333334 0.17530864197530865
2 0.9659722222222222 0.6703703703703704 0.06527777777777778 0.22469135802469137
2 0.9152777777777777 0.5691358024691358 0.16111111111111112 0.17530864197530865
2 0.5944444444444444 0.6518518518518519 0.125 0.23209876543209876
2 0.9375 0.42592592592592593 0.12777777777777777 0.21481481481481482
2 0.1875 0.9481481481481482 0.1111111111111111 0.10864197530864197
3 0.034722222222222224 0.30987654320987656 0.06666666666666667 0.145679012345679
2 0.07083333333333333 0.6901234567901234 0.13333333333333333 0.17530864197530865