1 0.4615885416666667 0.13541666666666666 0.03203125 0.055092592592592596
1 0.8375 0.4622685185185185 0.030729166666666665 0.04583333333333333
1 0.6821614583333333 0.3159722222222222 0.03984375 0.05694444444444444
1 0.20677083333333332 0.3525462962962963 0.034375 0.05694444444444444
1 0.28606770833333334 0.2386574074074074 0.030989583333333334 0.04675925925925926
1 0.29244791666666664 0.4041666666666667 0.036458333333333336 0.05555555555555555
1 0.586328125 0.3326388888888889 0.03567708333333333 0.047685185185185185
1 0.10833333333333334 0.6604166666666667 0.03854166666666667 0.0587962962962963
1 0.6938802083333333 0.41712962962962963 0.03046875 0.04351851851851852
1 0.8399739583333333 0.30416666666666664 0.03359375 0.04722222222222222
1 0.7703125 0.36342592592592593 0.035416666666666666 0.053703703703703705
1 0.017317708333333334 0.4337962962962963 0.03411458333333333 0.06666666666666667
1 0.6595052083333334 0.4736111111111111 0.03671875 0.06111111111111111
1 0.481640625 0.3699074074074074 0.02578125 0.037037037037037035
1 0.659765625 0.5215277777777778 0.03307291666666667 0.05324074074074074
1 0.7669270833333334 0.3326388888888889 0.0296875 0.060648148148148145
1 0.2640625 0.18032407407407408 0.021875 0.03935185185185185
3 0.36236979166666666 0.5224537037037037 0.053385416666666664 0.0763888888888889
3 0.3028645833333333 0.45555555555555555 0.040625 0.05185185185185185
3 0.21471354166666667 0.7731481481481481 0.05234375 0.07314814814814814
3 0.2584635416666667 0.6777777777777778 0.03671875 0.0712962962962963
3 0.23645833333333333 0.2655092592592593 0.0390625 0.03564814814814815
3 0.44479166666666664 0.2675925925925926 0.025520833333333333 0.037037037037037035
3 0.5608072916666667 0.600462962962963 0.03567708333333333 0.058333333333333334
3 0.14934895833333334 0.319212962962963 0.03307291666666667 0.0375
3 0.9462239583333333 0.3886574074074074 0.02421875 0.034722222222222224
3 0.6317708333333333 0.2740740740740741 0.0265625 0.04814814814814815
1 0.6442708333333333 0.13587962962962963 0.022395833333333334 0.034722222222222224
1 0.67109375 0.1451388888888889 0.022395833333333334 0.034722222222222224
1 0.6919270833333333 0.04699074074074074 0.022395833333333334 0.034722222222222224
1 0.6546875 0.030787037037037036 0.022395833333333334 0.034722222222222224
1 0.757421875 0.041666666666666664 0.018489583333333334 0.03148148148148148
1 0.7690104166666667 0.025694444444444443 0.022395833333333334 0.034722222222222224
3 0.730859375 0.13449074074074074 0.01953125 0.033796296296296297
1 0.7731770833333333 0.1275462962962963 0.022395833333333334 0.034722222222222224
1 0.89296875 0.22893518518518519 0.022395833333333334 0.034722222222222224
1 0.34322916666666664 0.10856481481481481 0.021875 0.03935185185185185
1 0.36744791666666665 0.09375 0.021875 0.03935185185185185
1 0.4200520833333333 0.07523148148148148 0.021875 0.03935185185185185
1 0.33841145833333336 0.06828703703703703 0.018489583333333334 0.03009259259259259
1 0.31341145833333334 0.07662037037037037 0.021614583333333333 0.033796296296296297
3 0.2908854166666667 0.07314814814814814 0.0265625 0.040740740740740744
1 0.4337239583333333 0.022453703703703705 0.014322916666666666 0.03194444444444444
1 0.4557291666666667 0.029166666666666667 0.019791666666666666 0.02962962962962963
1 0.9171875 0.28171296296296294 0.022395833333333334 0.034722222222222224
3 0.14908854166666666 0.7875 0.05234375 0.07314814814814814