1 0.05486111111111111 0.2691358024691358 0.10694444444444444 0.1925925925925926
1 0.5125 0.5209876543209877 0.09166666666666666 0.19753086419753085
1 0.7736111111111111 0.7197530864197531 0.17777777777777778 0.30864197530864196
1 0.9222222222222223 0.1506172839506173 0.058333333333333334 0.09382716049382717
1 0.4388888888888889 0.20246913580246914 0.06388888888888888 0.12839506172839507
1 0.9069444444444444 0.5888888888888889 0.15 0.25925925925925924
1 0.7583333333333333 0.4111111111111111 0.09722222222222222 0.10123456790123457
1 0.8152777777777778 0.39012345679012345 0.08055555555555556 0.11851851851851852
1 0.9729166666666667 0.2419753086419753 0.04861111111111111 0.07407407407407407
3 0.4222222222222222 0.48641975308641977 0.08888888888888889 0.16790123456790124
3 0.6277777777777778 0.47901234567901235 0.08333333333333333 0.12839506172839507
3 0.42569444444444443 0.08518518518518518 0.07083333333333333 0.08148148148148149
0 0.8340277777777778 0.2123456790123457 0.06805555555555555 0.09876543209876543
0 0.8333333333333334 0.07530864197530865 0.07777777777777778 0.08148148148148149