1 0.08515625 0.5585648148148148 0.034895833333333334 0.05138888888888889
1 0.12578125 0.5106481481481482 0.0359375 0.05462962962962963
1 0.46171875 0.4756944444444444 0.0328125 0.05138888888888889
1 0.4915364583333333 0.36180555555555555 0.029427083333333333 0.04490740740740741
1 0.18046875 0.5027777777777778 0.028645833333333332 0.04537037037037037
1 0.238671875 0.5023148148148148 0.024739583333333332 0.03796296296296296
1 0.25924479166666664 0.44722222222222224 0.029427083333333333 0.04351851851851852
1 0.5286458333333334 0.5486111111111112 0.03333333333333333 0.053703703703703705
1 0.21184895833333334 0.6421296296296296 0.032552083333333336 0.05
1 0.308203125 0.35462962962962963 0.031510416666666666 0.04722222222222222
1 0.05546875 0.4361111111111111 0.0453125 0.06296296296296296
1 0.32005208333333335 0.6456018518518518 0.035416666666666666 0.04953703703703704
1 0.4022135416666667 0.5456018518518518 0.027864583333333335 0.043055555555555555
1 0.5846354166666666 0.40300925925925923 0.0265625 0.04490740740740741
1 0.21953125 0.4465277777777778 0.026041666666666668 0.03935185185185185
1 0.23932291666666666 0.275 0.026041666666666668 0.04537037037037037
1 0.20130208333333333 0.9729166666666667 0.040625 0.052314814814814814
1 0.385546875 0.36203703703703705 0.031510416666666666 0.05092592592592592
1 0.637890625 0.544212962962963 0.03359375 0.05138888888888889
1 0.013671875 0.6034722222222222 0.026822916666666665 0.052314814814814814
1 0.3419270833333333 0.4474537037037037 0.025 0.03657407407407407
1 0.22486979166666668 0.8210648148148149 0.031510416666666666 0.0587962962962963
1 0.33177083333333335 0.2275462962962963 0.028125 0.04212962962962963
3 0.2852864583333333 0.5430555555555555 0.03515625 0.05185185185185185
3 0.20130208333333333 0.28449074074074077 0.0328125 0.04675925925925926
3 0.35546875 0.11018518518518519 0.025520833333333333 0.030555555555555555
3 0.16614583333333333 0.1011574074074074 0.0265625 0.03935185185185185
1 0.6544270833333333 0.35717592592592595 0.020833333333333332 0.033796296296296297
1 0.5984375 0.33587962962962964 0.020833333333333332 0.033796296296296297
1 0.6416666666666667 0.33449074074074076 0.020833333333333332 0.033796296296296297
1 0.7455729166666667 0.3951388888888889 0.020833333333333332 0.033796296296296297
1 0.49661458333333336 0.29953703703703705 0.0171875 0.025925925925925925
1 0.4979166666666667 0.27824074074074073 0.0171875 0.025925925925925925
1 0.47994791666666664 0.28194444444444444 0.0171875 0.025925925925925925
1 0.5015625 0.24537037037037038 0.0171875 0.025925925925925925
1 0.4869791666666667 0.22916666666666666 0.0171875 0.025925925925925925
1 0.44088541666666664 0.25416666666666665 0.0171875 0.025925925925925925
1 0.5861979166666667 0.30787037037037035 0.0171875 0.025925925925925925
3 0.3723958333333333 0.12453703703703704 0.025520833333333333 0.030555555555555555
3 0.39765625 0.29375 0.0328125 0.04675925925925926