1 0.7638888888888888 0.345679012345679 0.05 0.07407407407407407
1 0.4263888888888889 0.8320987654320988 0.03888888888888889 0.08395061728395062
1 0.6451388888888889 0.6395061728395062 0.04583333333333333 0.07407407407407407
1 0.034722222222222224 0.6604938271604939 0.06111111111111111 0.10617283950617284
1 0.38958333333333334 0.9308641975308642 0.059722222222222225 0.11358024691358025
1 0.6513888888888889 0.508641975308642 0.05 0.09876543209876543
1 0.6097222222222223 0.42098765432098767 0.044444444444444446 0.10123456790123457
1 0.5027777777777778 0.1506172839506173 0.03333333333333333 0.06419753086419754
1 0.3013888888888889 0.8185185185185185 0.05555555555555555 0.0962962962962963
1 0.14027777777777778 0.16666666666666666 0.05277777777777778 0.09135802469135802
3 0.8465277777777778 0.6 0.0625 0.09382716049382717
3 0.6930555555555555 0.4901234567901235 0.05 0.07654320987654321
3 0.6527777777777778 0.7802469135802469 0.075 0.12345679012345678
3 0.8263888888888888 0.43703703703703706 0.05555555555555555 0.05432098765432099
3 0.3784722222222222 0.6358024691358025 0.043055555555555555 0.07654320987654321
3 0.09027777777777778 0.8333333333333334 0.06944444444444445 0.1111111111111111
3 0.5368055555555555 0.6283950617283951 0.04583333333333333 0.07654320987654321
3 0.4222222222222222 0.49506172839506174 0.04722222222222222 0.06172839506172839
3 0.4861111111111111 0.49506172839506174 0.05 0.06172839506172839