1 0.5951388888888889 0.9358024691358025 0.04861111111111111 0.08395061728395062
1 0.8145833333333333 0.3358024691358025 0.04583333333333333 0.07407407407407407
1 0.2534722222222222 0.4901234567901235 0.043055555555555555 0.07160493827160494
1 0.49166666666666664 0.7148148148148148 0.044444444444444446 0.08148148148148149
1 0.6993055555555555 0.5654320987654321 0.04027777777777778 0.0691358024691358
1 0.2375 0.6333333333333333 0.04722222222222222 0.08148148148148149
1 0.21875 0.4012345679012346 0.043055555555555555 0.06172839506172839
1 0.24930555555555556 0.8012345679012346 0.04027777777777778 0.07160493827160494
1 0.32569444444444445 0.7913580246913581 0.05138888888888889 0.08641975308641975
1 0.5645833333333333 0.8617283950617284 0.043055555555555555 0.0691358024691358
1 0.51875 0.6641975308641975 0.03194444444444444 0.0691358024691358
1 0.7076388888888889 0.4679012345679012 0.04861111111111111 0.0962962962962963
1 0.4236111111111111 0.7888888888888889 0.03888888888888889 0.07654320987654321
1 0.43194444444444446 0.6382716049382716 0.05555555555555555 0.07654320987654321
3 0.8555555555555555 0.5320987654320988 0.06111111111111111 0.08148148148148149
3 0.6965277777777777 0.6654320987654321 0.0625 0.10123456790123457
3 0.28402777777777777 0.7703703703703704 0.05416666666666667 0.08888888888888889
3 0.7409722222222223 0.43703703703703706 0.04583333333333333 0.07407407407407407
3 0.8541666666666666 0.41358024691358025 0.044444444444444446 0.05185185185185185
3 0.08402777777777778 0.5753086419753086 0.05138888888888889 0.05925925925925926
3 0.17708333333333334 0.5703703703703704 0.05694444444444444 0.06419753086419754
3 0.2923611111111111 0.6111111111111112 0.04861111111111111 0.08148148148148149
3 0.6333333333333333 0.9148148148148149 0.041666666666666664 0.07160493827160494
3 0.07013888888888889 0.825925925925926 0.059722222222222225 0.09135802469135802