1 0.17734375 0.21689814814814815 0.052083333333333336 0.08287037037037037
1 0.36354166666666665 0.10393518518518519 0.030729166666666665 0.05416666666666667
1 0.46171875 0.03425925925925926 0.03697916666666667 0.06111111111111111
1 0.24127604166666666 0.6002314814814815 0.05755208333333333 0.07916666666666666
1 0.18177083333333333 0.6773148148148148 0.13177083333333334 0.2037037037037037
1 0.6225260416666667 0.07893518518518519 0.039322916666666666 0.06342592592592593
1 0.534765625 0.10416666666666667 0.03828125 0.06851851851851852
1 0.5055989583333333 0.03125 0.03203125 0.04861111111111111
1 0.3126302083333333 0.08796296296296297 0.026302083333333334 0.044444444444444446
1 0.49856770833333336 0.12777777777777777 0.026302083333333334 0.04537037037037037
1 0.12513020833333333 0.03356481481481482 0.03515625 0.052314814814814814
3 0.714453125 0.21689814814814815 0.10130208333333333 0.1310185185185185
3 0.21223958333333334 0.9444444444444444 0.07916666666666666 0.10185185185185185
3 0.11106770833333333 0.6296296296296297 0.13411458333333334 0.09444444444444444
3 0.16497395833333334 0.42777777777777776 0.04296875 0.03425925925925926
3 0.5638020833333334 0.1125 0.022395833333333334 0.04259259259259259
3 0.2203125 0.07615740740740741 0.03177083333333333 0.043055555555555555
3 0.20572916666666666 0.053009259259259256 0.03177083333333333 0.043055555555555555
1 0.5897135416666667 0.04953703703703704 0.026302083333333334 0.04537037037037037