0 0.30625 0.9382716049382716 0.10416666666666667 0.11851851851851852
0 0.9006944444444445 0.5111111111111111 0.04027777777777778 0.10864197530864197
0 0.9576388888888889 0.9135802469135802 0.07916666666666666 0.1728395061728395
0 0.5138888888888888 0.9567901234567902 0.09722222222222222 0.08148148148148149
1 0.5847222222222223 0.15432098765432098 0.05277777777777778 0.10123456790123457
1 0.3861111111111111 0.8814814814814815 0.09444444444444444 0.12839506172839507
1 0.7145833333333333 0.30617283950617286 0.04027777777777778 0.07901234567901234
1 0.22013888888888888 0.2765432098765432 0.059722222222222225 0.11358024691358025
1 0.9541666666666667 0.3160493827160494 0.04722222222222222 0.07407407407407407
1 0.6423611111111112 0.6679012345679012 0.04861111111111111 0.1111111111111111
1 0.6319444444444444 0.9024691358024691 0.07777777777777778 0.15555555555555556
1 0.66875 0.16790123456790124 0.034722222222222224 0.07407407407407407
1 0.6375 0.5320987654320988 0.044444444444444446 0.10617283950617284
1 0.12638888888888888 0.2518518518518518 0.044444444444444446 0.08395061728395062
1 0.07847222222222222 0.32592592592592595 0.06805555555555555 0.10864197530864197
1 0.9083333333333333 0.11234567901234568 0.044444444444444446 0.07160493827160494
1 0.6777777777777778 0.06419753086419754 0.03611111111111111 0.06419753086419754
3 0.8409722222222222 0.8111111111111111 0.059722222222222225 0.09135802469135802
3 0.9743055555555555 0.8580246913580247 0.05138888888888889 0.10617283950617284
3 0.64375 0.15679012345679014 0.04027777777777778 0.09135802469135802
3 0.2361111111111111 0.8493827160493828 0.05 0.07901234567901234