0 0.4083333333333333 0.5061728395061729 0.09444444444444444 0.08395061728395062
0 0.7013888888888888 0.828395061728395 0.06388888888888888 0.1259259259259259
1 0.4375 0.3358024691358025 0.058333333333333334 0.09876543209876543
1 0.5027777777777778 0.32098765432098764 0.058333333333333334 0.09382716049382717
1 0.3958333333333333 0.09135802469135802 0.05 0.08395061728395062
1 0.18333333333333332 0.18765432098765433 0.05277777777777778 0.09876543209876543
1 0.5548611111111111 0.8037037037037037 0.06527777777777778 0.10123456790123457
1 0.4465277777777778 0.42345679012345677 0.0625 0.0962962962962963
1 0.56875 0.16913580246913582 0.043055555555555555 0.07654320987654321
1 0.3034722222222222 0.41728395061728396 0.08194444444444444 0.1580246913580247
1 0.3229166666666667 0.4666666666666667 0.06527777777777778 0.1037037037037037
1 0.39444444444444443 0.4074074074074074 0.05555555555555555 0.09382716049382717