0 0.7347222222222223 0.7123456790123457 0.12222222222222222 0.25925925925925924
0 0.7541666666666667 0.3851851851851852 0.1 0.14320987654320988
0 0.4979166666666667 0.7567901234567901 0.09305555555555556 0.23950617283950618
0 0.48819444444444443 0.6259259259259259 0.20694444444444443 0.145679012345679
0 0.28402777777777777 0.6098765432098765 0.09027777777777778 0.14320987654320988
0 0.15555555555555556 0.817283950617284 0.11388888888888889 0.17777777777777778
0 0.19305555555555556 0.5444444444444444 0.06944444444444445 0.12098765432098765
0 0.26319444444444445 0.3851851851851852 0.09305555555555556 0.1037037037037037
0 0.5875 0.4111111111111111 0.09166666666666666 0.17037037037037037
0 0.7298611111111111 0.20617283950617285 0.11527777777777778 0.08641975308641975
0 0.7979166666666667 0.2765432098765432 0.10138888888888889 0.1382716049382716
0 0.7152777777777778 0.4074074074074074 0.10555555555555556 0.11851851851851852
0 0.9326388888888889 0.3111111111111111 0.12916666666666668 0.11358024691358025
0 0.22291666666666668 0.4506172839506173 0.0875 0.10123456790123457
0 0.4625 0.7555555555555555 0.16111111111111112 0.2617283950617284
0 0.7284722222222222 0.30617283950617286 0.0875 0.09382716049382717
1 0.5111111111111111 0.4802469135802469 0.10833333333333334 0.16049382716049382
1 0.18958333333333333 0.6567901234567901 0.12083333333333333 0.1728395061728395
1 0.6020833333333333 0.24320987654320989 0.07916666666666666 0.1259259259259259
1 0.04722222222222222 0.6395061728395062 0.09166666666666666 0.16790123456790124
1 0.7555555555555555 0.5234567901234568 0.1361111111111111 0.17777777777777778
1 0.8590277777777777 0.3333333333333333 0.10416666666666667 0.13333333333333333
1 0.14027777777777778 0.345679012345679 0.08888888888888889 0.12839506172839507
1 0.4597222222222222 0.3962962962962963 0.08333333333333333 0.1308641975308642
1 0.64375 0.43209876543209874 0.10694444444444444 0.18271604938271604
1 0.41875 0.8382716049382716 0.15416666666666667 0.29876543209876544
1 0.9576388888888889 0.2234567901234568 0.08194444444444444 0.1259259259259259
1 0.5972222222222222 0.7864197530864198 0.14722222222222223 0.2641975308641975
1 0.9506944444444444 0.6111111111111112 0.09583333333333334 0.2740740740740741
1 0.6194444444444445 0.9345679012345679 0.17222222222222222 0.1259259259259259
1 0.21319444444444444 0.9592592592592593 0.12638888888888888 0.08148148148148149
1 0.6777777777777778 0.2654320987654321 0.06666666666666667 0.08641975308641975
1 0.3875 0.345679012345679 0.06388888888888888 0.1037037037037037
1 0.2513888888888889 0.7790123456790123 0.11666666666666667 0.21975308641975308
1 0.18958333333333333 0.36666666666666664 0.0625 0.10123456790123457
1 0.15625 0.4962962962962963 0.07916666666666666 0.13333333333333333
1 0.4791666666666667 0.22469135802469137 0.08888888888888889 0.15308641975308643
1 0.29444444444444445 0.337037037037037 0.06111111111111111 0.08641975308641975
1 0.6055555555555555 0.14938271604938272 0.06111111111111111 0.08641975308641975
1 0.6715277777777777 0.337037037037037 0.0763888888888889 0.09135802469135802
1 0.7111111111111111 0.15308641975308643 0.06388888888888888 0.09382716049382717
1 0.09583333333333334 0.49876543209876545 0.07777777777777778 0.12345679012345678
1 0.2902777777777778 0.49506172839506174 0.13055555555555556 0.1506172839506173
1 0.2388888888888889 0.24938271604938272 0.05277777777777778 0.07901234567901234
1 0.6611111111111111 0.1308641975308642 0.06111111111111111 0.12839506172839507
1 0.34930555555555554 0.25308641975308643 0.09583333333333334 0.15555555555555556
1 0.2569444444444444 0.5098765432098765 0.07222222222222222 0.11604938271604938
1 0.4895833333333333 0.2506172839506173 0.06805555555555555 0.10617283950617284
1 0.41875 0.25308641975308643 0.08472222222222223 0.14074074074074075
1 0.8229166666666666 0.17901234567901234 0.08194444444444444 0.1111111111111111
1 0.44305555555555554 0.3 0.075 0.10123456790123457
1 0.034027777777777775 0.5061728395061729 0.06527777777777778 0.11358024691358025
1 0.3347222222222222 0.4185185185185185 0.07777777777777778 0.1308641975308642
1 0.6708333333333333 0.15432098765432098 0.06388888888888888 0.10123456790123457
1 0.32708333333333334 0.5074074074074074 0.06527777777777778 0.10617283950617284
1 0.95625 0.05555555555555555 0.08194444444444444 0.10617283950617284
1 0.8854166666666666 0.2222222222222222 0.06527777777777778 0.09382716049382717
2 0.3423611111111111 0.6938271604938272 0.12083333333333333 0.16296296296296298
2 0.021527777777777778 0.7567901234567901 0.04027777777777778 0.10617283950617284
2 0.9722222222222222 0.11975308641975309 0.05555555555555555 0.08641975308641975
2 0.2222222222222222 0.4506172839506173 0.08888888888888889 0.10123456790123457
2 0.9375 0.1765432098765432 0.1 0.07160493827160494
3 0.9743055555555555 0.4777777777777778 0.05138888888888889 0.10617283950617284
1 0.38958333333333334 0.43950617283950616 0.07083333333333333 0.08888888888888889