0 0.2984375 0.5657407407407408 0.11875 0.1
0 0.5268229166666667 0.3907407407407407 0.1140625 0.08518518518518518
1 0.8455729166666667 0.624537037037037 0.058854166666666666 0.08796296296296297
1 0.7981770833333334 0.09907407407407408 0.05260416666666667 0.08703703703703704
1 0.8328125 0.18935185185185185 0.05 0.08055555555555556
1 0.07239583333333334 0.8708333333333333 0.04895833333333333 0.0787037037037037
1 0.7682291666666666 0.7824074074074074 0.046875 0.07777777777777778
1 0.6130208333333333 0.03194444444444444 0.041666666666666664 0.058333333333333334
1 0.21901041666666668 0.37222222222222223 0.04114583333333333 0.07222222222222222
1 0.2609375 0.8712962962962963 0.07083333333333333 0.1037037037037037
1 0.1859375 0.700925925925926 0.03854166666666667 0.06111111111111111
1 0.46197916666666666 0.3939814814814815 0.029166666666666667 0.05092592592592592
1 0.13619791666666667 0.4125 0.030729166666666665 0.05092592592592592
1 0.9388020833333334 0.975 0.0421875 0.05185185185185185
1 0.27838541666666666 0.2125 0.024479166666666666 0.041666666666666664
3 0.9390625 0.45787037037037037 0.10416666666666667 0.10462962962962963
3 0.3921875 0.31712962962962965 0.057291666666666664 0.09537037037037037