3 0.8591145833333333 0.5097222222222222 0.058854166666666666 0.040740740740740744
3 0.8990885416666666 0.3280092592592593 0.05390625 0.03935185185185185
3 0.7630208333333334 0.517824074074074 0.06666666666666667 0.09398148148148149
2 0.6600260416666667 0.9344907407407408 0.07473958333333333 0.1162037037037037
2 0.484765625 0.8407407407407408 0.06171875 0.08148148148148149
2 0.4923177083333333 0.669212962962963 0.04921875 0.08101851851851852
3 0.4186197916666667 0.7236111111111111 0.06328125 0.08518518518518518
3 0.385546875 0.19444444444444445 0.05911458333333333 0.10740740740740741
3 0.4921875 0.24166666666666667 0.06979166666666667 0.0962962962962963
2 0.24661458333333333 0.7988425925925926 0.059895833333333336 0.0699074074074074
0 0.14817708333333332 0.7282407407407407 0.04583333333333333 0.1712962962962963
2 0.5891927083333334 0.6050925925925926 0.08828125 0.10925925925925926