1 0.42799479166666665 0.40694444444444444 0.04140625 0.05925925925925926
1 0.3932291666666667 0.08310185185185186 0.0375 0.05694444444444444
1 0.49765625 0.46620370370370373 0.035416666666666666 0.053703703703703705
1 0.6036458333333333 0.29305555555555557 0.033854166666666664 0.05555555555555555
1 0.30625 0.17430555555555555 0.0375 0.05787037037037037
1 0.5489583333333333 0.2824074074074074 0.018229166666666668 0.02962962962962963
1 0.715234375 0.5333333333333333 0.031510416666666666 0.05462962962962963
1 0.489453125 0.12430555555555556 0.02890625 0.047685185185185185
1 0.610546875 0.549074074074074 0.029947916666666668 0.05
1 0.5419270833333333 0.19652777777777777 0.027083333333333334 0.047685185185185185
1 0.059895833333333336 0.5 0.06041666666666667 0.08425925925925926
1 0.5540364583333334 0.1275462962962963 0.026822916666666665 0.047685185185185185
1 0.31171875 0.44212962962962965 0.03958333333333333 0.05925925925925926
1 0.6266927083333333 0.43819444444444444 0.03307291666666667 0.06342592592592593
1 0.5979166666666667 0.17662037037037037 0.029166666666666667 0.047685185185185185
1 0.7276041666666667 0.34814814814814815 0.026041666666666668 0.044444444444444446
1 0.7016927083333333 0.38101851851851853 0.02578125 0.046296296296296294
1 0.463671875 0.06527777777777778 0.028385416666666666 0.04814814814814815
1 0.5731770833333333 0.4900462962962963 0.033854166666666664 0.05416666666666667
1 0.77578125 0.31157407407407406 0.027604166666666666 0.03425925925925926
1 0.4959635416666667 0.27824074074074073 0.029947916666666668 0.044444444444444446
1 0.342578125 0.46111111111111114 0.03619791666666667 0.06018518518518518
1 0.7485677083333333 0.5206018518518518 0.02109375 0.0412037037037037
1 0.49765625 0.02175925925925926 0.0296875 0.04259259259259259
3 0.045703125 0.2574074074074074 0.04296875 0.05277777777777778
1 0.8494791666666667 0.5064814814814815 0.027604166666666666 0.03425925925925926
1 0.8669270833333333 0.4777777777777778 0.027604166666666666 0.03425925925925926
1 0.8669270833333333 0.387037037037037 0.027604166666666666 0.03425925925925926
1 0.901953125 0.35509259259259257 0.020052083333333335 0.027777777777777776
1 0.9186197916666666 0.3976851851851852 0.020052083333333335 0.027777777777777776
1 0.8415364583333333 0.31805555555555554 0.020052083333333335 0.027777777777777776
1 0.8209635416666666 0.3074074074074074 0.020052083333333335 0.027777777777777776
1 0.775390625 0.27037037037037037 0.020052083333333335 0.027777777777777776
1 0.731640625 0.22962962962962963 0.020052083333333335 0.027777777777777776
1 0.7811197916666667 0.2101851851851852 0.020052083333333335 0.027777777777777776
1 0.8087239583333333 0.2300925925925926 0.020052083333333335 0.027777777777777776
1 0.8649739583333333 0.2652777777777778 0.020052083333333335 0.027777777777777776
1 0.8951822916666666 0.27361111111111114 0.020052083333333335 0.027777777777777776
1 0.9100260416666667 0.3300925925925926 0.020052083333333335 0.027777777777777776
1 0.9537760416666666 0.3625 0.020052083333333335 0.027777777777777776
1 0.953515625 0.4217592592592593 0.020052083333333335 0.027777777777777776
1 0.9735677083333333 0.4398148148148148 0.020052083333333335 0.027777777777777776
1 0.985546875 0.41712962962962963 0.020052083333333335 0.027777777777777776
1 0.741796875 0.15787037037037038 0.020052083333333335 0.027777777777777776
1 0.665234375 0.12175925925925926 0.020052083333333335 0.027777777777777776
1 0.5889322916666667 0.08055555555555556 0.020052083333333335 0.027777777777777776
1 0.579296875 0.10138888888888889 0.020052083333333335 0.027777777777777776
1 0.6962239583333333 0.07453703703703704 0.020052083333333335 0.027777777777777776
1 0.531640625 0.06018518518518518 0.020052083333333335 0.027777777777777776
1 0.576171875 0.018055555555555554 0.020052083333333335 0.027777777777777776
1 0.5756510416666667 0.01712962962962963 0.020052083333333335 0.027777777777777776
1 0.5526041666666667 0.25972222222222224 0.018229166666666668 0.02962962962962963
1 0.50546875 0.17175925925925925 0.018229166666666668 0.02962962962962963