1 0.29097222222222224 0.27037037037037037 0.05694444444444444 0.09135802469135802
1 0.2743055555555556 0.6641975308641975 0.059722222222222225 0.1037037037037037
1 0.42291666666666666 0.8987654320987655 0.04861111111111111 0.08888888888888889
1 0.09652777777777778 0.291358024691358 0.06527777777777778 0.09382716049382717
1 0.8381944444444445 0.5135802469135803 0.05138888888888889 0.07901234567901234
1 0.7083333333333334 0.5382716049382716 0.041666666666666664 0.0691358024691358
1 0.07916666666666666 0.6333333333333333 0.06388888888888888 0.10617283950617284
1 0.5951388888888889 0.7567901234567901 0.04861111111111111 0.07160493827160494
1 0.86875 0.38765432098765434 0.04583333333333333 0.07901234567901234
1 0.5173611111111112 0.6814814814814815 0.043055555555555555 0.07901234567901234
3 0.44166666666666665 0.6925925925925925 0.05555555555555555 0.10123456790123457
3 0.32013888888888886 0.5222222222222223 0.04583333333333333 0.07654320987654321
3 0.19930555555555557 0.608641975308642 0.06527777777777778 0.1111111111111111
3 0.47847222222222224 0.6259259259259259 0.034722222222222224 0.06666666666666667
3 0.73125 0.6987654320987654 0.04861111111111111 0.08395061728395062
3 0.35 0.47160493827160493 0.05555555555555555 0.08395061728395062
3 0.019444444444444445 0.7308641975308642 0.03888888888888889 0.07901234567901234
3 0.38819444444444445 0.3691358024691358 0.0375 0.07160493827160494
3 0.6 0.6432098765432098 0.03611111111111111 0.06172839506172839
3 0.6375 0.9641975308641976 0.06111111111111111 0.07160493827160494
3 0.05347222222222222 0.4888888888888889 0.04583333333333333 0.08888888888888889