1 0.15338541666666666 0.06342592592592593 0.08958333333333333 0.12129629629629629
1 0.29296875 0.5678240740740741 0.11145833333333334 0.16435185185185186
1 0.11822916666666666 0.9284722222222223 0.11354166666666667 0.13564814814814816
1 0.4407552083333333 0.1622685185185185 0.05026041666666667 0.0837962962962963
1 0.4953125 0.12800925925925927 0.03854166666666667 0.06620370370370371
1 0.5986979166666667 0.47337962962962965 0.04895833333333333 0.08194444444444444
1 0.5401041666666667 0.18912037037037038 0.03177083333333333 0.055092592592592596
1 0.6713541666666667 0.33240740740740743 0.034895833333333334 0.058333333333333334
1 0.406640625 0.6453703703703704 0.06588541666666667 0.09351851851851851
1 0.7752604166666667 0.45902777777777776 0.04010416666666667 0.0587962962962963
1 0.470703125 0.5587962962962963 0.06744791666666666 0.12777777777777777
1 0.6881510416666666 0.43171296296296297 0.03046875 0.0587962962962963
1 0.6921875 0.38819444444444445 0.0296875 0.052314814814814814
1 0.5170572916666667 0.05648148148148148 0.02890625 0.04537037037037037
1 0.8350260416666667 0.39351851851851855 0.03046875 0.049074074074074076
3 0.04674479166666667 0.4844907407407407 0.09088541666666666 0.12546296296296297
3 0.4803385416666667 0.47939814814814813 0.13619791666666667 0.17175925925925925