1 0.5084635416666666 0.80625 0.05078125 0.08287037037037037
1 0.5608072916666667 0.7391203703703704 0.047135416666666666 0.08194444444444444
1 0.21640625 0.5914351851851852 0.04739583333333333 0.0875
1 0.753515625 0.5763888888888888 0.05130208333333333 0.08333333333333333
1 0.5576822916666667 0.6537037037037037 0.04192708333333333 0.0712962962962963
1 0.9712239583333333 0.12291666666666666 0.04765625 0.0699074074074074
1 0.5161458333333333 0.9451388888888889 0.06927083333333334 0.09768518518518518
1 0.06705729166666667 0.8796296296296297 0.06328125 0.09166666666666666
1 0.6638020833333333 0.7388888888888889 0.06302083333333333 0.07314814814814814
1 0.7709635416666667 0.7358796296296296 0.07057291666666667 0.10694444444444444
1 0.97421875 0.3902777777777778 0.04791666666666667 0.07962962962962963
1 0.2506510416666667 0.337037037037037 0.03515625 0.06574074074074074
1 0.7649739583333334 0.34120370370370373 0.03723958333333333 0.06018518518518518
1 0.490625 0.9775462962962963 0.058854166666666666 0.038425925925925926
3 0.7450520833333333 0.6893518518518519 0.06510416666666667 0.08981481481481482
3 0.29440104166666664 0.844212962962963 0.07161458333333333 0.08472222222222223
3 0.7888020833333333 0.6324074074074074 0.0328125 0.05185185185185185