1 0.75234375 0.4203703703703704 0.0921875 0.15
1 0.21458333333333332 0.45740740740740743 0.075 0.12962962962962962
1 0.5151041666666667 0.8810185185185185 0.09166666666666666 0.15648148148148147
1 0.4197916666666667 0.9152777777777777 0.09895833333333333 0.16203703703703703
1 0.36666666666666664 0.2 0.06666666666666667 0.12407407407407407
1 0.21666666666666667 0.22592592592592592 0.06770833333333333 0.12222222222222222
1 0.25026041666666665 0.10185185185185185 0.07239583333333334 0.10925925925925926
1 0.13723958333333333 0.2 0.0609375 0.11666666666666667
1 0.76796875 0.25462962962962965 0.13072916666666667 0.2074074074074074
3 0.5869791666666667 0.4324074074074074 0.14583333333333334 0.22962962962962963
3 0.728125 0.10740740740740741 0.121875 0.16666666666666666
3 0.46119791666666665 0.763425925925926 0.12135416666666667 0.18611111111111112
3 0.7682291666666666 0.25555555555555554 0.13020833333333334 0.2074074074074074
3 0.34348958333333335 0.749537037037037 0.0859375 0.14722222222222223
3 0.6526041666666667 0.875 0.128125 0.20925925925925926
3 0.26979166666666665 0.6509259259259259 0.08541666666666667 0.13703703703703704
3 0.4630208333333333 0.4787037037037037 0.128125 0.19814814814814816
1 0.29270833333333335 0.2111111111111111 0.06666666666666667 0.12407407407407407