0 0.6111111111111112 0.9037037037037037 0.09722222222222222 0.10864197530864197
0 0.5965277777777778 0.6469135802469136 0.05138888888888889 0.12839506172839507
1 0.3375 0.3530864197530864 0.06111111111111111 0.10864197530864197
1 0.6541666666666667 0.6222222222222222 0.05 0.08888888888888889
1 0.5645833333333333 0.24814814814814815 0.043055555555555555 0.07654320987654321
1 0.6354166666666666 0.5185185185185185 0.04583333333333333 0.08395061728395062
1 0.5784722222222223 0.4641975308641975 0.04027777777777778 0.0691358024691358
1 0.4173611111111111 0.2037037037037037 0.04027777777777778 0.06172839506172839
1 0.2638888888888889 0.3197530864197531 0.03888888888888889 0.08148148148148149
1 0.6826388888888889 0.3358024691358025 0.0375 0.07407407407407407
1 0.7104166666666667 0.38641975308641974 0.04027777777777778 0.06666666666666667
1 0.2875 0.3851851851851852 0.03888888888888889 0.07407407407407407
1 0.5465277777777777 0.8135802469135802 0.0625 0.1111111111111111
2 0.47638888888888886 0.9209876543209876 0.08055555555555556 0.11358024691358025
3 0.2791666666666667 0.7308641975308642 0.06944444444444445 0.08888888888888889
2 0.5347222222222222 0.9271604938271605 0.06944444444444445 0.07654320987654321