1 0.3450520833333333 0.7935185185185185 0.0828125 0.11574074074074074
1 0.21041666666666667 0.10046296296296296 0.08229166666666667 0.10555555555555556
1 0.507421875 0.12268518518518519 0.03723958333333333 0.08055555555555556
1 0.43528645833333335 0.12546296296296297 0.04192708333333333 0.07592592592592592
1 0.523828125 0.25046296296296294 0.03828125 0.0712962962962963
1 0.7920572916666667 0.36666666666666664 0.03463541666666667 0.04814814814814815
1 0.43450520833333334 0.725 0.04401041666666667 0.0787037037037037
3 0.10611979166666667 0.9310185185185185 0.10703125 0.10925925925925926
3 0.3865885416666667 0.6983796296296296 0.07057291666666667 0.059722222222222225
3 0.20638020833333334 0.21319444444444444 0.08151041666666667 0.08935185185185185
3 0.9733072916666666 0.76875 0.05286458333333333 0.05324074074074074
3 0.978125 0.9381944444444444 0.043229166666666666 0.08657407407407407
1 0.8365885416666666 0.41064814814814815 0.031510416666666666 0.044444444444444446