1 0.3640625 0.25439814814814815 0.0421875 0.07268518518518519
1 0.7869791666666667 0.1648148148148148 0.0421875 0.06481481481481481
1 0.6317708333333333 0.08888888888888889 0.035416666666666666 0.06296296296296296
1 0.5302083333333333 0.1597222222222222 0.028125 0.05092592592592592
1 0.7001302083333333 0.16550925925925927 0.037760416666666664 0.06712962962962964
1 0.7703125 0.1 0.025 0.04259259259259259
1 0.6770833333333334 0.08796296296296297 0.03125 0.049074074074074076
1 0.36614583333333334 0.6423611111111112 0.0515625 0.07824074074074074
1 0.6609375 0.18888888888888888 0.026041666666666668 0.046296296296296294
1 0.486328125 0.1414351851851852 0.02265625 0.04027777777777778
1 0.34479166666666666 0.07314814814814814 0.028125 0.04814814814814815
3 0.8580729166666666 0.3594907407407407 0.11979166666666667 0.14305555555555555
3 0.2630208333333333 0.6622685185185185 0.10625 0.0875
3 0.16536458333333334 0.23703703703703705 0.0265625 0.03425925925925926
3 0.046223958333333336 0.6881944444444444 0.047135416666666666 0.10138888888888889
3 0.3319010416666667 0.4527777777777778 0.03463541666666667 0.03425925925925926
3 0.916015625 0.19652777777777777 0.04348958333333333 0.034722222222222224
3 0.7018229166666666 0.09976851851851852 0.027083333333333334 0.03194444444444444
3 0.9696614583333333 0.11967592592592592 0.037760416666666664 0.038425925925925926
3 0.746484375 0.18912037037037038 0.03723958333333333 0.04398148148148148
1 0.8309895833333333 0.09027777777777778 0.025 0.04259259259259259
1 0.8684895833333334 0.07916666666666666 0.025 0.04259259259259259
1 0.21979166666666666 0.04398148148148148 0.028125 0.04814814814814815
1 0.19791666666666666 0.04259259259259259 0.028125 0.04814814814814815
1 0.4 0.08726851851851852 0.018229166666666668 0.03194444444444444
1 0.41458333333333336 0.06921296296296296 0.018229166666666668 0.03194444444444444
1 0.471875 0.0349537037037037 0.018229166666666668 0.03194444444444444
1 0.48541666666666666 0.0349537037037037 0.018229166666666668 0.03194444444444444
1 0.56484375 0.016898148148148148 0.018229166666666668 0.03194444444444444