1 0.651953125 0.5821759259259259 0.029947916666666668 0.050462962962962966
1 0.273046875 0.37430555555555556 0.027864583333333335 0.04490740740740741
1 0.058203125 0.45231481481481484 0.032552083333333336 0.05277777777777778
1 0.1703125 0.3263888888888889 0.027083333333333334 0.040740740740740744
1 0.7662760416666666 0.524074074074074 0.027864583333333335 0.03981481481481482
1 0.7569010416666667 0.44074074074074077 0.029427083333333333 0.044444444444444446
1 0.19440104166666666 0.2037037037037037 0.026302083333333334 0.03796296296296296
1 0.23333333333333334 0.3990740740740741 0.021875 0.03888888888888889
1 0.594140625 0.5523148148148148 0.02265625 0.04259259259259259
1 0.5561197916666667 0.4710648148148148 0.023697916666666666 0.04027777777777778
1 0.30885416666666665 0.24537037037037038 0.025 0.03888888888888889
1 0.6114583333333333 0.5081018518518519 0.0203125 0.03935185185185185
1 0.4412760416666667 0.4326388888888889 0.022135416666666668 0.04027777777777778
1 0.5287760416666667 0.3872685185185185 0.029427083333333333 0.055092592592592596
1 0.7606770833333333 0.31828703703703703 0.026041666666666668 0.04398148148148148
1 0.6864583333333333 0.5375 0.025 0.037037037037037035
1 0.021614583333333333 0.1724537037037037 0.035416666666666666 0.050462962962962966
3 0.13020833333333334 0.8152777777777778 0.0578125 0.07592592592592592
3 0.562109375 0.6099537037037037 0.04765625 0.052314814814814814
1 0.47903645833333336 0.2983796296296296 0.022135416666666668 0.04027777777777778
1 0.428515625 0.2673611111111111 0.022135416666666668 0.04027777777777778
1 0.408984375 0.22800925925925927 0.022135416666666668 0.04027777777777778
1 0.374609375 0.23402777777777778 0.022135416666666668 0.04027777777777778
1 0.3475260416666667 0.2099537037037037 0.022135416666666668 0.04027777777777778
1 0.6014322916666667 0.32013888888888886 0.022135416666666668 0.04027777777777778
1 0.5962239583333333 0.4233796296296296 0.022135416666666668 0.04027777777777778
1 0.637890625 0.31828703703703703 0.022135416666666668 0.04027777777777778
1 0.6985677083333334 0.44837962962962963 0.022135416666666668 0.04027777777777778
1 0.7001302083333333 0.28449074074074077 0.022135416666666668 0.04027777777777778
1 0.8069010416666667 0.2881944444444444 0.022135416666666668 0.04027777777777778
1 0.766796875 0.22939814814814816 0.022135416666666668 0.04027777777777778
1 0.654296875 0.20300925925925925 0.022135416666666668 0.04027777777777778