1 0.13680555555555557 0.39753086419753086 0.10416666666666667 0.12839506172839507
1 0.5097222222222222 0.5444444444444444 0.08055555555555556 0.13580246913580246
1 0.6430555555555556 0.6222222222222222 0.08333333333333333 0.12839506172839507
1 0.1076388888888889 0.8271604938271605 0.14027777777777778 0.14814814814814814
1 0.60625 0.5135802469135803 0.0763888888888889 0.11851851851851852
1 0.3402777777777778 0.44074074074074077 0.06111111111111111 0.1111111111111111
1 0.5104166666666666 0.0962962962962963 0.06805555555555555 0.11851851851851852
1 0.7284722222222222 0.6222222222222222 0.07916666666666666 0.10864197530864197
1 0.2152777777777778 0.02962962962962963 0.08055555555555556 0.05432098765432099
3 0.2423611111111111 0.49135802469135803 0.10972222222222222 0.16296296296296298
3 0.06527777777777778 0.09382716049382717 0.12777777777777777 0.14814814814814814
3 0.4583333333333333 0.31234567901234567 0.058333333333333334 0.10123456790123457
3 0.42083333333333334 0.6555555555555556 0.06111111111111111 0.0962962962962963
3 0.07291666666666667 0.30246913580246915 0.14305555555555555 0.18024691358024691
3 0.6173611111111111 0.1654320987654321 0.0625 0.08888888888888889
3 0.7805555555555556 0.18765432098765433 0.07777777777777778 0.08395061728395062
3 0.03263888888888889 0.7641975308641975 0.0625 0.07160493827160494
3 0.9784722222222222 0.9617283950617284 0.04583333333333333 0.06666666666666667
3 0.38333333333333336 0.04691358024691358 0.05277777777777778 0.05432098765432099