0 0.4270833333333333 0.08055555555555556 0.04895833333333333 0.1111111111111111
1 0.5338541666666666 0.5069444444444444 0.075 0.12314814814814815
1 0.37838541666666664 0.16898148148148148 0.06302083333333333 0.10462962962962963
1 0.6533854166666667 0.5694444444444444 0.06302083333333333 0.12962962962962962
1 0.44036458333333334 0.17731481481481481 0.05364583333333333 0.10092592592592593
1 0.9635416666666666 0.825 0.07083333333333333 0.11666666666666667
1 0.528125 0.9574074074074074 0.07083333333333333 0.07592592592592592
1 0.9783854166666667 0.0912037037037037 0.043229166666666666 0.09722222222222222
1 0.7869791666666667 0.2222222222222222 0.058333333333333334 0.10740740740740741
1 0.40546875 0.6259259259259259 0.0421875 0.06851851851851852
1 0.8583333333333333 0.29953703703703705 0.07083333333333333 0.10462962962962963
1 0.029166666666666667 0.2810185185185185 0.058333333333333334 0.13240740740740742
1 0.08307291666666666 0.08703703703703704 0.044270833333333336 0.06851851851851852
3 0.85234375 0.8138888888888889 0.09739583333333333 0.1388888888888889