0 0.20902777777777778 0.8444444444444444 0.17916666666666667 0.3111111111111111
0 0.8326388888888889 0.8506172839506173 0.3347222222222222 0.2938271604938272
0 0.05277777777777778 0.43580246913580245 0.10277777777777777 0.19506172839506172
1 0.3729166666666667 0.5962962962962963 0.2375 0.38765432098765434
1 0.17083333333333334 0.4024691358024691 0.14444444444444443 0.2518518518518518
1 0.08194444444444444 0.5987654320987654 0.16111111111111112 0.3135802469135803
1 0.9597222222222223 0.05555555555555555 0.07777777777777778 0.10617283950617284
2 0.5076388888888889 0.07777777777777778 0.11805555555555555 0.1506172839506173
2 0.28541666666666665 0.43333333333333335 0.1597222222222222 0.22469135802469137
2 0.8680555555555556 0.2962962962962963 0.22777777777777777 0.26666666666666666
2 0.4013888888888889 0.22839506172839505 0.1638888888888889 0.21975308641975308
2 0.5958333333333333 0.7876543209876543 0.28055555555555556 0.41975308641975306
2 0.6979166666666666 0.10617283950617284 0.13472222222222222 0.2074074074074074
2 0.44027777777777777 0.08271604938271605 0.08333333333333333 0.1111111111111111
2 0.8277777777777777 0.05432098765432099 0.1638888888888889 0.1037037037037037
2 0.6270833333333333 0.04197530864197531 0.12638888888888888 0.07901234567901234
2 0.6506944444444445 0.41728395061728396 0.17083333333333334 0.3111111111111111
2 0.4986111111111111 0.5802469135802469 0.1111111111111111 0.1925925925925926
3 0.5777777777777777 0.38395061728395063 0.31666666666666665 0.38765432098765434