1 0.5673611111111111 0.29259259259259257 0.05694444444444444 0.09135802469135802
1 0.6409722222222223 0.30493827160493825 0.0763888888888889 0.12098765432098765
1 0.66875 0.47901234567901235 0.05694444444444444 0.09876543209876543
1 0.5680555555555555 0.5962962962962963 0.07222222222222222 0.1308641975308642
1 0.9520833333333333 0.3950617283950617 0.09583333333333334 0.11851851851851852
1 0.86875 0.29876543209876544 0.09583333333333334 0.11358024691358025
1 0.3993055555555556 0.4506172839506173 0.07083333333333333 0.11604938271604938
1 0.7076388888888889 0.06296296296296296 0.07916666666666666 0.11604938271604938
1 0.3451388888888889 0.1925925925925926 0.04027777777777778 0.05925925925925926
1 0.8319444444444445 0.21358024691358024 0.08333333333333333 0.10123456790123457
1 0.38055555555555554 0.10617283950617284 0.05555555555555555 0.08395061728395062
1 0.6215277777777778 0.2074074074074074 0.07083333333333333 0.10864197530864197
1 0.34444444444444444 0.050617283950617285 0.07222222222222222 0.0962962962962963
1 0.45625 0.05925925925925926 0.04583333333333333 0.08395061728395062
3 0.47430555555555554 0.21851851851851853 0.059722222222222225 0.0962962962962963
3 0.5215277777777778 0.09506172839506173 0.059722222222222225 0.06666666666666667
3 0.47847222222222224 0.35555555555555557 0.0763888888888889 0.12839506172839507
3 0.41388888888888886 0.5395061728395062 0.08611111111111111 0.11604938271604938
3 0.6388888888888888 0.10740740740740741 0.05277777777777778 0.07160493827160494
3 0.22291666666666668 0.845679012345679 0.09861111111111111 0.1308641975308642
3 0.36736111111111114 0.37777777777777777 0.05694444444444444 0.08888888888888889
3 0.5256944444444445 0.27901234567901234 0.059722222222222225 0.09876543209876543
3 0.8027777777777778 0.0345679012345679 0.05555555555555555 0.05925925925925926
3 0.41805555555555557 0.2518518518518518 0.07222222222222222 0.1037037037037037
3 0.7694444444444445 0.21728395061728395 0.07222222222222222 0.08395061728395062
3 0.13402777777777777 0.06172839506172839 0.09861111111111111 0.09876543209876543
3 0.05625 0.12469135802469136 0.10972222222222222 0.14074074074074075