1 0.45 0.7710648148148148 0.04010416666666667 0.07268518518518519
1 0.18854166666666666 0.5319444444444444 0.03229166666666667 0.05555555555555555
1 0.20416666666666666 0.593287037037037 0.034375 0.060648148148148145
1 0.5473958333333333 0.39652777777777776 0.035416666666666666 0.06805555555555555
1 0.24088541666666666 0.38796296296296295 0.03125 0.05277777777777778
1 0.2752604166666667 0.9418981481481481 0.0453125 0.0837962962962963
1 0.7204427083333333 0.9175925925925926 0.05546875 0.08796296296296297
1 0.5125 0.4263888888888889 0.0375 0.07037037037037037
1 0.365234375 0.2386574074074074 0.02734375 0.03194444444444444
1 0.6048177083333334 0.6335648148148149 0.04348958333333333 0.07731481481481481
1 0.5657552083333334 0.6030092592592593 0.03411458333333333 0.06898148148148148
1 0.265625 0.3416666666666667 0.0265625 0.04722222222222222
1 0.7774739583333333 0.9365740740740741 0.06171875 0.1111111111111111
1 0.47018229166666664 0.5342592592592592 0.038802083333333334 0.07037037037037037
1 0.34010416666666665 0.28125 0.028645833333333332 0.04861111111111111
1 0.29388020833333334 0.3490740740740741 0.02734375 0.04814814814814815
1 0.579296875 0.2708333333333333 0.026822916666666665 0.05740740740740741
1 0.8225260416666667 0.9657407407407408 0.054427083333333334 0.06944444444444445
1 0.9533854166666667 0.5233796296296296 0.05520833333333333 0.09027777777777778
3 0.7044270833333334 0.7814814814814814 0.05572916666666667 0.07314814814814814
0 0.3958333333333333 0.7152777777777778 0.06197916666666667 0.07037037037037037
1 0.36575520833333336 0.2125 0.01640625 0.018518518518518517
1 0.44166666666666665 0.06712962962962964 0.016145833333333335 0.024074074074074074
1 0.4529947916666667 0.04351851851851852 0.012760416666666666 0.018518518518518517