0 0.35625 0.7888888888888889 0.11527777777777778 0.15555555555555556
0 0.4409722222222222 0.8074074074074075 0.059722222222222225 0.16790123456790124
0 0.18958333333333333 0.2765432098765432 0.09861111111111111 0.0691358024691358
0 0.10347222222222222 0.1345679012345679 0.07083333333333333 0.06172839506172839
0 0.1361111111111111 0.3074074074074074 0.08611111111111111 0.07654320987654321
1 0.17430555555555555 0.4444444444444444 0.09583333333333334 0.12839506172839507
1 0.29305555555555557 0.10740740740740741 0.044444444444444446 0.08641975308641975
3 0.69375 0.16666666666666666 0.06805555555555555 0.08148148148148149
3 0.6229166666666667 0.3074074074074074 0.06805555555555555 0.0962962962962963
3 0.3548611111111111 0.1617283950617284 0.04583333333333333 0.09135802469135802
3 0.34930555555555554 0.2382716049382716 0.04861111111111111 0.07160493827160494
3 0.5395833333333333 0.5703703703703704 0.05694444444444444 0.08395061728395062
0 0.4652777777777778 0.13333333333333333 0.041666666666666664 0.14320987654320988