0 0.06197916666666667 0.4444444444444444 0.12291666666666666 0.1259259259259259
0 0.08828125 0.8111111111111111 0.13177083333333334 0.35
1 0.5403645833333334 0.45092592592592595 0.08697916666666666 0.14074074074074075
1 0.046614583333333334 0.5981481481481481 0.0921875 0.18888888888888888
1 0.034895833333333334 0.059722222222222225 0.06875 0.1175925925925926
1 0.9770833333333333 0.5550925925925926 0.04479166666666667 0.09722222222222222
1 0.4421875 0.04259259259259259 0.05520833333333333 0.08333333333333333
1 0.4901041666666667 0.03425925925925926 0.051041666666666666 0.06666666666666667
3 0.7453125 0.9402777777777778 0.13333333333333333 0.11388888888888889
1 0.9747395833333333 0.22453703703703703 0.03802083333333333 0.07314814814814814
1 0.9447916666666667 0.2064814814814815 0.030208333333333334 0.06296296296296296