0 0.12222222222222222 0.928395061728395 0.1388888888888889 0.1382716049382716
0 0.05486111111111111 0.6370370370370371 0.10694444444444444 0.18271604938271604
1 0.1486111111111111 0.4074074074074074 0.09444444444444444 0.14320987654320988
1 0.30972222222222223 0.1814814814814815 0.044444444444444446 0.07654320987654321
1 0.26805555555555555 0.08888888888888889 0.04722222222222222 0.07901234567901234
1 0.4340277777777778 0.10864197530864197 0.04583333333333333 0.0691358024691358
1 0.7083333333333334 0.07777777777777778 0.08888888888888889 0.1308641975308642
3 0.33611111111111114 0.28888888888888886 0.06666666666666667 0.0691358024691358
3 0.0763888888888889 0.09753086419753086 0.06388888888888888 0.07654320987654321
1 0.41180555555555554 0.05925925925925926 0.04583333333333333 0.0691358024691358
0 0.02638888888888889 0.3728395061728395 0.05 0.10864197530864197