0 0.5729166666666666 0.16913580246913582 0.12361111111111112 0.1308641975308642
0 0.5833333333333334 0.3851851851851852 0.1527777777777778 0.12839506172839507
0 0.7041666666666667 0.6777777777777778 0.18888888888888888 0.20987654320987653
1 0.34652777777777777 0.3493827160493827 0.11805555555555555 0.19506172839506172
1 0.07222222222222222 0.8740740740740741 0.14444444444444443 0.24691358024691357
3 0.41041666666666665 0.5370370370370371 0.10694444444444444 0.18024691358024691
3 0.4625 0.05308641975308642 0.11944444444444445 0.10123456790123457
3 0.30833333333333335 0.5938271604938271 0.10277777777777777 0.19012345679012346
3 0.5270833333333333 0.7432098765432099 0.12916666666666668 0.2123456790123457
3 0.05 0.18395061728395062 0.1 0.24938271604938272
3 0.21180555555555555 0.9358024691358025 0.15138888888888888 0.12345679012345678