1 0.2881944444444444 0.6395061728395062 0.05416666666666667 0.10864197530864197
1 0.05416666666666667 0.928395061728395 0.09722222222222222 0.1382716049382716
1 0.5194444444444445 0.5024691358024691 0.03611111111111111 0.07160493827160494
1 0.8013888888888889 0.1654320987654321 0.06388888888888888 0.11851851851851852
1 0.12986111111111112 0.5432098765432098 0.0625 0.09876543209876543
1 0.9166666666666666 0.5592592592592592 0.11944444444444445 0.10123456790123457
1 0.14930555555555555 0.3814814814814815 0.043055555555555555 0.07160493827160494
3 0.9291666666666667 0.7024691358024692 0.14166666666666666 0.22469135802469137
1 0.4305555555555556 0.3790123456790123 0.03611111111111111 0.07160493827160494
1 0.5513888888888889 0.2037037037037037 0.03611111111111111 0.07160493827160494
1 0.6236111111111111 0.2975308641975309 0.03611111111111111 0.07160493827160494