1 0.378125 0.8606481481481482 0.04375 0.06759259259259259
1 0.60078125 0.7314814814814815 0.044270833333333336 0.07037037037037037
1 0.07578125 0.8842592592592593 0.05572916666666667 0.08333333333333333
1 0.21041666666666667 0.6939814814814815 0.036458333333333336 0.05648148148148148
1 0.5299479166666666 0.750462962962963 0.0390625 0.062037037037037036
1 0.5893229166666667 0.924537037037037 0.04010416666666667 0.062037037037037036
1 0.2546875 0.5819444444444445 0.034375 0.05092592592592592
1 0.6859375 0.7199074074074074 0.03958333333333333 0.06018518518518518
1 0.6057291666666667 0.5504629629629629 0.035416666666666666 0.05462962962962963
1 0.8419270833333333 0.6407407407407407 0.0328125 0.053703703703703705
1 0.6677083333333333 0.6800925925925926 0.036458333333333336 0.05462962962962963
1 0.5854166666666667 0.3476851851851852 0.030208333333333334 0.05462962962962963
1 0.6091145833333333 0.29907407407407405 0.030729166666666665 0.04814814814814815
1 0.7966145833333333 0.4449074074074074 0.030729166666666665 0.05092592592592592
1 0.5192708333333333 0.4393518518518518 0.046875 0.0712962962962963
1 0.73671875 0.4162037037037037 0.028645833333333332 0.04537037037037037
1 0.07578125 0.15833333333333333 0.0453125 0.07407407407407407
1 0.7223958333333333 0.5578703703703703 0.034375 0.06018518518518518
1 0.4140625 0.2537037037037037 0.03125 0.05
3 0.35651041666666666 0.7925925925925926 0.05364583333333333 0.07407407407407407
3 0.11276041666666667 0.5694444444444444 0.09010416666666667 0.08518518518518518
3 0.19192708333333333 0.5671296296296297 0.04739583333333333 0.06018518518518518