1 0.8705729166666667 0.6726851851851852 0.026041666666666668 0.03518518518518519
1 0.9432291666666667 0.5685185185185185 0.024479166666666666 0.03518518518518519
1 0.8826822916666667 0.6018518518518519 0.020572916666666666 0.041666666666666664
1 0.8157552083333334 0.6268518518518519 0.019010416666666665 0.03611111111111111
1 0.6161458333333333 0.5988425925925925 0.025520833333333333 0.0375
1 0.6942708333333333 0.6462962962962963 0.035416666666666666 0.05740740740740741
1 0.5611979166666666 0.8967592592592593 0.09010416666666667 0.15555555555555556
1 0.3890625 0.8710648148148148 0.05 0.0912037037037037
1 0.4830729166666667 0.6039351851851852 0.05625 0.1050925925925926
1 0.43997395833333336 0.5993055555555555 0.030989583333333334 0.07361111111111111
1 0.36966145833333336 0.63125 0.07890625 0.1125
1 0.30442708333333335 0.6319444444444444 0.05572916666666667 0.08888888888888889
1 0.40377604166666664 0.3472222222222222 0.017447916666666667 0.03518518518518519
1 0.31354166666666666 0.2831018518518518 0.026041666666666668 0.04490740740740741
1 0.081640625 0.38773148148148145 0.04348958333333333 0.06620370370370371
1 0.50625 0.4516203703703704 0.025520833333333333 0.038425925925925926
1 0.580859375 0.45925925925925926 0.02265625 0.046296296296296294
1 0.531640625 0.5085648148148149 0.016927083333333332 0.04490740740740741