1 0.3140625 0.7 0.03958333333333333 0.07222222222222222
1 0.16692708333333334 0.7300925925925926 0.0453125 0.075
1 0.3265625 0.5009259259259259 0.042708333333333334 0.07407407407407407
1 0.7825520833333334 0.9032407407407408 0.0515625 0.07685185185185185
1 0.8802083333333334 0.9027777777777778 0.04791666666666667 0.07592592592592592
1 0.14140625 0.6189814814814815 0.0421875 0.062037037037037036
1 0.8442708333333333 0.7949074074074074 0.04791666666666667 0.06388888888888888
1 0.084375 0.6212962962962963 0.03958333333333333 0.05925925925925926
1 0.62265625 0.4777777777777778 0.03802083333333333 0.06481481481481481
1 0.7604166666666666 0.475462962962963 0.04583333333333333 0.07314814814814814
1 0.49322916666666666 0.4842592592592593 0.06875 0.09444444444444444
1 0.64765625 0.40185185185185185 0.033854166666666664 0.05740740740740741
3 0.10026041666666667 0.6773148148148148 0.0984375 0.11388888888888889