1 0.7166666666666667 0.8597222222222223 0.052083333333333336 0.08981481481481482
1 0.5880208333333333 0.38055555555555554 0.03958333333333333 0.06666666666666667
1 0.7484375 0.5027777777777778 0.04791666666666667 0.07777777777777778
1 0.69140625 0.7333333333333333 0.0453125 0.07592592592592592
1 0.8518229166666667 0.9273148148148148 0.0578125 0.09351851851851851
1 0.6046875 0.5777777777777777 0.035416666666666666 0.06666666666666667
1 0.9083333333333333 0.34814814814814815 0.046875 0.07222222222222222
1 0.72890625 0.6444444444444445 0.034895833333333334 0.05740740740740741
1 0.8604166666666667 0.11435185185185186 0.035416666666666666 0.062037037037037036
1 0.90390625 0.1425925925925926 0.033854166666666664 0.06481481481481481
1 0.6106770833333334 0.14074074074074075 0.0296875 0.05
1 0.8567708333333334 0.32685185185185184 0.0375 0.05555555555555555
1 0.7078125 0.2824074074074074 0.03125 0.05
1 0.7786458333333334 0.17824074074074073 0.03125 0.05648148148148148
1 0.6255208333333333 0.21388888888888888 0.027083333333333334 0.046296296296296294
1 0.6533854166666667 0.7046296296296296 0.03697916666666667 0.06666666666666667
1 0.6265625 0.05694444444444444 0.030208333333333334 0.05092592592592592
1 0.7528645833333333 0.1925925925925926 0.028645833333333332 0.05185185185185185
3 0.92421875 0.7583333333333333 0.07864583333333333 0.13333333333333333
3 0.7979166666666667 0.9523148148148148 0.07291666666666667 0.09166666666666666
3 0.35260416666666666 0.7342592592592593 0.05 0.07592592592592592
3 0.9723958333333333 0.8305555555555556 0.053125 0.1