0 0.28541666666666665 0.6296296296296297 0.07361111111111111 0.08888888888888889
1 0.3798611111111111 0.6012345679012345 0.05694444444444444 0.08641975308641975
1 0.4013888888888889 0.5135802469135803 0.06388888888888888 0.09382716049382717
1 0.6201388888888889 0.45185185185185184 0.05694444444444444 0.08888888888888889
1 0.5833333333333334 0.5765432098765432 0.05277777777777778 0.08641975308641975
1 0.20277777777777778 0.6037037037037037 0.058333333333333334 0.07654320987654321
1 0.45416666666666666 0.7506172839506173 0.09722222222222222 0.17777777777777778
1 0.5618055555555556 0.8234567901234567 0.08194444444444444 0.17530864197530865
1 0.30972222222222223 0.9098765432098765 0.13333333333333333 0.18024691358024691
1 0.027083333333333334 0.745679012345679 0.05416666666666667 0.08888888888888889
1 0.2972222222222222 0.5444444444444444 0.044444444444444446 0.056790123456790124
1 0.19305555555555556 0.38271604938271603 0.03888888888888889 0.04938271604938271
3 0.6416666666666667 0.7962962962962963 0.06388888888888888 0.0962962962962963
3 0.63125 0.908641975308642 0.0625 0.08888888888888889
3 0.825 0.43950617283950616 0.06944444444444445 0.08395061728395062
3 0.7229166666666667 0.6296296296296297 0.0763888888888889 0.08395061728395062
3 0.6277777777777778 0.5617283950617284 0.04722222222222222 0.08148148148148149
3 0.7201388888888889 0.49506172839506174 0.059722222222222225 0.08148148148148149