1 0.6674479166666667 0.06944444444444445 0.08385416666666666 0.13148148148148148
1 0.5869791666666667 0.6217592592592592 0.07395833333333333 0.12129629629629629
1 0.4828125 0.39490740740740743 0.07291666666666667 0.13796296296296295
1 0.6755208333333333 0.5666666666666667 0.04583333333333333 0.07407407407407407
1 0.8333333333333334 0.3537037037037037 0.058333333333333334 0.10185185185185185
1 0.7291666666666666 0.41574074074074074 0.04791666666666667 0.08148148148148149
1 0.7432291666666667 0.7828703703703703 0.06458333333333334 0.09351851851851851
1 0.3450520833333333 0.8458333333333333 0.0734375 0.10648148148148148
1 0.7986979166666667 0.6759259259259259 0.07135416666666666 0.08703703703703704
1 0.9549479166666667 0.07962962962962963 0.06302083333333333 0.08333333333333333
1 0.8481770833333333 0.7976851851851852 0.0828125 0.10462962962962963
1 0.09557291666666666 0.8768518518518519 0.1796875 0.16111111111111112
1 0.9182291666666667 0.19490740740740742 0.07916666666666666 0.09351851851851851
1 0.7828125 0.7550925925925925 0.058333333333333334 0.08611111111111111
1 0.36796875 0.03888888888888889 0.0984375 0.07407407407407407
3 0.6908854166666667 0.5009259259259259 0.0578125 0.08518518518518518
3 0.43723958333333335 0.08981481481481482 0.06302083333333333 0.09074074074074075
3 0.21640625 0.2814814814814815 0.09322916666666667 0.12407407407407407
3 0.7544270833333333 0.36342592592592593 0.0546875 0.10462962962962963
3 0.56171875 0.0412037037037037 0.0765625 0.0787037037037037
3 0.7161458333333334 0.7236111111111111 0.051041666666666666 0.09907407407407408
3 0.78671875 0.13935185185185187 0.08489583333333334 0.1175925925925926
3 0.9411458333333333 0.44907407407407407 0.08958333333333333 0.11666666666666667
3 0.8119791666666667 0.06666666666666667 0.07708333333333334 0.10925925925925926
3 0.42916666666666664 0.40555555555555556 0.075 0.12222222222222222
3 0.7088541666666667 0.22592592592592592 0.071875 0.10740740740740741
3 0.6877604166666667 0.34953703703703703 0.0671875 0.10462962962962963
3 0.9682291666666667 0.3384259259259259 0.06354166666666666 0.10833333333333334
3 0.9403645833333333 0.2828703703703704 0.07760416666666667 0.10833333333333334
3 0.06875 0.6532407407407408 0.13645833333333332 0.20833333333333334
3 0.6731770833333334 0.8333333333333334 0.0515625 0.07962962962962963
3 0.9861979166666667 0.4638888888888889 0.027604166666666666 0.09444444444444444
3 0.9778645833333334 0.02175925925925926 0.0359375 0.041666666666666664
3 0.13385416666666666 0.1337962962962963 0.046875 0.04351851851851852
3 0.9135416666666667 0.09814814814814815 0.042708333333333334 0.05925925925925926
3 0.97734375 0.6078703703703704 0.0453125 0.06018518518518518
3 0.8380208333333333 0.28703703703703703 0.04791666666666667 0.07037037037037037
1 0.9369791666666667 0.825462962962963 0.06875 0.08981481481481482
1 0.9877604166666667 0.7944444444444444 0.025520833333333333 0.06111111111111111