3 0.3006510416666667 0.21180555555555555 0.020052083333333335 0.02638888888888889
3 0.375 0.5671296296296297 0.022916666666666665 0.03611111111111111
0 0.3888020833333333 0.4233796296296296 0.025 0.024537037037037038
1 0.5876302083333333 0.42777777777777776 0.03984375 0.06944444444444445
3 0.8091145833333333 0.6483796296296296 0.043229166666666666 0.059722222222222225
3 0.8295572916666667 0.3178240740740741 0.05651041666666667 0.07546296296296297
3 0.8899739583333334 0.1997685185185185 0.03411458333333333 0.04953703703703704
0 0.8817708333333333 0.25069444444444444 0.0828125 0.06342592592592593
3 0.516796875 0.3625 0.029427083333333333 0.04351851851851852
3 0.559765625 0.14467592592592593 0.018489583333333334 0.03009259259259259
3 0.664453125 0.16527777777777777 0.03359375 0.04814814814814815
3 0.8130208333333333 0.06527777777777778 0.034895833333333334 0.041666666666666664