0 0.78046875 0.7921296296296296 0.06197916666666667 0.16574074074074074
1 0.34869791666666666 0.4425925925925926 0.0484375 0.07592592592592592
1 0.21953125 0.5583333333333333 0.049479166666666664 0.07962962962962963
1 0.23229166666666667 0.7296296296296296 0.04479166666666667 0.07222222222222222
1 0.7088541666666667 0.6643518518518519 0.04375 0.0712962962962963
1 0.8057291666666667 0.7486111111111111 0.04583333333333333 0.06759259259259259
1 0.13229166666666667 0.4638888888888889 0.041666666666666664 0.05925925925925926
1 0.26953125 0.33796296296296297 0.034895833333333334 0.06111111111111111
1 0.6877604166666667 0.6027777777777777 0.034895833333333334 0.05555555555555555
1 0.4856770833333333 0.15601851851851853 0.0265625 0.041666666666666664
3 0.30703125 0.7157407407407408 0.0796875 0.11481481481481481
3 0.6395833333333333 0.5138888888888888 0.07291666666666667 0.08518518518518518
3 0.45078125 0.9578703703703704 0.07552083333333333 0.0824074074074074