1 0.41901041666666666 0.5638888888888889 0.03177083333333333 0.04814814814814815
1 0.05872395833333333 0.6886574074074074 0.04192708333333333 0.0587962962962963
1 0.3938802083333333 0.5053240740740741 0.023177083333333334 0.038425925925925926
1 0.18880208333333334 0.7356481481481482 0.041666666666666664 0.05555555555555555
1 0.040364583333333336 0.21157407407407408 0.0421875 0.06296296296296296
1 0.3079427083333333 0.5506944444444445 0.026822916666666665 0.04027777777777778
1 0.09791666666666667 0.1375 0.030208333333333334 0.04351851851851852
1 0.684375 0.5009259259259259 0.019270833333333334 0.03796296296296296
1 0.5244791666666667 0.5891203703703703 0.027083333333333334 0.04212962962962963
1 0.68046875 0.5569444444444445 0.022395833333333334 0.03888888888888889
1 0.05169270833333333 0.13819444444444445 0.03307291666666667 0.04675925925925926
1 0.20924479166666668 0.15902777777777777 0.03046875 0.04398148148148148
1 0.6330729166666667 0.39375 0.015104166666666667 0.029166666666666667
1 0.26471354166666666 0.5060185185185185 0.032552083333333336 0.05092592592592592
1 0.580078125 0.39375 0.03046875 0.04027777777777778
1 0.623828125 0.5819444444444445 0.021614583333333333 0.03796296296296296
1 0.571875 0.5451388888888888 0.019270833333333334 0.03657407407407407
3 0.143359375 0.7865740740740741 0.03619791666666667 0.04722222222222222
1 0.5006510416666666 0.46041666666666664 0.023177083333333334 0.038425925925925926
1 0.47408854166666664 0.4423611111111111 0.023177083333333334 0.038425925925925926
1 0.475390625 0.38958333333333334 0.023177083333333334 0.038425925925925926
1 0.512109375 0.3909722222222222 0.023177083333333334 0.038425925925925926
1 0.6657552083333333 0.44699074074074074 0.023177083333333334 0.038425925925925926
1 0.716015625 0.5131944444444444 0.023177083333333334 0.038425925925925926
1 0.773828125 0.47430555555555554 0.023177083333333334 0.038425925925925926
1 0.7563802083333333 0.4284722222222222 0.01328125 0.02824074074074074
1 0.736328125 0.3627314814814815 0.01328125 0.02824074074074074
1 0.760546875 0.38958333333333334 0.01328125 0.02824074074074074
1 0.7626302083333333 0.3539351851851852 0.01328125 0.02824074074074074
1 0.6473958333333333 0.40578703703703706 0.015104166666666667 0.029166666666666667
1 0.6651041666666667 0.3701388888888889 0.015104166666666667 0.029166666666666667
1 0.316015625 0.642824074074074 0.03046875 0.04027777777777778