0 0.59921875 0.5282407407407408 0.1390625 0.14722222222222223
1 0.9567708333333333 0.44907407407407407 0.0625 0.08148148148148149
1 0.23958333333333334 0.46064814814814814 0.05520833333333333 0.09907407407407408
1 0.16223958333333333 0.6736111111111112 0.05572916666666667 0.09537037037037037
1 0.3190104166666667 0.5083333333333333 0.06302083333333333 0.1
1 0.16171875 0.3277777777777778 0.0421875 0.06296296296296296
1 0.5627604166666667 0.27314814814814814 0.044270833333333336 0.05
1 0.12057291666666667 0.9495370370370371 0.07552083333333333 0.09166666666666666
1 0.5296875 0.2064814814814815 0.04375 0.07592592592592592
1 0.06276041666666667 0.4828703703703704 0.0390625 0.08611111111111111
1 0.68203125 0.2875 0.03802083333333333 0.05092592592592592
1 0.3359375 0.028703703703703703 0.042708333333333334 0.05555555555555555
1 0.18072916666666666 0.2601851851851852 0.025 0.046296296296296294
1 0.24270833333333333 0.18611111111111112 0.034375 0.06111111111111111
1 0.09765625 0.48194444444444445 0.03802083333333333 0.0824074074074074
1 0.27239583333333334 0.1699074074074074 0.036458333333333336 0.06018518518518518