1 0.13819444444444445 0.674074074074074 0.06527777777777778 0.09876543209876543
1 0.20208333333333334 0.4222222222222222 0.04861111111111111 0.07407407407407407
1 0.5618055555555556 0.562962962962963 0.05694444444444444 0.08888888888888889
1 0.25555555555555554 0.9160493827160494 0.075 0.12345679012345678
1 0.45625 0.671604938271605 0.06527777777777778 0.09382716049382717
1 0.4701388888888889 0.4123456790123457 0.04027777777777778 0.06419753086419754
1 0.10972222222222222 0.5691358024691358 0.03611111111111111 0.06666666666666667
1 0.24861111111111112 0.3074074074074074 0.041666666666666664 0.07160493827160494
1 0.10972222222222222 0.7567901234567901 0.05555555555555555 0.08641975308641975
3 0.30486111111111114 0.8296296296296296 0.0875 0.1382716049382716
3 0.5243055555555556 0.7098765432098766 0.05694444444444444 0.09135802469135802
1 0.5618055555555556 0.26296296296296295 0.04027777777777778 0.06666666666666667
1 0.5604166666666667 0.20864197530864198 0.04027777777777778 0.06666666666666667
1 0.5895833333333333 0.21358024691358024 0.04027777777777778 0.06666666666666667