3 0.8735677083333333 0.5824074074074074 0.04088541666666667 0.05740740740740741
1 0.4861979166666667 0.5995370370370371 0.041666666666666664 0.06851851851851852
1 0.5497395833333333 0.80625 0.0375 0.10138888888888889
1 0.5838541666666667 0.8094907407407408 0.04583333333333333 0.09490740740740741
1 0.19622395833333334 0.642824074074074 0.04088541666666667 0.06620370370370371
1 0.175 0.9474537037037037 0.0359375 0.0699074074074074
1 0.07708333333333334 0.8611111111111112 0.0453125 0.075
1 0.15286458333333333 0.6976851851851852 0.035416666666666666 0.06944444444444445
1 0.13489583333333333 0.22175925925925927 0.0234375 0.03333333333333333
1 0.15520833333333334 0.19907407407407407 0.0234375 0.03333333333333333
1 0.20442708333333334 0.12083333333333333 0.0234375 0.03333333333333333
1 0.014713541666666666 0.42777777777777776 0.02890625 0.06759259259259259
1 0.227734375 0.3729166666666667 0.04088541666666667 0.06620370370370371