0 0.28194444444444444 0.29876543209876544 0.1 0.09382716049382717
1 0.3590277777777778 0.45308641975308644 0.05138888888888889 0.08148148148148149
1 0.6409722222222223 0.48518518518518516 0.05416666666666667 0.09135802469135802
1 0.46597222222222223 0.7555555555555555 0.0625 0.1037037037037037
1 0.6631944444444444 0.6666666666666666 0.0625 0.09876543209876543
1 0.7694444444444445 0.4839506172839506 0.05 0.07901234567901234
1 0.8097222222222222 0.671604938271605 0.05 0.08395061728395062
1 0.5576388888888889 0.5432098765432098 0.04861111111111111 0.07407407407407407
1 0.14583333333333334 0.2506172839506173 0.058333333333333334 0.09135802469135802
1 0.7465277777777778 0.28271604938271605 0.04861111111111111 0.07654320987654321
1 0.21944444444444444 0.6641975308641975 0.07222222222222222 0.11358024691358025
1 0.06597222222222222 0.08765432098765433 0.06527777777777778 0.09135802469135802
1 0.9784722222222222 0.6962962962962963 0.043055555555555555 0.09876543209876543
1 0.6381944444444444 0.845679012345679 0.059722222222222225 0.10123456790123457
1 0.5541666666666667 0.7592592592592593 0.058333333333333334 0.10617283950617284
1 0.175 0.14444444444444443 0.058333333333333334 0.08148148148148149
1 0.2881944444444444 0.7432098765432099 0.03194444444444444 0.05432098765432099
1 0.21875 0.9160493827160494 0.10138888888888889 0.1580246913580247
1 0.7027777777777777 0.8827160493827161 0.08333333333333333 0.1259259259259259
1 0.5770833333333333 0.8160493827160494 0.05416666666666667 0.08148148148148149
1 0.7625 0.11728395061728394 0.041666666666666664 0.06666666666666667
1 0.8472222222222222 0.4962962962962963 0.05 0.07407407407407407
1 0.6041666666666666 0.9530864197530864 0.06111111111111111 0.09876543209876543
1 0.6743055555555556 0.9432098765432099 0.09305555555555556 0.11851851851851852
1 0.6201388888888889 0.1111111111111111 0.0375 0.05925925925925926
3 0.2791666666666667 0.937037037037037 0.09166666666666666 0.1259259259259259
3 0.45069444444444445 0.5135802469135803 0.07916666666666666 0.11851851851851852
3 0.4027777777777778 0.8222222222222222 0.07222222222222222 0.12345679012345678
3 0.12777777777777777 0.6864197530864198 0.07777777777777778 0.10864197530864197
3 0.3902777777777778 0.34074074074074073 0.06666666666666667 0.07901234567901234
3 0.5083333333333333 0.9308641975308642 0.08888888888888889 0.1382716049382716
3 0.5895833333333333 0.8814814814814815 0.06805555555555555 0.09876543209876543
3 0.6027777777777777 0.6555555555555556 0.06111111111111111 0.10617283950617284
3 0.5472222222222223 0.6296296296296297 0.06666666666666667 0.1037037037037037
3 0.20972222222222223 0.2839506172839506 0.06388888888888888 0.1037037037037037
3 0.5041666666666667 0.4876543209876543 0.05555555555555555 0.08148148148148149
3 0.5194444444444445 0.745679012345679 0.05277777777777778 0.11851851851851852
3 0.7576388888888889 0.9209876543209876 0.08472222222222223 0.14814814814814814
3 0.1840277777777778 0.7839506172839507 0.07083333333333333 0.10617283950617284
3 0.7638888888888888 0.7395061728395061 0.058333333333333334 0.10617283950617284
3 0.5083333333333333 0.40370370370370373 0.06944444444444445 0.08148148148148149
3 0.4388888888888889 0.9469135802469136 0.06666666666666667 0.10123456790123457
3 0.6152777777777778 0.7493827160493827 0.06944444444444445 0.10617283950617284
3 0.7451388888888889 0.7901234567901234 0.059722222222222225 0.1037037037037037