0 0.8430555555555556 0.6555555555555556 0.06944444444444445 0.17530864197530865
0 0.38055555555555554 0.7283950617283951 0.06944444444444445 0.10864197530864197
1 0.22152777777777777 0.4666666666666667 0.05138888888888889 0.08888888888888889
1 0.5465277777777777 0.4777777777777778 0.06805555555555555 0.0962962962962963
1 0.9506944444444444 0.5753086419753086 0.09861111111111111 0.14320987654320988
1 0.19444444444444445 0.12469135802469136 0.05277777777777778 0.09135802469135802
1 0.07916666666666666 0.4049382716049383 0.06111111111111111 0.07901234567901234
1 0.2923611111111111 0.5049382716049383 0.04027777777777778 0.06172839506172839
1 0.41875 0.26049382716049385 0.05416666666666667 0.09135802469135802
1 0.3958333333333333 0.2740740740740741 0.05 0.08395061728395062
3 0.10347222222222222 0.4728395061728395 0.06805555555555555 0.08641975308641975
3 0.31319444444444444 0.6123456790123457 0.05416666666666667 0.08888888888888889
3 0.6513888888888889 0.23703703703703705 0.05 0.07407407407407407
1 0.29444444444444445 0.3 0.05277777777777778 0.08148148148148149