1 0.478515625 0.49745370370370373 0.03671875 0.0763888888888889
1 0.5234375 0.5828703703703704 0.04635416666666667 0.09351851851851851
1 0.4783854166666667 0.6928240740740741 0.03958333333333333 0.07916666666666666
1 0.535546875 0.4460648148148148 0.03984375 0.0763888888888889
1 0.48098958333333336 0.16365740740740742 0.034895833333333334 0.07083333333333333
1 0.33697916666666666 0.7668981481481482 0.027083333333333334 0.055092592592592596
1 0.24544270833333334 0.9743055555555555 0.03411458333333333 0.052314814814814814
1 0.355859375 0.8467592592592592 0.026302083333333334 0.04814814814814815
1 0.650390625 0.9034722222222222 0.03828125 0.06712962962962964
1 0.4234375 0.4039351851851852 0.0390625 0.07175925925925926
1 0.4552083333333333 0.3939814814814815 0.0390625 0.0712962962962963