1 0.48333333333333334 0.725 0.051041666666666666 0.07592592592592592
1 0.77734375 0.44166666666666665 0.05677083333333333 0.08333333333333333
1 0.84375 0.5138888888888888 0.084375 0.10740740740740741
1 0.6283854166666667 0.600462962962963 0.04114583333333333 0.06759259259259259
1 0.8729166666666667 0.30787037037037035 0.03854166666666667 0.05462962962962963
1 0.6768229166666667 0.32314814814814813 0.033854166666666664 0.05925925925925926
1 0.8260416666666667 0.28888888888888886 0.025 0.04814814814814815
1 0.37552083333333336 0.3578703703703704 0.028125 0.04722222222222222
1 0.7598958333333333 0.24166666666666667 0.023958333333333335 0.040740740740740744
1 0.62734375 0.5333333333333333 0.028645833333333332 0.05
3 0.6002604166666666 0.9199074074074074 0.08697916666666666 0.13796296296296295
3 0.7661458333333333 0.6722222222222223 0.08229166666666667 0.0962962962962963
3 0.47161458333333334 0.8421296296296297 0.049479166666666664 0.06759259259259259
3 0.5059895833333333 0.9398148148148148 0.06614583333333333 0.09444444444444444
3 0.9575520833333333 0.9342592592592592 0.0828125 0.12222222222222222
3 0.42213541666666665 0.8583333333333333 0.0578125 0.08333333333333333
3 0.8330729166666667 0.5884259259259259 0.05572916666666667 0.062037037037037036
3 0.6278645833333333 0.687962962962963 0.059895833333333336 0.08888888888888889
3 0.5169270833333334 0.8004629629629629 0.049479166666666664 0.06759259259259259