1 0.5541666666666667 0.1765432098765432 0.09722222222222222 0.1654320987654321
1 0.5986111111111111 0.4641975308641975 0.09444444444444444 0.16790123456790124
1 0.8388888888888889 0.8876543209876543 0.10833333333333334 0.19506172839506172
3 0.7673611111111112 0.20493827160493827 0.1763888888888889 0.2419753086419753
3 0.9083333333333333 0.5567901234567901 0.15 0.24444444444444444
3 0.8069444444444445 0.4506172839506173 0.13055555555555556 0.2
3 0.9395833333333333 0.09259259259259259 0.11527777777777778 0.17037037037037037
3 0.4201388888888889 0.32839506172839505 0.09305555555555556 0.14320987654320988
3 0.6819444444444445 0.3358024691358025 0.09166666666666666 0.14814814814814814
3 0.2111111111111111 0.27530864197530863 0.06944444444444445 0.1308641975308642
3 0.3263888888888889 0.291358024691358 0.10555555555555556 0.17777777777777778