1 0.18997395833333333 0.6370370370370371 0.03411458333333333 0.05
1 0.46875 0.6136574074074074 0.029166666666666667 0.047685185185185185
1 0.083984375 0.6826388888888889 0.04088541666666667 0.07083333333333333
1 0.472265625 0.4164351851851852 0.026822916666666665 0.04398148148148148
1 0.6513020833333333 0.41064814814814815 0.022916666666666665 0.040740740740740744
1 0.10559895833333334 0.8134259259259259 0.03307291666666667 0.05
1 0.701171875 0.48680555555555555 0.026302083333333334 0.047685185185185185
1 0.542578125 0.575925925925926 0.032552083333333336 0.049074074074074076
1 0.23828125 0.3789351851851852 0.030729166666666665 0.04953703703703704
1 0.077734375 0.5634259259259259 0.04244791666666667 0.06018518518518518
1 0.126171875 0.4284722222222222 0.032552083333333336 0.052314814814814814
1 0.011848958333333333 0.9712962962962963 0.023697916666666666 0.053703703703703705
1 0.460546875 0.5604166666666667 0.027864583333333335 0.0412037037037037
1 0.869140625 0.4337962962962963 0.02265625 0.03796296296296296