1 0.5397135416666666 0.3921296296296296 0.037760416666666664 0.05740740740740741
1 0.15338541666666666 0.49074074074074076 0.03802083333333333 0.053703703703703705
1 0.206640625 0.4949074074074074 0.03984375 0.058333333333333334
1 0.66796875 0.46041666666666664 0.0359375 0.0587962962962963
1 0.48489583333333336 0.5564814814814815 0.0421875 0.06574074074074074
1 0.16223958333333333 0.5796296296296296 0.034895833333333334 0.05092592592592592
1 0.31809895833333335 0.5111111111111111 0.032552083333333336 0.046296296296296294
1 0.21028645833333334 0.2523148148148148 0.03046875 0.05277777777777778
1 0.08619791666666667 0.5706018518518519 0.04114583333333333 0.0587962962962963
1 0.6938802083333333 0.35810185185185184 0.02734375 0.04490740740740741
1 0.3927083333333333 0.3819444444444444 0.03958333333333333 0.06388888888888888
1 0.28854166666666664 0.3659722222222222 0.0421875 0.060648148148148145
1 0.34231770833333336 0.1951388888888889 0.032552083333333336 0.050462962962962966
1 0.0921875 0.7949074074074074 0.043229166666666666 0.06481481481481481
1 0.4890625 0.2337962962962963 0.028645833333333332 0.041666666666666664
1 0.016536458333333334 0.5793981481481482 0.032552083333333336 0.07083333333333333
1 0.5309895833333333 0.2777777777777778 0.027604166666666666 0.04814814814814815
1 0.8975260416666667 0.4585648148148148 0.029427083333333333 0.04583333333333333
1 0.38424479166666664 0.6699074074074074 0.04088541666666667 0.05740740740740741
1 0.6295572916666666 0.32175925925925924 0.026822916666666665 0.04259259259259259
1 0.7740885416666666 0.3905092592592593 0.02421875 0.0412037037037037
1 0.44049479166666666 0.17083333333333334 0.027864583333333335 0.04722222222222222
1 0.42630208333333336 0.20185185185185187 0.035416666666666666 0.05092592592592592
1 0.557421875 0.2641203703703704 0.023177083333333334 0.03657407407407407
1 0.24309895833333334 0.8243055555555555 0.03567708333333333 0.08009259259259259
1 0.7483072916666667 0.35509259259259257 0.023697916666666666 0.03981481481481482
3 0.221484375 0.6414351851851852 0.05078125 0.0763888888888889
3 0.16106770833333334 0.2604166666666667 0.04296875 0.05694444444444444
3 0.418359375 0.2789351851851852 0.031510416666666666 0.0375
3 0.440234375 0.4150462962962963 0.03515625 0.05324074074074074
3 0.5368489583333333 0.32175925925925924 0.03515625 0.04351851851851852
1 0.5529947916666667 0.29768518518518516 0.029427083333333333 0.04351851851851852
1 0.951953125 0.4270833333333333 0.023177083333333334 0.03657407407407407
1 0.8438802083333333 0.36226851851851855 0.023177083333333334 0.03657407407407407
1 0.819140625 0.3451388888888889 0.023177083333333334 0.03657407407407407
1 0.7196614583333333 0.32060185185185186 0.023177083333333334 0.03657407407407407
1 0.666796875 0.30115740740740743 0.023177083333333334 0.03657407407407407
1 0.6837239583333333 0.31504629629629627 0.023177083333333334 0.03657407407407407
1 0.6225260416666667 0.21412037037037038 0.023177083333333334 0.03657407407407407
1 0.6311197916666667 0.19560185185185186 0.023177083333333334 0.03657407407407407
1 0.155078125 0.01875 0.023177083333333334 0.03657407407407407
1 0.5600260416666667 0.2039351851851852 0.023177083333333334 0.03657407407407407
1 0.5803385416666667 0.21319444444444444 0.023177083333333334 0.03657407407407407
1 0.6266927083333333 0.29814814814814816 0.026822916666666665 0.04259259259259259
1 0.30703125 0.41041666666666665 0.0421875 0.060648148148148145