1 0.2833333333333333 0.1037037037037037 0.10833333333333334 0.18765432098765433
1 0.4125 0.16790123456790124 0.10277777777777777 0.18271604938271604
1 0.8916666666666667 0.5876543209876544 0.09444444444444444 0.1580246913580247
1 0.8381944444444445 0.4469135802469136 0.07916666666666666 0.16296296296296298
1 0.5555555555555556 0.44938271604938274 0.08888888888888889 0.18271604938271604
1 0.9638888888888889 0.6049382716049383 0.07222222222222222 0.17777777777777778
1 0.5256944444444445 0.17901234567901234 0.0875 0.18024691358024691
1 0.12638888888888888 0.2382716049382716 0.11944444444444445 0.20987654320987653
1 0.5777777777777777 0.1259259259259259 0.06944444444444445 0.1580246913580247
1 0.9229166666666667 0.8777777777777778 0.12361111111111112 0.21975308641975308
1 0.675 0.2037037037037037 0.06666666666666667 0.1111111111111111
1 0.38958333333333334 0.4308641975308642 0.12083333333333333 0.22469135802469137
1 0.7076388888888889 0.562962962962963 0.09861111111111111 0.15308641975308643
1 0.06388888888888888 0.5395061728395062 0.125 0.24444444444444444
1 0.7118055555555556 0.4271604938271605 0.07361111111111111 0.13333333333333333
1 0.7888888888888889 0.8641975308641975 0.11388888888888889 0.20246913580246914
1 0.7625 0.36666666666666664 0.07222222222222222 0.12098765432098765
1 0.8104166666666667 0.6185185185185185 0.13194444444444445 0.20987654320987653
1 0.7541666666666667 0.7888888888888889 0.1 0.16049382716049382
1 0.6625 0.6987654320987654 0.09444444444444444 0.16296296296296298
2 0.05 0.37407407407407406 0.09722222222222222 0.17530864197530865
2 0.28888888888888886 0.8987654320987655 0.15 0.2074074074074074
3 0.05625 0.10617283950617284 0.10694444444444444 0.17777777777777778
3 0.7694444444444445 0.2641975308641975 0.08333333333333333 0.15308641975308643
3 0.5180555555555556 0.05432098765432099 0.06944444444444445 0.1037037037037037
3 0.6625 0.9222222222222223 0.16111111111111112 0.15555555555555556
2 0.04861111111111111 0.7111111111111111 0.08055555555555556 0.1382716049382716