1 0.6325520833333333 0.45578703703703705 0.10520833333333333 0.15787037037037038
1 0.20143229166666668 0.053703703703703705 0.08776041666666666 0.1037037037037037
1 0.8260416666666667 0.3574074074074074 0.10260416666666666 0.13148148148148148
1 0.49713541666666666 0.029166666666666667 0.06770833333333333 0.05648148148148148
1 0.5930989583333334 0.24861111111111112 0.07473958333333333 0.1388888888888889
1 0.598828125 0.05763888888888889 0.07578125 0.09768518518518518
1 0.08658854166666667 0.05787037037037037 0.08932291666666667 0.11388888888888889
1 0.70390625 0.030555555555555555 0.0703125 0.058333333333333334
1 0.39401041666666664 0.10416666666666667 0.0640625 0.11574074074074074
1 0.377734375 0.6043981481481482 0.05859375 0.1087962962962963
3 0.7087239583333333 0.41875 0.09036458333333333 0.15324074074074073
3 0.8032552083333333 0.4988425925925926 0.04088541666666667 0.08287037037037037
3 0.741796875 0.50625 0.02734375 0.050462962962962966