1 0.544140625 0.5736111111111111 0.048177083333333336 0.0824074074074074
1 0.20729166666666668 0.28125 0.04635416666666667 0.08009259259259259
1 0.19934895833333333 0.1125 0.04401041666666667 0.07777777777777778
1 0.24479166666666666 0.8212962962962963 0.0484375 0.08333333333333333
1 0.7134114583333333 0.6606481481481481 0.048177083333333336 0.08981481481481482
1 0.5485677083333333 0.7599537037037037 0.04505208333333333 0.07546296296296297
1 0.65078125 0.6414351851851852 0.04739583333333333 0.08657407407407407
1 0.098046875 0.3599537037037037 0.03567708333333333 0.0625
1 0.8779947916666667 0.25092592592592594 0.04401041666666667 0.07222222222222222
1 0.43645833333333334 0.9675925925925926 0.0484375 0.05925925925925926
1 0.3497395833333333 0.8756944444444444 0.0375 0.07083333333333333
1 0.030338541666666666 0.16527777777777777 0.03671875 0.05925925925925926
1 0.928515625 0.47175925925925927 0.061197916666666664 0.08703703703703704
1 0.152734375 0.49074074074074076 0.037760416666666664 0.053703703703703705
1 0.9513020833333333 0.6377314814814815 0.06145833333333333 0.10694444444444444
1 0.40794270833333335 0.5111111111111111 0.054427083333333334 0.08148148148148149
1 0.9765625 0.5405092592592593 0.0453125 0.09027777777777778
1 0.12265625 0.8759259259259259 0.040625 0.06944444444444445
3 0.14544270833333334 0.6888888888888889 0.05859375 0.08611111111111111