1 0.2740885416666667 0.23958333333333334 0.04505208333333333 0.060648148148148145
1 0.10221354166666667 0.4113425925925926 0.10078125 0.14583333333333334
1 0.23997395833333332 0.5780092592592593 0.054427083333333334 0.0837962962962963
1 0.47317708333333336 0.42453703703703705 0.0515625 0.08055555555555556
1 0.19518229166666667 0.7391203703703704 0.05390625 0.0875
1 0.15065104166666668 0.16435185185185186 0.040364583333333336 0.058333333333333334
1 0.15494791666666666 0.569675925925926 0.06927083333333334 0.10787037037037037
1 0.16380208333333332 0.2361111111111111 0.040625 0.05462962962962963
1 0.100390625 0.1162037037037037 0.046614583333333334 0.07962962962962963
1 0.4415364583333333 0.33912037037037035 0.028385416666666666 0.03935185185185185
1 0.9059895833333333 0.48518518518518516 0.03177083333333333 0.04814814814814815
1 0.8053385416666666 0.47152777777777777 0.02421875 0.03935185185185185
1 0.683984375 0.5094907407407407 0.02421875 0.03935185185185185
1 0.6944010416666667 0.5400462962962963 0.02421875 0.03935185185185185
1 0.7428385416666666 0.44699074074074074 0.02421875 0.03935185185185185
1 0.8858072916666667 0.4238425925925926 0.02421875 0.03935185185185185
1 0.19375 0.20601851851851852 0.040625 0.05462962962962963
1 0.020703125 0.21875 0.04088541666666667 0.07916666666666666
1 0.022005208333333335 0.07569444444444444 0.04088541666666667 0.07916666666666666