1 0.3658854166666667 0.5291666666666667 0.05364583333333333 0.0787037037037037
1 0.6802083333333333 0.425462962962963 0.04375 0.0787037037037037
1 0.8841145833333334 0.2537037037037037 0.043229166666666666 0.07037037037037037
1 0.9203125 0.3712962962962963 0.04479166666666667 0.07592592592592592
1 0.5453125 0.37777777777777777 0.04479166666666667 0.07592592592592592
1 0.89765625 0.5731481481481482 0.0640625 0.09074074074074075
1 0.28359375 0.43842592592592594 0.0453125 0.06018518518518518
1 0.41041666666666665 0.32685185185185184 0.04375 0.07407407407407407
1 0.7221354166666667 0.3611111111111111 0.044270833333333336 0.07962962962962963
3 0.3494791666666667 0.6930555555555555 0.08229166666666667 0.12314814814814815
3 0.0546875 0.6259259259259259 0.08333333333333333 0.10925925925925926
1 0.6307291666666667 0.19166666666666668 0.036458333333333336 0.05185185185185185
1 0.6270833333333333 0.12222222222222222 0.036458333333333336 0.05185185185185185
1 0.7322916666666667 0.20185185185185187 0.036458333333333336 0.05185185185185185
1 0.8333333333333334 0.21203703703703702 0.036458333333333336 0.05185185185185185