0 0.6930555555555555 0.7432098765432099 0.08888888888888889 0.10864197530864197
1 0.1840277777777778 0.7135802469135802 0.09305555555555556 0.14814814814814814
1 0.5152777777777777 0.3074074074074074 0.08611111111111111 0.145679012345679
1 0.35555555555555557 0.7592592592592593 0.06944444444444445 0.14074074074074075
1 0.05277777777777778 0.21481481481481482 0.06666666666666667 0.1037037037037037
1 0.6173611111111111 0.591358024691358 0.06805555555555555 0.1111111111111111
3 0.39375 0.19753086419753085 0.0625 0.08395061728395062
3 0.5611111111111111 0.2580246913580247 0.06111111111111111 0.0962962962962963
3 0.8333333333333334 0.6345679012345679 0.07777777777777778 0.10864197530864197
3 0.4076388888888889 0.2802469135802469 0.0625 0.10123456790123457
3 0.32708333333333334 0.9530864197530864 0.07083333333333333 0.09382716049382717
3 0.8083333333333333 0.027160493827160494 0.06388888888888888 0.04938271604938271
3 0.7583333333333333 0.8592592592592593 0.07222222222222222 0.10864197530864197
3 0.11805555555555555 0.30617283950617286 0.06944444444444445 0.10864197530864197
3 0.6243055555555556 0.7481481481481481 0.05416666666666667 0.09382716049382717
0 0.7118055555555556 0.845679012345679 0.05138888888888889 0.1308641975308642