0 0.5409722222222222 0.5358024691358024 0.04861111111111111 0.12345679012345678
0 0.4673611111111111 0.9481481481481482 0.0625 0.1037037037037037
1 0.5958333333333333 0.26666666666666666 0.05277777777777778 0.09382716049382717
1 0.6888888888888889 0.3160493827160494 0.058333333333333334 0.09382716049382717
1 0.24861111111111112 0.5530864197530864 0.06666666666666667 0.09382716049382717
1 0.46805555555555556 0.13950617283950617 0.044444444444444446 0.07654320987654321
1 0.3576388888888889 0.8703703703703703 0.08194444444444444 0.18518518518518517
1 0.8291666666666667 0.2234567901234568 0.06388888888888888 0.10617283950617284
1 0.3763888888888889 0.09382716049382717 0.03888888888888889 0.06419753086419754
1 0.1597222222222222 0.35555555555555557 0.06388888888888888 0.09876543209876543
1 0.027083333333333334 0.4666666666666667 0.05138888888888889 0.09876543209876543
3 0.05763888888888889 0.7283950617283951 0.08472222222222223 0.1037037037037037
3 0.8944444444444445 0.15308641975308643 0.09166666666666666 0.09382716049382717
3 0.11666666666666667 0.5333333333333333 0.06111111111111111 0.0691358024691358
3 0.975 0.13703703703703704 0.05 0.1259259259259259
3 0.95 0.9160493827160494 0.10277777777777777 0.1728395061728395