0 0.8027777777777778 0.7296296296296296 0.06111111111111111 0.22469135802469137
1 0.22013888888888888 0.6864197530864198 0.05138888888888889 0.09382716049382717
1 0.5694444444444444 0.24567901234567902 0.04722222222222222 0.08148148148148149
1 0.5659722222222222 0.4765432098765432 0.05416666666666667 0.09382716049382717
1 0.7201388888888889 0.7407407407407407 0.07361111111111111 0.1382716049382716
1 0.6819444444444445 0.1617283950617284 0.07222222222222222 0.1259259259259259
1 0.49236111111111114 0.24938271604938272 0.04861111111111111 0.07901234567901234
1 0.9097222222222222 0.5938271604938271 0.10277777777777777 0.16049382716049382
1 0.4875 0.47160493827160493 0.05277777777777778 0.07407407407407407
1 0.6166666666666667 0.42098765432098767 0.044444444444444446 0.07654320987654321
1 0.48055555555555557 0.39753086419753086 0.06388888888888888 0.08395061728395062
3 0.9736111111111111 0.928395061728395 0.05277777777777778 0.14814814814814814
3 0.5409722222222222 0.9469135802469136 0.059722222222222225 0.09135802469135802