1 0.47630208333333335 0.4425925925925926 0.0609375 0.10185185185185185
1 0.14375 0.8013888888888889 0.05416666666666667 0.08611111111111111
1 0.79140625 0.48055555555555557 0.0515625 0.08703703703703704
1 0.27239583333333334 0.34953703703703703 0.03854166666666667 0.06944444444444445
1 0.9190104166666667 0.512962962962963 0.04739583333333333 0.07777777777777778
1 0.03125 0.6949074074074074 0.05520833333333333 0.08796296296296297
1 0.26901041666666664 0.5731481481481482 0.0640625 0.11296296296296296
1 0.98359375 0.4847222222222222 0.0328125 0.06759259259259259
1 0.6471354166666666 0.37916666666666665 0.03697916666666667 0.05648148148148148
0 0.6786458333333333 0.8407407407407408 0.08229166666666667 0.2
1 0.2557291666666667 0.29074074074074074 0.03229166666666667 0.046296296296296294
1 0.32864583333333336 0.21203703703703702 0.03229166666666667 0.046296296296296294
1 0.34270833333333334 0.24814814814814815 0.03229166666666667 0.046296296296296294
1 0.4322916666666667 0.26944444444444443 0.03229166666666667 0.046296296296296294
1 0.47239583333333335 0.27870370370370373 0.03229166666666667 0.046296296296296294
1 0.5447916666666667 0.29259259259259257 0.03229166666666667 0.046296296296296294
1 0.5354166666666667 0.25925925925925924 0.03229166666666667 0.046296296296296294
1 0.5307291666666667 0.20277777777777778 0.03229166666666667 0.046296296296296294
1 0.5546875 0.1935185185185185 0.03229166666666667 0.046296296296296294
1 0.5838541666666667 0.30648148148148147 0.03229166666666667 0.046296296296296294
1 0.584375 0.22685185185185186 0.03229166666666667 0.046296296296296294
1 0.646875 0.2972222222222222 0.03229166666666667 0.046296296296296294
1 0.6677083333333333 0.2564814814814815 0.03229166666666667 0.046296296296296294
1 0.6958333333333333 0.2935185185185185 0.03229166666666667 0.046296296296296294
1 0.7020833333333333 0.23703703703703705 0.03229166666666667 0.046296296296296294
1 0.78125 0.28703703703703703 0.03229166666666667 0.046296296296296294
1 0.7588541666666667 0.20462962962962963 0.03229166666666667 0.046296296296296294
1 0.21041666666666667 0.3453703703703704 0.03229166666666667 0.046296296296296294
1 0.16822916666666668 0.3037037037037037 0.03229166666666667 0.046296296296296294
1 0.1765625 0.24814814814814815 0.03229166666666667 0.046296296296296294
1 0.20364583333333333 0.26481481481481484 0.03229166666666667 0.046296296296296294
1 0.2015625 0.22777777777777777 0.03229166666666667 0.046296296296296294
1 0.2677083333333333 0.2101851851851852 0.03229166666666667 0.046296296296296294
1 0.2947916666666667 0.21203703703703702 0.03229166666666667 0.046296296296296294
1 0.90625 0.3861111111111111 0.03229166666666667 0.046296296296296294
1 0.9322916666666666 0.4083333333333333 0.03229166666666667 0.046296296296296294
1 0.9197916666666667 0.24722222222222223 0.03229166666666667 0.046296296296296294
1 0.871875 0.2462962962962963 0.03229166666666667 0.046296296296296294
1 0.8963541666666667 0.2972222222222222 0.03229166666666667 0.046296296296296294
1 0.853125 0.2657407407407407 0.03229166666666667 0.046296296296296294
1 0.8234375 0.1712962962962963 0.03229166666666667 0.046296296296296294