3 0.038671875 0.7546296296296297 0.06536458333333334 0.10740740740740741
3 0.29596354166666666 0.2571759259259259 0.04869791666666667 0.04675925925925926
3 0.8225260416666667 0.8300925925925926 0.03567708333333333 0.06574074074074074
1 0.219921875 0.09305555555555556 0.03359375 0.07222222222222222
1 0.03411458333333333 0.04583333333333333 0.06510416666666667 0.08888888888888889
1 0.24921875 0.18055555555555555 0.0640625 0.07314814814814814
1 0.12096354166666666 0.6928240740740741 0.05078125 0.09305555555555556
1 0.43984375 0.5543981481481481 0.0640625 0.11064814814814815
1 0.5140625 0.5537037037037037 0.07864583333333333 0.1398148148148148
1 0.7747395833333334 0.3731481481481482 0.024479166666666666 0.05092592592592592
1 0.5858072916666667 0.1 0.020572916666666666 0.04259259259259259
1 0.7165364583333333 0.8787037037037037 0.03671875 0.06018518518518518
1 0.7111979166666667 0.8152777777777778 0.03125 0.05925925925925926