1 0.136328125 0.21643518518518517 0.07265625 0.1125
1 0.5130208333333334 0.36944444444444446 0.050520833333333334 0.07962962962962963
1 0.42434895833333336 0.355787037037037 0.04140625 0.06527777777777778
1 0.4954427083333333 0.20185185185185187 0.037760416666666664 0.06388888888888888
1 0.436328125 0.2622685185185185 0.03723958333333333 0.0625
1 0.646484375 0.43495370370370373 0.03411458333333333 0.055092592592592596
1 0.11458333333333333 0.8039351851851851 0.13541666666666666 0.21712962962962962
1 0.806640625 0.4340277777777778 0.027864583333333335 0.04212962962962963
1 0.821875 0.4136574074074074 0.024479166666666666 0.038425925925925926
3 0.22473958333333333 0.4689814814814815 0.09635416666666667 0.09814814814814815
3 0.3828125 0.48703703703703705 0.078125 0.08148148148148149
3 0.27760416666666665 0.05162037037037037 0.05260416666666667 0.06157407407407407
1 0.5299479166666666 0.16921296296296295 0.0234375 0.031018518518518518
1 0.46119791666666665 0.10601851851851851 0.01875 0.03425925925925926
1 0.48684895833333336 0.13240740740740742 0.018489583333333334 0.03148148148148148