1 0.17430555555555555 0.4765432098765432 0.10138888888888889 0.14320987654320988
1 0.8666666666666667 0.4444444444444444 0.19722222222222222 0.28641975308641976
1 0.59375 0.445679012345679 0.05138888888888889 0.0962962962962963
1 0.4263888888888889 0.8395061728395061 0.06111111111111111 0.10864197530864197
1 0.6951388888888889 0.43703703703703706 0.043055555555555555 0.09382716049382717
1 0.3701388888888889 0.1037037037037037 0.06527777777777778 0.11851851851851852
1 0.29583333333333334 0.15679012345679014 0.06666666666666667 0.1111111111111111
1 0.6145833333333334 0.1308641975308642 0.04027777777777778 0.07407407407407407
3 0.6020833333333333 0.654320987654321 0.05138888888888889 0.09382716049382717
3 0.5638888888888889 0.9666666666666667 0.058333333333333334 0.06666666666666667
3 0.5465277777777777 0.5259259259259259 0.04861111111111111 0.08888888888888889
1 0.6604166666666667 0.2123456790123457 0.04027777777777778 0.07407407407407407
1 0.65625 0.27901234567901234 0.04027777777777778 0.07407407407407407