0 0.2986111111111111 0.9308641975308642 0.08333333333333333 0.14320987654320988
0 0.7076388888888889 0.47530864197530864 0.09861111111111111 0.06666666666666667
1 0.5784722222222223 0.6135802469135803 0.07361111111111111 0.1259259259259259
1 0.17847222222222223 0.9382716049382716 0.0763888888888889 0.11851851851851852
1 0.9166666666666666 0.3790123456790123 0.05 0.10123456790123457
1 0.18472222222222223 0.5209876543209877 0.05 0.07901234567901234
1 0.6493055555555556 0.38271604938271603 0.05694444444444444 0.07901234567901234
1 0.8458333333333333 0.39382716049382716 0.03888888888888889 0.06172839506172839
1 0.09166666666666666 0.5469135802469136 0.05555555555555555 0.10617283950617284
1 0.7944444444444444 0.4 0.03888888888888889 0.05925925925925926
1 0.5118055555555555 0.36790123456790125 0.034722222222222224 0.05925925925925926
1 0.46805555555555556 0.35555555555555557 0.03611111111111111 0.05925925925925926
1 0.4125 0.34444444444444444 0.03611111111111111 0.056790123456790124
1 0.9826388888888888 0.3728395061728395 0.034722222222222224 0.07407407407407407
3 0.4534722222222222 0.7037037037037037 0.059722222222222225 0.09876543209876543
3 0.49444444444444446 0.7061728395061728 0.05555555555555555 0.09876543209876543