1 0.058333333333333334 0.5879629629629629 0.05520833333333333 0.08333333333333333
1 0.6690104166666667 0.8597222222222223 0.05260416666666667 0.08611111111111111
1 0.12135416666666667 0.6138888888888889 0.03854166666666667 0.05740740740740741
1 0.3606770833333333 0.4310185185185185 0.03802083333333333 0.05648148148148148
1 0.6130208333333333 0.9388888888888889 0.046875 0.07037037037037037
1 0.20755208333333333 0.8337962962962963 0.04010416666666667 0.062037037037037036
1 0.24427083333333333 0.6402777777777777 0.0375 0.062037037037037036
1 0.71875 0.562962962962963 0.040625 0.05925925925925926
1 0.39505208333333336 0.5560185185185185 0.034895833333333334 0.05092592592592592
1 0.634375 0.4050925925925926 0.03125 0.049074074074074076
1 0.8596354166666667 0.7268518518518519 0.033854166666666664 0.05555555555555555
1 0.84453125 0.3925925925925926 0.030729166666666665 0.046296296296296294
1 0.14114583333333333 0.30416666666666664 0.036458333333333336 0.05092592592592592
1 0.2716145833333333 0.6814814814814815 0.04010416666666667 0.07777777777777778
1 0.3026041666666667 0.6699074074074074 0.041666666666666664 0.06574074074074074
3 0.6268229166666667 0.8291666666666667 0.0796875 0.12129629629629629