1 0.551953125 0.5087962962962963 0.05651041666666667 0.09166666666666666
1 0.5338541666666666 0.22615740740740742 0.04114583333333333 0.060648148148148145
1 0.46393229166666666 0.23819444444444443 0.03619791666666667 0.05787037037037037
1 0.28828125 0.3972222222222222 0.03697916666666667 0.05462962962962963
1 0.12760416666666666 0.15138888888888888 0.03802083333333333 0.05925925925925926
1 0.5903645833333333 0.11689814814814815 0.030729166666666665 0.043055555555555555
1 0.4 0.34675925925925927 0.027083333333333334 0.04259259259259259
3 0.8666666666666667 0.4393518518518518 0.04739583333333333 0.06388888888888888
3 0.7233072916666666 0.2150462962962963 0.02734375 0.034722222222222224
3 0.6001302083333333 0.16458333333333333 0.023177083333333334 0.03194444444444444
1 0.45872395833333335 0.06574074074074074 0.023697916666666666 0.032407407407407406
1 0.4259114583333333 0.0863425925925926 0.025260416666666667 0.0375
1 0.37395833333333334 0.10856481481481481 0.013020833333333334 0.016203703703703703
1 0.387109375 0.1361111111111111 0.02109375 0.025925925925925925
1 0.3546875 0.12083333333333333 0.015104166666666667 0.025
1 0.15833333333333333 0.11898148148148148 0.0296875 0.027777777777777776
1 0.08072916666666667 0.1076388888888889 0.028125 0.02361111111111111