1 0.2015625 0.7870370370370371 0.053125 0.08518518518518518
1 0.6958333333333333 0.8180555555555555 0.028125 0.04722222222222222
1 0.734375 0.8347222222222223 0.03125 0.05092592592592592
3 0.07864583333333333 0.8166666666666667 0.0625 0.06666666666666667
3 0.31875 0.7870370370370371 0.04791666666666667 0.06111111111111111
1 0.6447916666666667 0.7662037037037037 0.028125 0.04722222222222222
1 0.5203125 0.6736111111111112 0.028125 0.04722222222222222
1 0.46875 0.6578703703703703 0.028125 0.04722222222222222
1 0.38645833333333335 0.6282407407407408 0.028125 0.04722222222222222
1 0.35885416666666664 0.6106481481481482 0.028125 0.04722222222222222
1 0.31927083333333334 0.5800925925925926 0.028125 0.04722222222222222
1 0.6213541666666667 0.5162037037037037 0.028125 0.04722222222222222
1 0.5739583333333333 0.6078703703703704 0.028125 0.04722222222222222
1 0.6614583333333334 0.6143518518518518 0.028125 0.04722222222222222
1 0.6734375 0.6708333333333333 0.028125 0.04722222222222222
1 0.7916666666666666 0.8263888888888888 0.028125 0.04722222222222222