1 0.4837239583333333 0.4136574074074074 0.04296875 0.06527777777777778
1 0.5225260416666667 0.4668981481481482 0.031510416666666666 0.04861111111111111
1 0.35716145833333335 0.35185185185185186 0.03671875 0.062037037037037036
1 0.7524739583333333 0.3835648148148148 0.025260416666666667 0.04861111111111111
1 0.4390625 0.18981481481481483 0.046875 0.05462962962962963
1 0.168359375 0.12060185185185185 0.027864583333333335 0.043055555555555555
1 0.198046875 0.13333333333333333 0.026822916666666665 0.044444444444444446
1 0.05520833333333333 0.3162037037037037 0.035416666666666666 0.06666666666666667
1 0.18372395833333333 0.35532407407407407 0.030989583333333334 0.050462962962962966
3 0.15390625 0.6340277777777777 0.04895833333333333 0.08009259259259259
3 0.37330729166666665 0.38657407407407407 0.038802083333333334 0.05277777777777778
1 0.345703125 0.11157407407407408 0.026822916666666665 0.044444444444444446
1 0.3438802083333333 0.15092592592592594 0.026822916666666665 0.044444444444444446
1 0.37252604166666664 0.09537037037037037 0.026822916666666665 0.044444444444444446
1 0.283984375 0.044444444444444446 0.026822916666666665 0.044444444444444446
1 0.556640625 0.5361111111111111 0.026822916666666665 0.044444444444444446
1 0.6326822916666667 0.43194444444444446 0.026822916666666665 0.044444444444444446
0 0.16953125 0.8101851851851852 0.0484375 0.075
0 0.20572916666666666 0.9180555555555555 0.05364583333333333 0.11296296296296296
1 0.25690104166666666 0.3400462962962963 0.030989583333333334 0.050462962962962966
0 0.4524739583333333 0.5659722222222222 0.026302083333333334 0.10416666666666667