0 0.9569444444444445 0.6592592592592592 0.08611111111111111 0.1580246913580247
0 0.1798611111111111 0.16049382716049382 0.08194444444444444 0.08395061728395062
1 0.30277777777777776 0.2975308641975309 0.07777777777777778 0.10123456790123457
1 0.4951388888888889 0.3308641975308642 0.0625 0.09876543209876543
1 0.5402777777777777 0.3962962962962963 0.058333333333333334 0.1111111111111111
1 0.1375 0.9518518518518518 0.08611111111111111 0.0962962962962963
1 0.43680555555555556 0.5555555555555556 0.06805555555555555 0.13333333333333333
1 0.48680555555555555 0.508641975308642 0.07083333333333333 0.13333333333333333
3 0.8180555555555555 0.7098765432098766 0.1 0.14074074074074075
3 0.07361111111111111 0.32839506172839505 0.125 0.17777777777777778
1 0.2875 0.2234567901234568 0.07777777777777778 0.10123456790123457