0 0.8106770833333333 0.8657407407407407 0.05677083333333333 0.14074074074074075
1 0.7286458333333333 0.6402777777777777 0.03958333333333333 0.06018518518518518
1 0.4421875 0.7912037037037037 0.040625 0.06759259259259259
1 0.47994791666666664 0.6337962962962963 0.033854166666666664 0.05648148148148148
1 0.9513020833333333 0.7509259259259259 0.0703125 0.08518518518518518
1 0.49557291666666664 0.8847222222222222 0.030729166666666665 0.05092592592592592
1 0.8692708333333333 0.5509259259259259 0.04791666666666667 0.06296296296296296
1 0.9098958333333333 0.3921296296296296 0.0375 0.058333333333333334
1 0.6018229166666667 0.5148148148148148 0.0328125 0.044444444444444446
1 0.7 0.5092592592592593 0.026041666666666668 0.040740740740740744
1 0.89375 0.5407407407407407 0.035416666666666666 0.053703703703703705
1 0.5296875 0.6657407407407407 0.022916666666666665 0.040740740740740744
1 0.97421875 0.19444444444444445 0.0484375 0.07037037037037037
1 0.92890625 0.24675925925925926 0.03177083333333333 0.04537037037037037
3 0.7684895833333333 0.7949074074074074 0.059895833333333336 0.07685185185185185
3 0.7127604166666667 0.41388888888888886 0.050520833333333334 0.07037037037037037