1 0.05390625 0.5796296296296296 0.0640625 0.08425925925925926
1 0.298828125 0.3141203703703704 0.03411458333333333 0.04675925925925926
1 0.11888020833333333 0.575 0.05130208333333333 0.07037037037037037
1 0.08411458333333334 0.2539351851851852 0.03958333333333333 0.056018518518518516
1 0.2786458333333333 0.5983796296296297 0.04791666666666667 0.07175925925925926
1 0.24661458333333333 0.29467592592592595 0.0296875 0.04490740740740741
1 0.6731770833333334 0.493287037037037 0.025520833333333333 0.03935185185185185
1 0.03268229166666667 0.3210648148148148 0.03828125 0.05138888888888889
1 0.44440104166666666 0.41435185185185186 0.030989583333333334 0.04722222222222222
1 0.5721354166666667 0.4761574074074074 0.027604166666666666 0.03935185185185185
1 0.24934895833333334 0.49444444444444446 0.04401041666666667 0.06111111111111111
1 0.5858072916666667 0.6164351851851851 0.03567708333333333 0.04675925925925926
1 0.104296875 0.7252314814814815 0.07265625 0.10138888888888889
1 0.6532552083333333 0.4391203703703704 0.020572916666666666 0.027314814814814816
1 0.48125 0.43819444444444444 0.028125 0.03935185185185185
1 0.7282552083333333 0.4615740740740741 0.03046875 0.05
1 0.3553385416666667 0.3789351851851852 0.02734375 0.03564814814814815
1 0.750390625 0.5106481481481482 0.023697916666666666 0.03981481481481482
1 0.77265625 0.5025462962962963 0.022395833333333334 0.03287037037037037
1 0.7755208333333333 0.44675925925925924 0.027083333333333334 0.04259259259259259
1 0.46575520833333334 0.37777777777777777 0.023697916666666666 0.03981481481481482
1 0.6321614583333334 0.46458333333333335 0.023697916666666666 0.043055555555555555
3 0.4002604166666667 0.5712962962962963 0.05260416666666667 0.058333333333333334
3 0.19166666666666668 0.3699074074074074 0.03802083333333333 0.041666666666666664
3 0.3541666666666667 0.5541666666666667 0.030729166666666665 0.03333333333333333
3 0.6001302083333333 0.5770833333333333 0.02265625 0.03287037037037037
3 0.3411458333333333 0.39444444444444443 0.03802083333333333 0.040740740740740744
1 0.337890625 0.3613425925925926 0.02734375 0.03564814814814815
1 0.22330729166666666 0.5217592592592593 0.04401041666666667 0.06111111111111111
1 0.8548177083333334 0.5233796296296296 0.030989583333333334 0.0412037037037037
1 0.880078125 0.4965277777777778 0.030989583333333334 0.0412037037037037
1 0.855859375 0.4613425925925926 0.030989583333333334 0.0412037037037037
1 0.8858072916666667 0.43819444444444444 0.030989583333333334 0.0412037037037037
1 0.790625 0.38310185185185186 0.025 0.029166666666666667
1 0.7424479166666667 0.3247685185185185 0.025 0.029166666666666667
1 0.7119791666666667 0.35532407407407407 0.025 0.029166666666666667
1 0.63515625 0.3423611111111111 0.025 0.029166666666666667
1 0.6609375 0.256712962962963 0.025 0.029166666666666667
1 0.6911458333333333 0.29976851851851855 0.025 0.029166666666666667
1 0.326953125 0.25462962962962965 0.02421875 0.03425925925925926
1 0.3704427083333333 0.25833333333333336 0.02421875 0.03425925925925926
1 0.453515625 0.2212962962962963 0.02421875 0.03425925925925926
1 0.412890625 0.1837962962962963 0.02421875 0.03425925925925926
1 0.37643229166666664 0.19444444444444445 0.02421875 0.03425925925925926
1 0.5209635416666667 0.1537037037037037 0.02421875 0.03425925925925926
1 0.5766927083333333 0.14722222222222223 0.02421875 0.03425925925925926
1 0.5720052083333333 0.2074074074074074 0.02421875 0.03425925925925926
1 0.6201822916666667 0.2013888888888889 0.02421875 0.03425925925925926
1 0.6615885416666667 0.21805555555555556 0.02421875 0.03425925925925926
1 0.6891927083333333 0.19953703703703704 0.02421875 0.03425925925925926
1 0.7201822916666667 0.22546296296296298 0.02421875 0.03425925925925926