1 0.6705729166666666 0.5773148148148148 0.05260416666666667 0.09259259259259259
1 0.6041666666666666 0.7710648148148148 0.05260416666666667 0.09305555555555556
1 0.7233072916666666 0.40162037037037035 0.04192708333333333 0.0699074074074074
1 0.5161458333333333 0.705324074074074 0.042708333333333334 0.08287037037037037
1 0.8877604166666667 0.46111111111111114 0.0515625 0.07962962962962963
1 0.4903645833333333 0.5793981481481482 0.033854166666666664 0.060648148148148145
1 0.196875 0.7393518518518518 0.04010416666666667 0.0712962962962963
1 0.09856770833333334 0.9532407407407407 0.04296875 0.06944444444444445
1 0.9733072916666666 0.562037037037037 0.04192708333333333 0.08148148148148149
1 0.2359375 0.649074074074074 0.029166666666666667 0.044444444444444446
1 0.37421875 0.9131944444444444 0.05 0.09490740740740741
1 0.7138020833333333 0.35856481481481484 0.03802083333333333 0.052314814814814814
1 0.66640625 0.9175925925925926 0.057291666666666664 0.09907407407407408
1 0.34544270833333335 0.8393518518518519 0.04296875 0.07314814814814814
1 0.2703125 0.656712962962963 0.03125 0.050462962962962966
3 0.59765625 0.6386574074074074 0.058333333333333334 0.08657407407407407
3 0.43138020833333335 0.5900462962962963 0.04505208333333333 0.05787037037037037
3 0.29270833333333335 0.9543981481481482 0.028125 0.05324074074074074