0 0.6583333333333333 0.6679012345679012 0.07222222222222222 0.11604938271604938
1 0.7111111111111111 0.828395061728395 0.09722222222222222 0.16049382716049382
1 0.2763888888888889 0.5765432098765432 0.09444444444444444 0.1506172839506173
1 0.4131944444444444 0.9308641975308642 0.10694444444444444 0.1382716049382716
1 0.7 0.6160493827160494 0.07777777777777778 0.11604938271604938
1 0.5618055555555556 0.4111111111111111 0.0625 0.10123456790123457
1 0.7215277777777778 0.5 0.0763888888888889 0.1111111111111111
1 0.41388888888888886 0.6617283950617284 0.08055555555555556 0.1382716049382716
1 0.7048611111111112 0.24074074074074073 0.06527777777777778 0.10617283950617284
1 0.525 0.9382716049382716 0.09444444444444444 0.11851851851851852
1 0.2652777777777778 0.34444444444444444 0.06944444444444445 0.11604938271604938
1 0.65 0.38641975308641974 0.06111111111111111 0.09135802469135802
1 0.7076388888888889 0.39382716049382716 0.07083333333333333 0.10123456790123457
1 0.6166666666666667 0.5185185185185185 0.07222222222222222 0.11851851851851852
1 0.46041666666666664 0.408641975308642 0.06805555555555555 0.11604938271604938
1 0.5027777777777778 0.6283950617283951 0.06666666666666667 0.11604938271604938
1 0.44305555555555554 0.2814814814814815 0.07777777777777778 0.11851851851851852
1 0.6145833333333334 0.43950617283950616 0.059722222222222225 0.08888888888888889
3 0.4791666666666667 0.8111111111111111 0.11666666666666667 0.18024691358024691
3 0.6020833333333333 0.6481481481481481 0.07361111111111111 0.12098765432098765
3 0.6041666666666666 0.8876543209876543 0.10555555555555556 0.1654320987654321