0 0.49895833333333334 0.8712962962962963 0.16041666666666668 0.20185185185185187
1 0.12135416666666667 0.4486111111111111 0.04895833333333333 0.06944444444444445
1 0.10833333333333334 0.5930555555555556 0.040625 0.06018518518518518
1 0.8791666666666667 0.7722222222222223 0.04479166666666667 0.06481481481481481
1 0.5263020833333333 0.5092592592592593 0.0390625 0.05925925925925926
1 0.7197916666666667 0.3101851851851852 0.035416666666666666 0.05555555555555555
1 0.3268229166666667 0.39490740740740743 0.0359375 0.05277777777777778
1 0.27838541666666666 0.34675925925925927 0.034895833333333334 0.05462962962962963
1 0.7630208333333334 0.2986111111111111 0.035416666666666666 0.05462962962962963
1 0.49375 0.5421296296296296 0.03333333333333333 0.05092592592592592
1 0.9114583333333334 0.5115740740740741 0.041666666666666664 0.058333333333333334
1 0.9666666666666667 0.3537037037037037 0.041666666666666664 0.06111111111111111
1 0.6791666666666667 0.3699074074074074 0.035416666666666666 0.05277777777777778
1 0.7924479166666667 0.19212962962962962 0.04114583333333333 0.058333333333333334
1 0.5486979166666667 0.9722222222222222 0.059895833333333336 0.05185185185185185
1 0.21927083333333333 0.2601851851851852 0.027083333333333334 0.040740740740740744
1 0.20911458333333333 0.3037037037037037 0.0265625 0.037037037037037035
1 0.74921875 0.17685185185185184 0.03177083333333333 0.04814814814814815
3 0.20052083333333334 0.5236111111111111 0.0625 0.06944444444444445
3 0.3497395833333333 0.5962962962962963 0.05572916666666667 0.05740740740740741
3 0.9041666666666667 0.34305555555555556 0.06875 0.0824074074074074