0 0.4236111111111111 0.582716049382716 0.058333333333333334 0.16790123456790124
0 0.38472222222222224 0.8740740740740741 0.10833333333333334 0.07901234567901234
0 0.47708333333333336 0.6098765432098765 0.0763888888888889 0.1037037037037037
1 0.55625 0.7938271604938272 0.059722222222222225 0.0962962962962963
1 0.44513888888888886 0.8061728395061728 0.059722222222222225 0.10617283950617284
1 0.6944444444444444 0.7654320987654321 0.05277777777777778 0.09876543209876543
1 0.5576388888888889 0.37037037037037035 0.04583333333333333 0.07901234567901234
1 0.6951388888888889 0.9481481481481482 0.06805555555555555 0.09876543209876543
1 0.6090277777777777 0.5765432098765432 0.05416666666666667 0.08148148148148149
1 0.5041666666666667 0.4876543209876543 0.04722222222222222 0.06666666666666667
1 0.5972222222222222 0.9679012345679012 0.05277777777777778 0.06419753086419754
1 0.7534722222222222 0.4271604938271605 0.04583333333333333 0.07901234567901234
1 0.6611111111111111 0.37407407407407406 0.06388888888888888 0.0962962962962963
1 0.6298611111111111 0.5049382716049383 0.07361111111111111 0.0962962962962963
2 0.5055555555555555 0.5382716049382716 0.05 0.05925925925925926
2 0.7465277777777778 0.2345679012345679 0.04861111111111111 0.07407407407407407
2 0.65 0.7691358024691358 0.058333333333333334 0.10617283950617284
2 0.5069444444444444 0.808641975308642 0.04722222222222222 0.07654320987654321
2 0.7645833333333333 0.528395061728395 0.05694444444444444 0.09382716049382717
2 0.70625 0.571604938271605 0.08194444444444444 0.1259259259259259
2 0.475 0.23580246913580247 0.05277777777777778 0.07654320987654321
2 0.6263888888888889 0.6753086419753086 0.05555555555555555 0.07654320987654321
2 0.91875 0.7246913580246913 0.07361111111111111 0.1111111111111111
2 0.8020833333333334 0.4148148148148148 0.04027777777777778 0.07901234567901234
2 0.6902777777777778 0.5049382716049383 0.041666666666666664 0.06666666666666667
2 0.5847222222222223 0.9 0.06388888888888888 0.1111111111111111
2 0.47847222222222224 0.8716049382716049 0.05416666666666667 0.09382716049382717
2 0.9513888888888888 0.5876543209876544 0.06388888888888888 0.09876543209876543
2 0.5958333333333333 0.7074074074074074 0.03888888888888889 0.06172839506172839
2 0.5069444444444444 0.6987654320987654 0.05 0.07901234567901234
2 0.7430555555555556 0.12222222222222222 0.05 0.08641975308641975
2 0.7159722222222222 0.3691358024691358 0.04861111111111111 0.09135802469135802
2 0.03611111111111111 0.2222222222222222 0.044444444444444446 0.05925925925925926
2 0.4673611111111111 0.9580246913580247 0.04861111111111111 0.08888888888888889
2 0.6791666666666667 0.4641975308641975 0.05277777777777778 0.08888888888888889
3 0.7263888888888889 0.8950617283950617 0.06944444444444445 0.11604938271604938
3 0.5472222222222223 0.6604938271604939 0.08333333333333333 0.12098765432098765
2 0.48055555555555557 0.7567901234567901 0.044444444444444446 0.07654320987654321
0 0.4548611111111111 0.7222222222222222 0.043055555555555555 0.10617283950617284