1 0.8888020833333333 0.3574074074074074 0.0859375 0.13425925925925927
1 0.5212239583333333 0.5444444444444444 0.04192708333333333 0.08148148148148149
1 0.783203125 0.1537037037037037 0.03359375 0.05648148148148148
1 0.9264322916666666 0.22337962962962962 0.10234375 0.11527777777777778
1 0.736328125 0.269212962962963 0.03515625 0.0587962962962963
1 0.6279947916666667 0.40555555555555556 0.03671875 0.062037037037037036
1 0.428125 0.15231481481481482 0.0328125 0.05185185185185185
1 0.8438802083333333 0.22916666666666666 0.04869791666666667 0.0712962962962963
1 0.7283854166666667 0.19282407407407406 0.03229166666666667 0.056018518518518516
1 0.130078125 0.287962962962963 0.06796875 0.11203703703703703
1 0.33424479166666665 0.794212962962963 0.06380208333333333 0.09953703703703703
1 0.7096354166666666 0.3736111111111111 0.04375 0.07314814814814814
1 0.7114583333333333 0.16828703703703704 0.027083333333333334 0.04583333333333333
1 0.6654947916666667 0.17430555555555555 0.028385416666666666 0.04953703703703704
1 0.6326822916666667 0.2791666666666667 0.03046875 0.053703703703703705
3 0.9110677083333333 0.6048611111111111 0.09921875 0.1597222222222222
3 0.22057291666666667 0.4425925925925926 0.0296875 0.04351851851851852
1 0.735546875 0.3368055555555556 0.03046875 0.04212962962962963
1 0.6815104166666667 0.3460648148148148 0.025520833333333333 0.04861111111111111
1 0.71015625 0.32222222222222224 0.0296875 0.040740740740740744