1 0.5229166666666667 0.9511574074074074 0.10416666666666667 0.09861111111111111
3 0.5348958333333333 0.3060185185185185 0.07447916666666667 0.11481481481481481
3 0.530859375 0.39652777777777776 0.031510416666666666 0.05324074074074074
3 0.5611979166666666 0.40208333333333335 0.027604166666666666 0.0587962962962963
3 0.8967447916666667 0.25324074074074077 0.054947916666666666 0.09537037037037037
1 0.19869791666666667 0.8949074074074074 0.13072916666666667 0.2111111111111111
1 0.462109375 0.2673611111111111 0.08098958333333334 0.13564814814814816
1 0.5139322916666667 0.13796296296296295 0.06901041666666667 0.13148148148148148
1 0.6045572916666667 0.32060185185185186 0.08723958333333333 0.15324074074074073
1 0.6045572916666667 0.06388888888888888 0.054427083333333334 0.10462962962962963
1 0.7087239583333333 0.08912037037037036 0.05130208333333333 0.08842592592592592