1 0.4826388888888889 0.6024691358024692 0.04861111111111111 0.08395061728395062
1 0.7388888888888889 0.8 0.058333333333333334 0.09382716049382717
1 0.40625 0.7197530864197531 0.04583333333333333 0.07654320987654321
1 0.27569444444444446 0.8987654320987655 0.05694444444444444 0.09382716049382717
1 0.5430555555555555 0.5839506172839506 0.041666666666666664 0.06666666666666667
1 0.4048611111111111 0.6098765432098765 0.04583333333333333 0.07901234567901234
1 0.30416666666666664 0.6345679012345679 0.058333333333333334 0.09382716049382717
1 0.6611111111111111 0.7222222222222222 0.06666666666666667 0.1111111111111111
1 0.45 0.5024691358024691 0.044444444444444446 0.07654320987654321
1 0.4375 0.645679012345679 0.041666666666666664 0.07654320987654321
1 0.4895833333333333 0.48148148148148145 0.04027777777777778 0.05925925925925926
1 0.7458333333333333 0.20987654320987653 0.058333333333333334 0.08395061728395062
1 0.3333333333333333 0.4728395061728395 0.05277777777777778 0.08148148148148149
1 0.5541666666666667 0.13950617283950617 0.05277777777777778 0.09135802469135802
3 0.4548611111111111 0.7876543209876543 0.07361111111111111 0.12345679012345678