1 0.44674479166666664 0.4777777777777778 0.03619791666666667 0.06759259259259259
1 0.825 0.9541666666666667 0.07083333333333333 0.09259259259259259
1 0.530078125 0.7335648148148148 0.054427083333333334 0.0875
1 0.63671875 0.6673611111111111 0.0640625 0.0912037037037037
1 0.8717447916666666 0.15416666666666667 0.05755208333333333 0.09259259259259259
1 0.45989583333333334 0.12384259259259259 0.035416666666666666 0.05138888888888889
1 0.5076822916666667 0.22870370370370371 0.03723958333333333 0.05555555555555555
1 0.20013020833333334 0.35 0.03619791666666667 0.06759259259259259
1 0.2852864583333333 0.11157407407407408 0.03619791666666667 0.06759259259259259
1 0.43059895833333334 0.03888888888888889 0.03619791666666667 0.06759259259259259
1 0.7290364583333333 0.09166666666666666 0.05755208333333333 0.09259259259259259