0 0.8125 0.6370370370370371 0.06944444444444445 0.16790123456790124
1 0.31805555555555554 0.5753086419753086 0.058333333333333334 0.09382716049382717
1 0.11527777777777778 0.3419753086419753 0.05277777777777778 0.06666666666666667
1 0.5458333333333333 0.7888888888888889 0.04722222222222222 0.09135802469135802
1 0.48333333333333334 0.6901234567901234 0.058333333333333334 0.10617283950617284
1 0.3173611111111111 0.39012345679012345 0.05138888888888889 0.08395061728395062
1 0.9131944444444444 0.41728395061728396 0.09305555555555556 0.1382716049382716
1 0.7548611111111111 0.39012345679012345 0.043055555555555555 0.07407407407407407
1 0.7527777777777778 0.8493827160493828 0.06111111111111111 0.11851851851851852
3 0.04513888888888889 0.4728395061728395 0.05416666666666667 0.08148148148148149
3 0.7743055555555556 0.3197530864197531 0.07083333333333333 0.1111111111111111
3 0.16944444444444445 0.43209876543209874 0.05 0.06419753086419754