1 0.24986979166666667 0.4009259259259259 0.045572916666666664 0.06388888888888888
1 0.6338541666666667 0.4287037037037037 0.03177083333333333 0.049074074074074076
1 0.15143229166666666 0.3613425925925926 0.03463541666666667 0.050462962962962966
1 0.32200520833333335 0.4756944444444444 0.03567708333333333 0.052314814814814814
1 0.19661458333333334 0.29583333333333334 0.035416666666666666 0.04814814814814815
1 0.467578125 0.3122685185185185 0.031510416666666666 0.04861111111111111
1 0.41875 0.2791666666666667 0.029166666666666667 0.04814814814814815
1 0.2984375 0.5337962962962963 0.05 0.06574074074074074
1 0.68359375 0.4393518518518518 0.030729166666666665 0.04814814814814815
1 0.48671875 0.45023148148148145 0.050520833333333334 0.06712962962962964
1 0.7234375 0.5263888888888889 0.034375 0.049074074074074076
1 0.7220052083333334 0.4761574074074074 0.03046875 0.04398148148148148
1 0.32109375 0.649537037037037 0.052083333333333336 0.05925925925925926
1 0.5473958333333333 0.3388888888888889 0.0203125 0.032407407407407406
1 0.330859375 0.19791666666666666 0.02421875 0.03657407407407407
1 0.12708333333333333 0.1912037037037037 0.0296875 0.044444444444444446
1 0.2635416666666667 0.2775462962962963 0.022916666666666665 0.0375
1 0.7174479166666666 0.4217592592592593 0.022395833333333334 0.037037037037037035
1 0.18229166666666666 0.20902777777777778 0.025 0.04027777777777778
1 0.5384114583333334 0.3101851851851852 0.026822916666666665 0.040740740740740744
3 0.5118489583333333 0.4377314814814815 0.03307291666666667 0.04490740740740741
1 0.14713541666666666 0.16944444444444445 0.0296875 0.044444444444444446
1 0.22057291666666667 0.22037037037037038 0.0296875 0.044444444444444446
1 0.23125 0.17175925925925925 0.0296875 0.044444444444444446
1 0.29153645833333336 0.1824074074074074 0.018489583333333334 0.03333333333333333
1 0.33372395833333335 0.2412037037037037 0.018489583333333334 0.03333333333333333
1 0.35572916666666665 0.16111111111111112 0.015104166666666667 0.020370370370370372
3 0.3776041666666667 0.18101851851851852 0.020833333333333332 0.021296296296296296
1 0.31640625 0.1648148148148148 0.015104166666666667 0.020370370370370372
1 0.5690104166666666 0.3333333333333333 0.0203125 0.032407407407407406
1 0.64375 0.37777777777777777 0.0203125 0.032407407407407406
1 0.6528645833333333 0.39166666666666666 0.0203125 0.032407407407407406
1 0.59375 0.1337962962962963 0.0203125 0.032407407407407406
1 0.55703125 0.12546296296296297 0.0203125 0.032407407407407406
1 0.4901041666666667 0.1476851851851852 0.0203125 0.032407407407407406
1 0.5309895833333333 0.03194444444444444 0.0203125 0.032407407407407406
1 0.7020833333333333 0.1763888888888889 0.0203125 0.032407407407407406
1 0.6565104166666667 0.1787037037037037 0.0203125 0.032407407407407406
1 0.74140625 0.24675925925925926 0.0203125 0.032407407407407406