1 0.6391927083333333 0.680324074074074 0.08723958333333333 0.1884259259259259
1 0.5705729166666667 0.08888888888888889 0.11510416666666666 0.175
1 0.31393229166666664 0.9354166666666667 0.04296875 0.07824074074074074
1 0.6776041666666667 0.0849537037037037 0.12708333333333333 0.16620370370370371
1 0.487890625 0.12453703703703704 0.07421875 0.15185185185185185
1 0.37721354166666665 0.15925925925925927 0.05546875 0.08888888888888889
1 0.1765625 0.74375 0.03125 0.050462962962962966
1 0.12825520833333334 0.912962962962963 0.03984375 0.0712962962962963
1 0.427734375 0.3819444444444444 0.030989583333333334 0.07037037037037037
1 0.4080729166666667 0.49398148148148147 0.0265625 0.05925925925925926
1 0.34934895833333335 0.35532407407407407 0.015364583333333333 0.020833333333333332
1 0.35494791666666664 0.3247685185185185 0.0140625 0.01990740740740741
1 0.27174479166666665 0.46875 0.016927083333333332 0.02175925925925926
1 0.24635416666666668 0.4930555555555556 0.015104166666666667 0.023148148148148147
1 0.182421875 0.6425925925925926 0.014322916666666666 0.020370370370370372
1 0.14401041666666667 0.6414351851851852 0.015625 0.020833333333333332