1 0.119921875 0.5319444444444444 0.054947916666666666 0.07777777777777778
1 0.44817708333333334 0.3921296296296296 0.0421875 0.0712962962962963
1 0.8915364583333333 0.32731481481481484 0.04348958333333333 0.062037037037037036
1 0.60703125 0.2900462962962963 0.028645833333333332 0.04953703703703704
1 0.8388020833333333 0.2162037037037037 0.025 0.04259259259259259
1 0.7489583333333333 0.21157407407407408 0.03229166666666667 0.05
1 0.7024739583333334 0.21296296296296297 0.03515625 0.06018518518518518
1 0.40013020833333335 0.18171296296296297 0.026302083333333334 0.04398148148148148
1 0.776171875 0.2923611111111111 0.038802083333333334 0.06620370370370371
1 0.35690104166666664 0.2604166666666667 0.02890625 0.0412037037037037
1 0.7372395833333333 0.3143518518518518 0.0265625 0.046296296296296294
1 0.5610677083333333 0.27175925925925926 0.02265625 0.03888888888888889
3 0.2552083333333333 0.3861111111111111 0.024479166666666666 0.03425925925925926
3 0.820703125 0.33055555555555555 0.022135416666666668 0.03796296296296296
3 0.53359375 0.28379629629629627 0.028645833333333332 0.04537037037037037
3 0.7744791666666667 0.22361111111111112 0.027604166666666666 0.03333333333333333
3 0.4510416666666667 0.6300925925925925 0.04114583333333333 0.032407407407407406
3 0.05963541666666667 0.7266203703703704 0.0296875 0.060648148148148145
1 0.16979166666666667 0.5138888888888888 0.042708333333333334 0.04537037037037037
1 0.15221354166666667 0.3541666666666667 0.026822916666666665 0.026851851851851852
1 0.15677083333333333 0.32083333333333336 0.021354166666666667 0.024074074074074074
1 0.08177083333333333 0.14328703703703705 0.017708333333333333 0.02638888888888889
1 0.27421875 0.15162037037037038 0.022395833333333334 0.03287037037037037
1 0.2515625 0.15625 0.022395833333333334 0.03287037037037037
1 0.449609375 0.19305555555555556 0.015364583333333333 0.02962962962962963
1 0.457421875 0.1550925925925926 0.015364583333333333 0.02962962962962963
1 0.5188802083333334 0.1287037037037037 0.015364583333333333 0.02962962962962963
1 0.5654947916666667 0.2175925925925926 0.015364583333333333 0.02962962962962963
1 0.6428385416666667 0.2111111111111111 0.015364583333333333 0.02962962962962963
1 0.6826822916666667 0.1824074074074074 0.015364583333333333 0.02962962962962963
1 0.5345052083333334 0.13148148148148148 0.015364583333333333 0.02962962962962963
1 0.794921875 0.15231481481481482 0.015364583333333333 0.02962962962962963
1 0.8826822916666667 0.17685185185185184 0.015364583333333333 0.02962962962962963
1 0.934765625 0.19074074074074074 0.015364583333333333 0.02962962962962963
1 0.912109375 0.16666666666666666 0.015364583333333333 0.02962962962962963
1 0.9423177083333333 0.28703703703703703 0.024739583333333332 0.030555555555555555
1 0.980859375 0.2759259259259259 0.024739583333333332 0.030555555555555555
1 0.9201822916666667 0.25277777777777777 0.024739583333333332 0.030555555555555555