1 0.6722222222222223 0.6802469135802469 0.05555555555555555 0.0962962962962963
1 0.6215277777777778 0.6074074074074074 0.04861111111111111 0.08395061728395062
1 0.4166666666666667 0.6283950617283951 0.041666666666666664 0.08148148148148149
1 0.5763888888888888 0.44814814814814813 0.041666666666666664 0.07654320987654321
1 0.4375 0.8765432098765432 0.04722222222222222 0.08395061728395062
1 0.1986111111111111 0.817283950617284 0.05 0.0691358024691358
1 0.8236111111111111 0.30864197530864196 0.041666666666666664 0.07407407407407407
1 0.3923611111111111 0.817283950617284 0.043055555555555555 0.09382716049382717
1 0.7541666666666667 0.7493827160493827 0.06111111111111111 0.10617283950617284
1 0.6840277777777778 0.5765432098765432 0.0625 0.10617283950617284
1 0.3451388888888889 0.6296296296296297 0.034722222222222224 0.0691358024691358
1 0.9055555555555556 0.4567901234567901 0.04722222222222222 0.06419753086419754
1 0.8513888888888889 0.4123456790123457 0.05277777777777778 0.08395061728395062
1 0.9388888888888889 0.6419753086419753 0.06944444444444445 0.1037037037037037
1 0.5361111111111111 0.34814814814814815 0.030555555555555555 0.04938271604938271
1 0.5118055555555555 0.4 0.03194444444444444 0.05432098765432099
1 0.43472222222222223 0.9654320987654321 0.044444444444444446 0.0691358024691358
1 0.8111111111111111 0.508641975308642 0.05 0.1037037037037037
3 0.06180555555555556 0.9358024691358025 0.10416666666666667 0.11851851851851852
3 0.34791666666666665 0.7481481481481481 0.04861111111111111 0.06419753086419754
3 0.5583333333333333 0.5271604938271605 0.04722222222222222 0.06666666666666667
1 0.27152777777777776 0.6296296296296297 0.034722222222222224 0.0691358024691358