1 0.43528645833333335 0.40300925925925923 0.029947916666666668 0.04675925925925926
1 0.505859375 0.42777777777777776 0.026822916666666665 0.04259259259259259
1 0.5658854166666667 0.5046296296296297 0.03333333333333333 0.05925925925925926
1 0.284765625 0.3282407407407407 0.03307291666666667 0.04814814814814815
1 0.7233072916666666 0.5597222222222222 0.029427083333333333 0.05
1 0.3841145833333333 0.3997685185185185 0.025520833333333333 0.038425925925925926
1 0.582421875 0.29259259259259257 0.023177083333333334 0.041666666666666664
1 0.19817708333333334 0.27708333333333335 0.024479166666666666 0.03564814814814815
1 0.28671875 0.4965277777777778 0.07395833333333333 0.09675925925925925
1 0.19947916666666668 0.20949074074074073 0.022395833333333334 0.033796296296296297
1 0.08658854166666667 0.31712962962962965 0.03619791666666667 0.030555555555555555
1 0.40481770833333336 0.36319444444444443 0.01796875 0.033796296296296297
1 0.5872395833333334 0.4148148148148148 0.019270833333333334 0.03148148148148148
1 0.3170572916666667 0.27546296296296297 0.020572916666666666 0.03333333333333333
1 0.08346354166666667 0.2831018518518518 0.026822916666666665 0.038425925925925926
3 0.28346354166666665 0.3958333333333333 0.05703125 0.049074074074074076
3 0.6298177083333333 0.5141203703703704 0.038802083333333334 0.05138888888888889
3 0.5880208333333333 0.4726851851851852 0.0390625 0.037037037037037035
3 0.4022135416666667 0.56875 0.03567708333333333 0.043055555555555555
1 0.11953125 0.28402777777777777 0.035416666666666666 0.0412037037037037
1 0.3790364583333333 0.24444444444444444 0.020572916666666666 0.03333333333333333
1 0.40013020833333335 0.2689814814814815 0.020572916666666666 0.03333333333333333
1 0.426171875 0.22777777777777777 0.020572916666666666 0.03333333333333333
1 0.454296875 0.21851851851851853 0.020572916666666666 0.03333333333333333
1 0.4884114583333333 0.2050925925925926 0.020572916666666666 0.03333333333333333
1 0.5165364583333333 0.2111111111111111 0.020572916666666666 0.03333333333333333
1 0.5545572916666667 0.1884259259259259 0.020572916666666666 0.03333333333333333
1 0.544140625 0.16435185185185186 0.020572916666666666 0.03333333333333333
1 0.5977864583333333 0.24768518518518517 0.020572916666666666 0.03333333333333333
1 0.612890625 0.3138888888888889 0.020572916666666666 0.03333333333333333
1 0.6162760416666667 0.2273148148148148 0.020572916666666666 0.03333333333333333
1 0.700390625 0.4101851851851852 0.020572916666666666 0.03333333333333333
1 0.7055989583333333 0.4648148148148148 0.020572916666666666 0.03333333333333333
1 0.7428385416666666 0.41064814814814815 0.020572916666666666 0.03333333333333333
1 0.7131510416666667 0.43287037037037035 0.020572916666666666 0.03333333333333333
1 0.781640625 0.4064814814814815 0.020572916666666666 0.03333333333333333
1 0.7962239583333334 0.41712962962962963 0.020572916666666666 0.03333333333333333
1 0.8626302083333334 0.38472222222222224 0.020572916666666666 0.03333333333333333
1 0.8720052083333333 0.5018518518518519 0.020572916666666666 0.03333333333333333
1 0.8454427083333333 0.5032407407407408 0.020572916666666666 0.03333333333333333
1 0.7506510416666666 0.5708333333333333 0.020572916666666666 0.03333333333333333