0 0.5604166666666667 0.6654320987654321 0.17916666666666667 0.2
0 0.2638888888888889 0.5555555555555556 0.13055555555555556 0.2123456790123457
0 0.7944444444444444 0.8580246913580247 0.1388888888888889 0.12098765432098765
0 0.9111111111111111 0.571604938271605 0.16666666666666666 0.27901234567901234
0 0.7027777777777777 0.11358024691358025 0.1 0.10864197530864197
1 0.6958333333333333 0.5469135802469136 0.06666666666666667 0.0962962962962963
1 0.6583333333333333 0.8703703703703703 0.09444444444444444 0.17037037037037037
1 0.7541666666666667 0.7555555555555555 0.07222222222222222 0.1382716049382716
1 0.8972222222222223 0.1419753086419753 0.058333333333333334 0.09135802469135802
1 0.4479166666666667 0.2654320987654321 0.07083333333333333 0.1259259259259259
1 0.5131944444444444 0.2814814814814815 0.04861111111111111 0.08888888888888889
1 0.6541666666666667 0.2962962962962963 0.06666666666666667 0.12345679012345678
1 0.5673611111111111 0.9691358024691358 0.07361111111111111 0.06172839506172839
1 0.5590277777777778 0.24814814814814815 0.043055555555555555 0.06666666666666667
1 0.8784722222222222 0.9654320987654321 0.0875 0.0691358024691358
1 0.8236111111111111 0.08765432098765433 0.05277777777777778 0.07160493827160494
3 0.425 0.5925925925925926 0.08611111111111111 0.12839506172839507
3 0.41041666666666665 0.8679012345679012 0.09027777777777778 0.16049382716049382
3 0.7875 0.30493827160493825 0.06944444444444445 0.10617283950617284
0 0.7902777777777777 0.9382716049382716 0.1361111111111111 0.12839506172839507