1 0.424609375 0.6013888888888889 0.04609375 0.0712962962962963
1 0.33880208333333334 0.40532407407407406 0.0375 0.05416666666666667
1 0.6162760416666667 0.5935185185185186 0.04244791666666667 0.06018518518518518
1 0.7526041666666666 0.5539351851851851 0.028645833333333332 0.04675925925925926
1 0.6514322916666667 0.4148148148148148 0.027864583333333335 0.04537037037037037
1 0.030338541666666666 0.40671296296296294 0.030989583333333334 0.043055555555555555
1 0.7096354166666666 0.5296296296296297 0.021354166666666667 0.03981481481481482
1 0.31497395833333336 0.3509259259259259 0.02890625 0.03981481481481482
1 0.23658854166666668 0.7738425925925926 0.05651041666666667 0.10787037037037037
1 0.05768229166666667 0.4537037037037037 0.03671875 0.05277777777777778
1 0.5356770833333333 0.29606481481481484 0.018229166666666668 0.029166666666666667
1 0.741796875 0.48865740740740743 0.019010416666666665 0.03564814814814815
1 0.5352864583333333 0.33194444444444443 0.027864583333333335 0.03148148148148148
1 0.6026041666666667 0.33217592592592593 0.019791666666666666 0.03009259259259259
1 0.4583333333333333 0.29907407407407405 0.024479166666666666 0.030555555555555555
1 0.688671875 0.36435185185185187 0.020052083333333335 0.03333333333333333
1 0.6153645833333333 0.25833333333333336 0.021354166666666667 0.03148148148148148
3 0.6361979166666667 0.49166666666666664 0.036458333333333336 0.05555555555555555
1 0.549609375 0.3106481481481482 0.017447916666666667 0.026851851851851852
1 0.55703125 0.3236111111111111 0.020833333333333332 0.03148148148148148
1 0.7483072916666667 0.3611111111111111 0.020052083333333335 0.03333333333333333
1 0.759765625 0.39351851851851855 0.020052083333333335 0.03333333333333333
1 0.8071614583333333 0.3592592592592593 0.020052083333333335 0.03333333333333333
1 0.7907552083333333 0.29259259259259257 0.020052083333333335 0.03333333333333333
1 0.829296875 0.3055555555555556 0.020052083333333335 0.03333333333333333
1 0.6509114583333333 0.2550925925925926 0.020052083333333335 0.03333333333333333
1 0.9546875 0.5280092592592592 0.028645833333333332 0.04675925925925926
1 0.6614583333333334 0.33912037037037035 0.019791666666666666 0.03009259259259259