0 0.7875 0.5160493827160494 0.11666666666666667 0.23703703703703705
0 0.5826388888888889 0.7555555555555555 0.12638888888888888 0.1382716049382716
0 0.5361111111111111 0.40617283950617283 0.125 0.1654320987654321
1 0.28680555555555554 0.8518518518518519 0.09861111111111111 0.15308641975308643
1 0.37083333333333335 0.928395061728395 0.11388888888888889 0.14320987654320988
1 0.5034722222222222 0.9395061728395062 0.11805555555555555 0.11604938271604938
1 0.15555555555555556 0.9222222222222223 0.1388888888888889 0.15555555555555556
1 0.050694444444444445 0.9049382716049382 0.09861111111111111 0.18518518518518517
1 0.6243055555555556 0.9617283950617284 0.11805555555555555 0.07160493827160494
2 0.90625 0.6876543209876543 0.059722222222222225 0.10617283950617284
2 0.18680555555555556 0.03950617283950617 0.08194444444444444 0.07407407407407407
3 0.4548611111111111 0.7888888888888889 0.14027777777777778 0.2
3 0.7451388888888889 0.9024691358024691 0.11527777777777778 0.2
3 0.29097222222222224 0.737037037037037 0.09027777777777778 0.1259259259259259
3 0.48333333333333334 0.2802469135802469 0.09444444444444444 0.14074074074074075
3 0.38125 0.6197530864197531 0.07916666666666666 0.14814814814814814
3 0.30069444444444443 0.30864197530864196 0.06805555555555555 0.10864197530864197
3 0.35208333333333336 0.3493827160493827 0.0763888888888889 0.1308641975308642