0 0.35 0.5435185185185185 0.10833333333333334 0.0962962962962963
0 0.24375 0.8273148148148148 0.07083333333333333 0.22685185185185186
0 0.14453125 0.9439814814814815 0.0671875 0.11018518518518519
1 0.453125 0.5041666666666667 0.041666666666666664 0.06018518518518518
1 0.03463541666666667 0.8212962962962963 0.050520833333333334 0.08518518518518518
1 0.7744791666666667 0.5037037037037037 0.04583333333333333 0.07222222222222222
1 0.025520833333333333 0.5564814814814815 0.04791666666666667 0.07962962962962963
1 0.15729166666666666 0.7828703703703703 0.03958333333333333 0.0712962962962963
1 0.5268229166666667 0.5037037037037037 0.04635416666666667 0.07407407407407407
1 0.29401041666666666 0.29907407407407405 0.034895833333333334 0.06481481481481481
1 0.9825520833333333 0.5013888888888889 0.034895833333333334 0.06018518518518518
1 0.2669270833333333 0.5574074074074075 0.043229166666666666 0.08333333333333333
1 0.62109375 0.3851851851851852 0.03177083333333333 0.05
3 0.6252604166666667 0.8472222222222222 0.07239583333333334 0.11481481481481481
3 0.5927083333333333 0.7347222222222223 0.06666666666666667 0.11388888888888889
3 0.9013020833333333 0.6185185185185185 0.0578125 0.08333333333333333