1 0.8819444444444444 0.6222222222222222 0.07777777777777778 0.12839506172839507
1 0.9256944444444445 0.4222222222222222 0.10416666666666667 0.15308641975308643
1 0.29930555555555555 0.42098765432098767 0.059722222222222225 0.10617283950617284
1 0.8444444444444444 0.5074074074074074 0.06944444444444445 0.1259259259259259
1 0.1361111111111111 0.4382716049382716 0.06111111111111111 0.0962962962962963
1 0.22013888888888888 0.28641975308641976 0.05416666666666667 0.07901234567901234
1 0.9756944444444444 0.24691358024691357 0.04861111111111111 0.16296296296296298
1 0.9319444444444445 0.24567901234567902 0.06666666666666667 0.10617283950617284
1 0.6833333333333333 0.14814814814814814 0.041666666666666664 0.07901234567901234
1 0.5159722222222223 0.682716049382716 0.04861111111111111 0.0962962962962963
1 0.45694444444444443 0.7950617283950617 0.05 0.08395061728395062
1 0.7777777777777778 0.8716049382716049 0.11944444444444445 0.2222222222222222
1 0.2847222222222222 0.22962962962962963 0.041666666666666664 0.0691358024691358
3 0.7875 0.5765432098765432 0.06944444444444445 0.1111111111111111