1 0.8854166666666666 0.3395061728395062 0.04861111111111111 0.08148148148148149
1 0.34375 0.4888888888888889 0.04861111111111111 0.07407407407407407
1 0.6576388888888889 0.3987654320987654 0.043055555555555555 0.06666666666666667
1 0.26319444444444445 0.5592592592592592 0.07083333333333333 0.09135802469135802
1 0.1125 0.23333333333333334 0.06666666666666667 0.09135802469135802
1 0.42291666666666666 0.7086419753086419 0.0625 0.10864197530864197
1 0.7694444444444445 0.2222222222222222 0.03888888888888889 0.05925925925925926
1 0.3 0.30493827160493825 0.03888888888888889 0.06172839506172839
1 0.6791666666666667 0.8074074074074075 0.06388888888888888 0.11851851851851852
1 0.6333333333333333 0.29876543209876544 0.03611111111111111 0.05925925925925926
1 0.3333333333333333 0.22469135802469137 0.041666666666666664 0.06419753086419754
1 0.6326388888888889 0.11604938271604938 0.043055555555555555 0.07407407407407407
1 0.4465277777777778 0.43580246913580245 0.07361111111111111 0.11604938271604938