0 0.49722222222222223 0.4074074074074074 0.14166666666666666 0.09876543209876543
0 0.21597222222222223 0.30987654320987656 0.10972222222222222 0.09135802469135802
0 0.27361111111111114 0.8333333333333334 0.14444444444444443 0.12098765432098765
0 0.7680555555555556 0.7 0.06388888888888888 0.17530864197530865
0 0.04583333333333333 0.7691358024691358 0.08888888888888889 0.2641975308641975
0 0.6777777777777778 0.49876543209876545 0.08611111111111111 0.08888888888888889
0 0.2534722222222222 0.44074074074074077 0.15694444444444444 0.1111111111111111
1 0.14791666666666667 0.519753086419753 0.0763888888888889 0.12098765432098765
1 0.26458333333333334 0.4604938271604938 0.05416666666666667 0.08148148148148149
1 0.5729166666666666 0.7679012345679013 0.07083333333333333 0.1037037037037037
1 0.075 0.45925925925925926 0.06944444444444445 0.09876543209876543
1 0.8041666666666667 0.5370370370370371 0.044444444444444446 0.06666666666666667
1 0.8618055555555556 0.5395061728395062 0.043055555555555555 0.06172839506172839
1 0.8354166666666667 0.4506172839506173 0.04027777777777778 0.06666666666666667
1 0.36736111111111114 0.27901234567901234 0.0375 0.05432098765432099
3 0.8465277777777778 0.6777777777777778 0.10694444444444444 0.16049382716049382