1 0.09427083333333333 0.6872685185185186 0.059895833333333336 0.08009259259259259
1 0.10677083333333333 0.55 0.04479166666666667 0.06481481481481481
1 0.66640625 0.47939814814814813 0.028645833333333332 0.04212962962962963
1 0.5161458333333333 0.5127314814814815 0.03697916666666667 0.04583333333333333
1 0.9473958333333333 0.29074074074074074 0.034895833333333334 0.05648148148148148
1 0.726953125 0.3726851851851852 0.03984375 0.06111111111111111
1 0.68359375 0.40717592592592594 0.0296875 0.04583333333333333
1 0.683984375 0.3541666666666667 0.026302083333333334 0.04259259259259259
1 0.9186197916666666 0.3071759259259259 0.029427083333333333 0.04398148148148148
3 0.02421875 0.6203703703703703 0.04739583333333333 0.08703703703703704
3 0.4127604166666667 0.5118055555555555 0.0390625 0.04212962962962963
3 0.8661458333333333 0.32731481481481484 0.034375 0.03333333333333333
1 0.51171875 0.47337962962962965 0.03697916666666667 0.04583333333333333