1 0.39700520833333336 0.09814814814814815 0.04505208333333333 0.08518518518518518
1 0.661328125 0.6041666666666666 0.05286458333333333 0.08518518518518518
1 0.18125 0.8898148148148148 0.03802083333333333 0.06759259259259259
1 0.5428385416666667 0.6488425925925926 0.04348958333333333 0.07361111111111111
1 0.33033854166666665 0.7798611111111111 0.04088541666666667 0.07361111111111111
1 0.6524739583333333 0.6912037037037037 0.06744791666666666 0.10555555555555556
1 0.6321614583333334 0.5791666666666667 0.05130208333333333 0.075
1 0.6903645833333333 0.9648148148148148 0.059895833333333336 0.06851851851851852
1 0.01328125 0.6224537037037037 0.0265625 0.0837962962962963
1 0.32838541666666665 0.4219907407407407 0.03958333333333333 0.06712962962962964
1 0.07903645833333334 0.2851851851851852 0.027864583333333335 0.05185185185185185
3 0.5239583333333333 0.3645833333333333 0.030729166666666665 0.08287037037037037
3 0.8786458333333333 0.5583333333333333 0.04895833333333333 0.06759259259259259