0 0.46805555555555556 0.737037037037037 0.1388888888888889 0.145679012345679
0 0.3013888888888889 0.26296296296296295 0.05277777777777778 0.16049382716049382
1 0.4375 0.37037037037037035 0.09722222222222222 0.16296296296296298
1 0.43680555555555556 0.6 0.09305555555555556 0.1728395061728395
1 0.5826388888888889 0.39382716049382716 0.1125 0.17037037037037037
1 0.22916666666666666 0.4962962962962963 0.1 0.13333333333333333
1 0.5763888888888888 0.2074074074074074 0.11944444444444445 0.18271604938271604
1 0.45416666666666666 0.04197530864197531 0.09444444444444444 0.07901234567901234
1 0.5715277777777777 0.5703703703703704 0.09861111111111111 0.1580246913580247
1 0.8243055555555555 0.03950617283950617 0.10694444444444444 0.07407407407407407
1 0.02847222222222222 0.5925925925925926 0.05694444444444444 0.1382716049382716
1 0.6145833333333334 0.9654320987654321 0.09583333333333334 0.0691358024691358
3 0.6583333333333333 0.8185185185185185 0.075 0.13580246913580246
3 0.41458333333333336 0.9160493827160494 0.12361111111111112 0.16790123456790124
3 0.35833333333333334 0.6679012345679012 0.08611111111111111 0.14074074074074075
3 0.4486111111111111 0.19012345679012346 0.07777777777777778 0.1580246913580247
3 0.9493055555555555 0.6901234567901234 0.10138888888888889 0.21975308641975308
3 0.9534722222222223 0.33209876543209876 0.09305555555555556 0.17530864197530865