1 0.7057291666666666 0.9289351851851851 0.04635416666666667 0.08009259259259259
1 0.594921875 0.6905092592592592 0.04192708333333333 0.0699074074074074
1 0.578515625 0.8888888888888888 0.039322916666666666 0.07222222222222222
1 0.6669270833333333 0.7393518518518518 0.044270833333333336 0.08148148148148149
1 0.6390625 0.8960648148148148 0.0453125 0.08194444444444444
1 0.12786458333333334 0.17939814814814814 0.04375 0.08101851851851852
1 0.31484375 0.7664351851851852 0.041666666666666664 0.06805555555555555
1 0.12513020833333333 0.0699074074074074 0.045572916666666664 0.07037037037037037
1 0.7669270833333334 0.9583333333333334 0.06041666666666667 0.07777777777777778
3 0.634765625 0.7421296296296296 0.03619791666666667 0.05648148148148148
1 0.837109375 0.9668981481481481 0.047135416666666666 0.06712962962962964
1 0.861328125 0.8321759259259259 0.03619791666666667 0.052314814814814814