1 0.21393229166666666 0.56875 0.054427083333333334 0.07175925925925926
1 0.838671875 0.24027777777777778 0.031510416666666666 0.049074074074074076
1 0.22356770833333334 0.2326388888888889 0.03671875 0.052314814814814814
1 0.6501302083333333 0.5131944444444444 0.04140625 0.06805555555555555
1 0.6227864583333333 0.22870370370370371 0.03984375 0.06018518518518518
1 0.06770833333333333 0.9185185185185185 0.059375 0.08333333333333333
1 0.6994791666666667 0.4217592592592593 0.035416666666666666 0.05277777777777778
1 0.05065104166666667 0.27175925925925926 0.04609375 0.06018518518518518
1 0.9147135416666666 0.3439814814814815 0.05963541666666667 0.07592592592592592
1 0.022786458333333332 0.6719907407407407 0.04505208333333333 0.10138888888888889
1 0.226953125 0.16550925925925927 0.03671875 0.052314814814814814
1 0.13580729166666666 0.061342592592592594 0.03671875 0.052314814814814814
1 0.3084635416666667 0.029861111111111113 0.03671875 0.052314814814814814
1 0.32278645833333336 0.06597222222222222 0.03671875 0.052314814814814814
1 0.33893229166666666 0.04050925925925926 0.03671875 0.052314814814814814