1 0.11388888888888889 0.06296296296296296 0.08333333333333333 0.11604938271604938
1 0.61875 0.5703703703703704 0.07916666666666666 0.1382716049382716
1 0.5173611111111112 0.7604938271604939 0.07083333333333333 0.15308641975308643
1 0.05416666666666667 0.18641975308641975 0.08888888888888889 0.13580246913580246
1 0.37569444444444444 0.1111111111111111 0.04861111111111111 0.1037037037037037
1 0.9770833333333333 0.8506172839506173 0.04583333333333333 0.18024691358024691
1 0.41944444444444445 0.08888888888888889 0.044444444444444446 0.07407407407407407
1 0.73125 0.3814814814814815 0.07083333333333333 0.10123456790123457
1 0.7604166666666666 0.3469135802469136 0.0625 0.07654320987654321
3 0.041666666666666664 0.9432098765432099 0.08333333333333333 0.11358024691358025
3 0.8472222222222222 0.4666666666666667 0.06388888888888888 0.09382716049382717