1 0.18515625 0.8648148148148148 0.1203125 0.15185185185185185
1 0.021223958333333334 0.25324074074074077 0.04192708333333333 0.11296296296296296
1 0.250390625 0.03958333333333333 0.04401041666666667 0.06898148148148148
1 0.178515625 0.03333333333333333 0.03828125 0.05555555555555555
1 0.425 0.03287037037037037 0.034375 0.053703703703703705
1 0.46536458333333336 0.01898148148148148 0.044270833333333336 0.037037037037037035
3 0.8276041666666667 0.07037037037037037 0.16614583333333333 0.13796296296296295
3 0.3885416666666667 0.6328703703703704 0.0328125 0.05555555555555555
3 0.028515625 0.5833333333333334 0.05651041666666667 0.04537037037037037
3 0.19466145833333334 0.3506944444444444 0.04869791666666667 0.06157407407407407
1 0.5791666666666667 0.3789351851851852 0.04479166666666667 0.07268518518518519