0 0.93125 0.6555555555555556 0.12916666666666668 0.0962962962962963
0 0.7046875 0.8939814814814815 0.10833333333333334 0.12314814814814815
0 0.40911458333333334 0.8671296296296296 0.10572916666666667 0.1175925925925926
1 0.52265625 0.600462962962963 0.04114583333333333 0.062037037037037036
1 0.6393229166666666 0.8268518518518518 0.0421875 0.07037037037037037
1 0.93671875 0.5722222222222222 0.05364583333333333 0.08333333333333333
1 0.7450520833333333 0.4949074074074074 0.0390625 0.06018518518518518
1 0.93984375 0.26666666666666666 0.04114583333333333 0.05740740740740741
1 0.5984375 0.6875 0.041666666666666664 0.075
1 0.4322916666666667 0.5449074074074074 0.034375 0.05648148148148148
1 0.5940104166666667 0.3337962962962963 0.03177083333333333 0.04722222222222222
1 0.37213541666666666 0.9736111111111111 0.0546875 0.04722222222222222
1 0.23151041666666666 0.7398148148148148 0.03697916666666667 0.05555555555555555
1 0.8864583333333333 0.08425925925925926 0.04479166666666667 0.07592592592592592
1 0.53203125 0.38564814814814813 0.0328125 0.05092592592592592
1 0.684375 0.8578703703703704 0.03229166666666667 0.04722222222222222
1 0.8296875 0.49675925925925923 0.03333333333333333 0.05462962962962963
1 0.5908854166666667 0.39814814814814814 0.024479166666666666 0.03888888888888889
1 0.7278645833333334 0.2518518518518518 0.0203125 0.03518518518518519
1 0.9408854166666667 0.1439814814814815 0.03802083333333333 0.05092592592592592
1 0.4752604166666667 0.5745370370370371 0.0203125 0.03611111111111111
3 0.6143229166666667 0.49074074074074076 0.04010416666666667 0.05740740740740741
3 0.9588541666666667 0.4787037037037037 0.075 0.09259259259259259
3 0.3846354166666667 0.8902777777777777 0.05572916666666667 0.07314814814814814
1 0.7481770833333333 0.24675925925925926 0.027604166666666666 0.03796296296296296