0 0.4395833333333333 0.26296296296296295 0.11805555555555555 0.09135802469135802
0 0.5298611111111111 0.6481481481481481 0.09861111111111111 0.37777777777777777
0 0.46319444444444446 0.6012345679012345 0.09861111111111111 0.21975308641975308
1 0.8638888888888889 0.8530864197530864 0.22777777777777777 0.2938271604938272
1 0.6215277777777778 0.6111111111111112 0.14027777777777778 0.20493827160493827
2 0.7368055555555556 0.26296296296296295 0.10972222222222222 0.15555555555555556
2 0.2777777777777778 0.8024691358024691 0.15555555555555556 0.2814814814814815
2 0.8638888888888889 0.31234567901234567 0.1111111111111111 0.16049382716049382
2 0.30972222222222223 0.3592592592592593 0.09722222222222222 0.13580246913580246
2 0.6215277777777778 0.8111111111111111 0.15416666666666667 0.22962962962962963
2 0.7347222222222223 0.8987654320987655 0.1638888888888889 0.20246913580246914
2 0.5569444444444445 0.945679012345679 0.16666666666666666 0.10864197530864197
2 0.48055555555555557 0.45555555555555555 0.14444444444444443 0.17530864197530865
2 0.4534722222222222 0.8975308641975308 0.14583333333333334 0.2
2 0.16180555555555556 0.24691358024691357 0.08194444444444444 0.12839506172839507
2 0.5354166666666667 0.18641975308641975 0.08472222222222223 0.10617283950617284
2 0.40694444444444444 0.6925925925925925 0.1527777777777778 0.2740740740740741
2 0.10138888888888889 0.47160493827160493 0.125 0.16296296296296298
2 0.4097222222222222 0.10246913580246914 0.06666666666666667 0.10123456790123457
2 0.15833333333333333 0.7604938271604939 0.12777777777777777 0.2271604938271605
2 0.029861111111111113 0.4765432098765432 0.05694444444444444 0.1382716049382716
2 0.07361111111111111 0.6444444444444445 0.1388888888888889 0.21728395061728395
2 0.10902777777777778 0.35802469135802467 0.09305555555555556 0.11358024691358025
3 0.7076388888888889 0.40370370370370373 0.17083333333333334 0.18024691358024691
3 0.95625 0.4283950617283951 0.08472222222222223 0.1506172839506173
2 0.46944444444444444 0.10246913580246914 0.06111111111111111 0.06666666666666667