1 0.4465277777777778 0.6135802469135803 0.04861111111111111 0.09135802469135802
1 0.1909722222222222 0.7271604938271605 0.05138888888888889 0.0962962962962963
1 0.47847222222222224 0.6851851851851852 0.04583333333333333 0.08641975308641975
1 0.2791666666666667 0.6358024691358025 0.058333333333333334 0.10123456790123457
1 0.03819444444444445 0.591358024691358 0.059722222222222225 0.0962962962962963
1 0.22013888888888888 0.8987654320987655 0.05694444444444444 0.1037037037037037
1 0.12361111111111112 0.5728395061728395 0.07777777777777778 0.12345679012345678
1 0.11875 0.8024691358024691 0.08194444444444444 0.12839506172839507
1 0.0798611111111111 0.8888888888888888 0.08472222222222223 0.12345679012345678
1 0.7583333333333333 0.945679012345679 0.04722222222222222 0.08395061728395062
1 0.06388888888888888 0.3160493827160494 0.06944444444444445 0.11358024691358025
1 0.3388888888888889 0.45308641975308644 0.030555555555555555 0.056790123456790124
1 0.08472222222222223 0.05925925925925926 0.05 0.07901234567901234
1 0.6652777777777777 0.6469135802469136 0.05277777777777778 0.1037037037037037
1 0.6659722222222222 0.8950617283950617 0.05138888888888889 0.0962962962962963
1 0.89375 0.7901234567901234 0.06527777777777778 0.08888888888888889
1 0.2743055555555556 0.19012345679012346 0.04027777777777778 0.07901234567901234
1 0.46041666666666664 0.4419753086419753 0.02361111111111111 0.044444444444444446
1 0.2861111111111111 0.24567901234567902 0.041666666666666664 0.08148148148148149
1 0.4027777777777778 0.43209876543209874 0.03611111111111111 0.05925925925925926
1 0.48194444444444445 0.49506172839506174 0.025 0.04691358024691358
1 0.4263888888888889 0.42592592592592593 0.025 0.04691358024691358
1 0.3645833333333333 0.4567901234567901 0.03194444444444444 0.05925925925925926