0 0.06180555555555556 0.6679012345679012 0.12083333333333333 0.10617283950617284
0 0.8729166666666667 0.454320987654321 0.09861111111111111 0.08888888888888889
1 0.6875 0.11851851851851852 0.11388888888888889 0.17777777777777778
1 0.6479166666666667 0.4074074074074074 0.09027777777777778 0.12345679012345678
1 0.46041666666666664 0.18395061728395062 0.07361111111111111 0.14074074074074075
1 0.16180555555555556 0.5580246913580247 0.05416666666666667 0.07901234567901234
1 0.10694444444444444 0.5246913580246914 0.075 0.10123456790123457
1 0.06458333333333334 0.3358024691358025 0.07083333333333333 0.1037037037037037
1 0.11458333333333333 0.9604938271604938 0.07361111111111111 0.07407407407407407
3 0.8645833333333334 0.6703703703703704 0.10972222222222222 0.145679012345679
3 0.2798611111111111 0.5308641975308642 0.0763888888888889 0.10864197530864197
3 0.14444444444444443 0.4222222222222222 0.06388888888888888 0.08395061728395062
3 0.3659722222222222 0.35555555555555557 0.07083333333333333 0.07407407407407407