0 0.8208333333333333 0.8506172839506173 0.08055555555555556 0.0962962962962963
1 0.18958333333333333 0.20864197530864198 0.04861111111111111 0.07160493827160494
1 0.6277777777777778 0.2271604938271605 0.08611111111111111 0.15308641975308643
1 0.5763888888888888 0.9308641975308642 0.09166666666666666 0.1382716049382716
1 0.9180555555555555 0.7654320987654321 0.11666666666666667 0.17777777777777778
1 0.22152777777777777 0.9185185185185185 0.09027777777777778 0.1580246913580247
1 0.2652777777777778 0.2308641975308642 0.03611111111111111 0.06172839506172839
1 0.31805555555555554 0.17160493827160495 0.044444444444444446 0.06172839506172839
1 0.11666666666666667 0.2419753086419753 0.06944444444444445 0.11358024691358025
1 0.9069444444444444 0.5481481481481482 0.1388888888888889 0.2222222222222222
1 0.38333333333333336 0.024691358024691357 0.03888888888888889 0.04938271604938271
3 0.1625 0.6469135802469136 0.075 0.09382716049382717
3 0.7416666666666667 0.5432098765432098 0.06944444444444445 0.11358024691358025
3 0.39791666666666664 0.9617283950617284 0.0625 0.07160493827160494
3 0.9763888888888889 0.6345679012345679 0.04722222222222222 0.1382716049382716