1 0.8909722222222223 0.2839506172839506 0.08472222222222223 0.13333333333333333
1 0.6527777777777778 0.6962962962962963 0.07777777777777778 0.12345679012345678
1 0.18541666666666667 0.5 0.05694444444444444 0.09135802469135802
1 0.43819444444444444 0.12345679012345678 0.07083333333333333 0.12839506172839507
1 0.5909722222222222 0.09382716049382717 0.07361111111111111 0.12839506172839507
1 0.02847222222222222 0.13703703703703704 0.05416666666666667 0.18024691358024691
3 0.7763888888888889 0.1925925925925926 0.09166666666666666 0.15308641975308643
3 0.34375 0.6592592592592592 0.07916666666666666 0.12839506172839507
3 0.6944444444444444 0.7987654320987654 0.06388888888888888 0.09135802469135802
3 0.5583333333333333 0.9592592592592593 0.06944444444444445 0.07654320987654321
3 0.19583333333333333 0.8962962962962963 0.07222222222222222 0.08395061728395062
3 0.85625 0.9530864197530864 0.09861111111111111 0.08395061728395062
3 0.9729166666666667 0.4604938271604938 0.05416666666666667 0.14074074074074075
3 0.14305555555555555 0.8222222222222222 0.08611111111111111 0.09876543209876543