0 0.7395833333333334 0.3271604938271605 0.0875 0.1654320987654321
1 0.43125 0.6024691358024692 0.0625 0.09382716049382717
1 0.68125 0.08641975308641975 0.04583333333333333 0.08395061728395062
1 0.7138888888888889 0.4888888888888889 0.06111111111111111 0.10864197530864197
1 0.5979166666666667 0.27530864197530863 0.0625 0.10617283950617284
1 0.34097222222222223 0.24444444444444444 0.059722222222222225 0.08888888888888889
1 0.8958333333333334 0.7654320987654321 0.06666666666666667 0.09382716049382717
1 0.6583333333333333 0.7592592592592593 0.075 0.1111111111111111
1 0.7861111111111111 0.8876543209876543 0.06944444444444445 0.1111111111111111
1 0.09166666666666666 0.4049382716049383 0.05555555555555555 0.08395061728395062
1 0.7409722222222223 0.9358024691358025 0.0625 0.11358024691358025
3 0.5111111111111111 0.24320987654320989 0.06944444444444445 0.10617283950617284
3 0.6215277777777778 0.4444444444444444 0.05694444444444444 0.09382716049382717
3 0.20069444444444445 0.5419753086419753 0.06805555555555555 0.0962962962962963
3 0.4486111111111111 0.6765432098765433 0.05277777777777778 0.07407407407407407
3 0.4215277777777778 0.9049382716049382 0.0763888888888889 0.10123456790123457
3 0.5583333333333333 0.8222222222222222 0.075 0.10864197530864197