0 0.3098958333333333 0.5652777777777778 0.09895833333333333 0.075
1 0.48723958333333334 0.48194444444444445 0.0453125 0.0712962962962963
1 0.7786458333333334 0.6189814814814815 0.04583333333333333 0.07314814814814814
1 0.3997395833333333 0.8810185185185185 0.0453125 0.06944444444444445
1 0.6252604166666667 0.587037037037037 0.0390625 0.05740740740740741
1 0.6427083333333333 0.35694444444444445 0.041666666666666664 0.062037037037037036
1 0.44088541666666664 0.3490740740740741 0.044270833333333336 0.06666666666666667
1 0.22421875 0.6185185185185185 0.03697916666666667 0.05925925925925926
1 0.8640625 0.4532407407407407 0.05 0.0787037037037037
1 0.16067708333333333 0.31203703703703706 0.0390625 0.05555555555555555
1 0.15807291666666667 0.24953703703703703 0.04010416666666667 0.058333333333333334
1 0.91171875 0.42592592592592593 0.04010416666666667 0.06296296296296296
1 0.7942708333333334 0.5037037037037037 0.036458333333333336 0.07037037037037037
1 0.5546875 0.7736111111111111 0.035416666666666666 0.05462962962962963
1 0.60078125 0.2601851851851852 0.0265625 0.044444444444444446
1 0.97578125 0.31574074074074077 0.03802083333333333 0.05925925925925926
1 0.44375 0.2972222222222222 0.027083333333333334 0.03888888888888889
3 0.33932291666666664 0.6888888888888889 0.05260416666666667 0.05925925925925926
3 0.7302083333333333 0.5407407407407407 0.05625 0.07592592592592592
3 0.6880208333333333 0.5356481481481481 0.052083333333333336 0.06759259259259259
3 0.6177083333333333 0.6662037037037037 0.05 0.07685185185185185
0 0.34088541666666666 0.8685185185185185 0.09114583333333333 0.15555555555555556
1 0.6611979166666667 0.2777777777777778 0.0265625 0.044444444444444446
1 0.5341145833333333 0.1388888888888889 0.0265625 0.044444444444444446
1 0.5544270833333333 0.16111111111111112 0.0265625 0.044444444444444446
1 0.2203125 0.12962962962962962 0.027083333333333334 0.044444444444444446
1 0.9622395833333334 0.25 0.03802083333333333 0.05925925925925926