0 0.5569444444444445 0.3493827160493827 0.07222222222222222 0.21975308641975308
1 0.3902777777777778 0.11975308641975309 0.2 0.22962962962962963
1 0.1736111111111111 0.2691358024691358 0.12777777777777777 0.18765432098765433
1 0.5319444444444444 0.5950617283950618 0.10277777777777777 0.18765432098765433
1 0.14930555555555555 0.5518518518518518 0.10416666666666667 0.16049382716049382
1 0.38958333333333334 0.8074074074074075 0.11527777777777778 0.16296296296296298
1 0.45694444444444443 0.34814814814814815 0.07777777777777778 0.11358024691358025
1 0.9798611111111111 0.2222222222222222 0.04027777777777778 0.14320987654320988
1 0.12777777777777777 0.9061728395061729 0.10833333333333334 0.12345679012345678
3 0.7958333333333333 0.5851851851851851 0.10277777777777777 0.12345679012345678
3 0.9555555555555556 0.8987654320987655 0.08611111111111111 0.17777777777777778
3 0.11805555555555555 0.04691358024691358 0.12222222222222222 0.08888888888888889
3 0.8944444444444445 0.9111111111111111 0.08888888888888889 0.14320987654320988
3 0.7298611111111111 0.2938271604938272 0.07916666666666666 0.12839506172839507