1 0.8486979166666667 0.7615740740740741 0.050520833333333334 0.075
1 0.7869791666666667 0.6231481481481481 0.046875 0.06851851851851852
1 0.5877604166666667 0.8583333333333333 0.033854166666666664 0.05740740740740741
1 0.51953125 0.5296296296296297 0.0359375 0.05185185185185185
1 0.23098958333333333 0.8013888888888889 0.04010416666666667 0.06388888888888888
1 0.5244791666666667 0.5810185185185185 0.035416666666666666 0.05092592592592592
1 0.3731770833333333 0.9462962962962963 0.0390625 0.06481481481481481
1 0.08229166666666667 0.9393518518518519 0.05416666666666667 0.08425925925925926
1 0.9713541666666666 0.5342592592592592 0.0375 0.05185185185185185
3 0.3494791666666667 0.7212962962962963 0.05625 0.07037037037037037
3 0.7080729166666667 0.9449074074074074 0.050520833333333334 0.062037037037037036
1 0.3572916666666667 0.5532407407407407 0.035416666666666666 0.05092592592592592
1 0.378125 0.4986111111111111 0.035416666666666666 0.05092592592592592
1 0.4354166666666667 0.39490740740740743 0.035416666666666666 0.05092592592592592
1 0.40572916666666664 0.4513888888888889 0.035416666666666666 0.05092592592592592
1 0.4609375 0.663425925925926 0.035416666666666666 0.05092592592592592
1 0.7807291666666667 0.5662037037037037 0.035416666666666666 0.04722222222222222