1 0.39505208333333336 0.8476851851851852 0.030729166666666665 0.049074074074074076
1 0.05390625 0.9648148148148148 0.049479166666666664 0.06296296296296296
1 0.41432291666666665 0.7384259259259259 0.027604166666666666 0.049074074074074076
1 0.47291666666666665 0.774074074074074 0.026041666666666668 0.046296296296296294
1 0.06666666666666667 0.6611111111111111 0.03229166666666667 0.05
1 0.5268229166666667 0.8537037037037037 0.027604166666666666 0.046296296296296294
1 0.33359375 0.8740740740740741 0.030729166666666665 0.053703703703703705
1 0.29973958333333334 0.8569444444444444 0.030729166666666665 0.049074074074074076
1 0.18020833333333333 0.8263888888888888 0.028125 0.04351851851851852
1 0.08333333333333333 0.5652777777777778 0.030208333333333334 0.049074074074074076
1 0.2877604166666667 0.649537037037037 0.028645833333333332 0.049074074074074076
1 0.3182291666666667 0.6842592592592592 0.021875 0.04259259259259259
1 0.08671875 0.7393518518518518 0.027604166666666666 0.04537037037037037
1 0.57890625 0.9675925925925926 0.027604166666666666 0.04814814814814815
1 0.7893229166666667 0.9328703703703703 0.025520833333333333 0.04537037037037037
1 0.37005208333333334 0.5518518518518518 0.033854166666666664 0.053703703703703705
1 0.23307291666666666 0.6972222222222222 0.024479166666666666 0.046296296296296294
1 0.696875 0.9328703703703703 0.026041666666666668 0.04537037037037037
1 0.21041666666666667 0.7138888888888889 0.022916666666666665 0.03888888888888889
1 0.5833333333333334 0.6597222222222222 0.020833333333333332 0.041666666666666664
1 0.6127604166666667 0.6550925925925926 0.0234375 0.03611111111111111
1 0.5473958333333333 0.6472222222222223 0.023958333333333335 0.03518518518518519
1 0.740625 0.7291666666666666 0.019791666666666666 0.032407407407407406
1 0.81328125 0.8819444444444444 0.0203125 0.03796296296296296