0 0.6 0.7432098765432099 0.09722222222222222 0.25679012345679014
0 0.6201388888888889 0.6518518518518519 0.12083333333333333 0.11851851851851852
1 0.3402777777777778 0.11358024691358025 0.09444444444444444 0.1580246913580247
1 0.30833333333333335 0.8901234567901235 0.10555555555555556 0.19506172839506172
1 0.24166666666666667 0.39753086419753086 0.1 0.16296296296296298
1 0.3451388888888889 0.2962962962962963 0.10138888888888889 0.17777777777777778
1 0.6736111111111112 0.345679012345679 0.05 0.10864197530864197
1 0.36319444444444443 0.4962962962962963 0.11527777777777778 0.18765432098765433
1 0.7104166666666667 0.8432098765432099 0.09861111111111111 0.18024691358024691
1 0.19930555555555557 0.21604938271604937 0.10972222222222222 0.19506172839506172
1 0.5569444444444445 0.27283950617283953 0.08055555555555556 0.13580246913580246
1 0.6180555555555556 0.4074074074074074 0.075 0.12345679012345678
1 0.12569444444444444 0.38765432098765434 0.09027777777777778 0.1382716049382716
1 0.5395833333333333 0.5345679012345679 0.07916666666666666 0.1654320987654321
1 0.5055555555555555 0.7518518518518519 0.10833333333333334 0.19506172839506172
1 0.6444444444444445 0.22469135802469137 0.06388888888888888 0.11358024691358025
1 0.4583333333333333 0.2580246913580247 0.08055555555555556 0.14074074074074075
1 0.5291666666666667 0.37777777777777777 0.06944444444444445 0.11851851851851852
1 0.6333333333333333 0.11728395061728394 0.058333333333333334 0.11604938271604938
1 0.5902777777777778 0.044444444444444446 0.06111111111111111 0.08395061728395062
1 0.21666666666666667 0.6555555555555556 0.1361111111111111 0.21975308641975308
3 0.51875 0.17037037037037037 0.06805555555555555 0.10864197530864197
3 0.6423611111111112 0.9222222222222223 0.10972222222222222 0.15555555555555556
3 0.3875 0.05432098765432099 0.07777777777777778 0.07407407407407407
3 0.6743055555555556 0.7246913580246913 0.06805555555555555 0.1259259259259259