0 0.8041666666666667 0.7382716049382716 0.09444444444444444 0.1037037037037037
0 0.5527777777777778 0.08395061728395062 0.05 0.10864197530864197
0 0.35694444444444445 0.445679012345679 0.06388888888888888 0.1308641975308642
0 0.9368055555555556 0.07654320987654321 0.07361111111111111 0.14814814814814814
1 0.7368055555555556 0.06790123456790123 0.07083333333333333 0.08641975308641975
1 0.2923611111111111 0.6320987654320988 0.11805555555555555 0.3012345679012346
1 0.2534722222222222 0.4074074074074074 0.05416666666666667 0.15308641975308643
1 0.7027777777777777 0.4419753086419753 0.06944444444444445 0.1037037037037037
3 0.6388888888888888 0.6790123456790124 0.10555555555555556 0.16296296296296298
3 0.61875 0.2654320987654321 0.06527777777777778 0.08641975308641975
3 0.9423611111111111 0.3160493827160494 0.1125 0.11358024691358025
3 0.7472222222222222 0.8061728395061728 0.06944444444444445 0.15555555555555556
3 0.4597222222222222 0.9469135802469136 0.1 0.10123456790123457
3 0.7041666666666667 0.5654320987654321 0.06666666666666667 0.09382716049382717
3 0.70625 0.2814814814814815 0.06527777777777778 0.1037037037037037