1 0.6775568181818182 0.6362847222222222 0.07670454545454546 0.0954861111111111
1 0.3352272727272727 0.6631944444444444 0.08238636363636363 0.11458333333333333
1 0.3252840909090909 0.21788194444444445 0.07670454545454546 0.078125
1 0.7450284090909091 0.7890625 0.06676136363636363 0.0954861111111111
1 0.10085227272727272 0.5043402777777778 0.06818181818181818 0.10590277777777778
1 0.8082386363636364 0.9157986111111112 0.09659090909090909 0.1545138888888889
1 0.5262784090909091 0.9366319444444444 0.09232954545454546 0.11284722222222222
1 0.4041193181818182 0.3263888888888889 0.06676136363636363 0.1111111111111111
1 0.5873579545454546 0.6631944444444444 0.06960227272727272 0.0798611111111111
1 0.5404829545454546 0.7421875 0.08664772727272728 0.1267361111111111
1 0.5035511363636364 0.8498263888888888 0.07528409090909091 0.09895833333333333
1 0.10440340909090909 0.3940972222222222 0.05539772727272727 0.125
1 0.12571022727272727 0.6128472222222222 0.06392045454545454 0.09375
1 0.1669034090909091 0.6857638888888888 0.08380681818181818 0.10416666666666667