1 0.07057291666666667 0.37083333333333335 0.03697916666666667 0.05648148148148148
1 0.58125 0.40925925925925927 0.03229166666666667 0.053703703703703705
1 0.017447916666666667 0.3662037037037037 0.034895833333333334 0.062037037037037036
1 0.6315104166666666 0.40694444444444444 0.033854166666666664 0.05648148148148148
1 0.37213541666666666 0.18009259259259258 0.033854166666666664 0.06018518518518518
1 0.225 0.34074074074074073 0.03333333333333333 0.05185185185185185
1 0.5244791666666667 0.2064814814814815 0.036458333333333336 0.06111111111111111
1 0.30807291666666664 0.32083333333333336 0.03177083333333333 0.049074074074074076
1 0.4953125 0.362962962962963 0.041666666666666664 0.05740740740740741
1 0.023958333333333335 0.07175925925925926 0.0375 0.06574074074074074
1 0.73203125 0.5305555555555556 0.0421875 0.07407407407407407
1 0.6841145833333333 0.35555555555555557 0.0265625 0.05
1 0.41796875 0.026851851851851852 0.0359375 0.05185185185185185
1 0.6565104166666667 0.36527777777777776 0.025520833333333333 0.04722222222222222
1 0.30234375 0.22870370370370371 0.03802083333333333 0.06481481481481481
1 0.48984375 0.13055555555555556 0.0328125 0.05925925925925926
3 0.18020833333333333 0.749537037037037 0.05416666666666667 0.062037037037037036
3 0.04895833333333333 0.825462962962963 0.08541666666666667 0.08981481481481482