1 0.7721843003412969 0.265625 0.14846416382252559 0.16875
1 0.6655290102389079 0.75625 0.11604095563139932 0.15833333333333333
1 0.4948805460750853 0.246875 0.08191126279863481 0.11041666666666666
1 0.4197952218430034 0.23020833333333332 0.06484641638225255 0.08958333333333333
1 0.8856655290102389 0.75625 0.12286689419795221 0.17083333333333334
1 0.3003412969283277 0.578125 0.08532423208191127 0.11041666666666666
1 0.28498293515358364 0.48854166666666665 0.07508532423208192 0.08541666666666667
1 0.96160409556314 0.7833333333333333 0.07337883959044368 0.16666666666666666
1 0.5307167235494881 0.6125 0.09215017064846416 0.125
1 0.9462457337883959 0.21458333333333332 0.10068259385665529 0.13333333333333333
1 0.9735494880546075 0.565625 0.052901023890784986 0.15625
1 0.6194539249146758 0.434375 0.08532423208191127 0.13541666666666666
1 0.5656996587030717 0.5166666666666667 0.08703071672354949 0.11666666666666667
1 0.1296928327645051 0.925 0.11604095563139932 0.10833333333333334
1 0.7414675767918089 0.8520833333333333 0.10409556313993173 0.1125
1 0.7542662116040956 0.12604166666666666 0.12627986348122866 0.14375