0 0.6138888888888889 0.837037037037037 0.12222222222222222 0.1037037037037037
0 0.7395833333333334 0.4777777777777778 0.0875 0.10617283950617284
1 0.6729166666666667 0.4580246913580247 0.06527777777777778 0.10617283950617284
1 0.49375 0.5876543209876544 0.06527777777777778 0.09382716049382717
1 0.9375 0.1506172839506173 0.06666666666666667 0.11358024691358025
2 0.5222222222222223 0.9419753086419753 0.05 0.08641975308641975
3 0.8805555555555555 0.9395061728395062 0.14166666666666666 0.11604938271604938
3 0.9291666666666667 0.36790123456790125 0.06666666666666667 0.09382716049382717
3 0.6319444444444444 0.7234567901234568 0.075 0.09876543209876543
3 0.4131944444444444 0.5209876543209877 0.0625 0.06419753086419754
3 0.8076388888888889 0.7765432098765432 0.08472222222222223 0.08641975308641975