0 0.16666666666666666 0.1765432098765432 0.06388888888888888 0.1308641975308642
1 0.3375 0.7086419753086419 0.05555555555555555 0.09382716049382717
1 0.4173611111111111 0.47160493827160493 0.06527777777777778 0.09382716049382717
1 0.5916666666666667 0.4617283950617284 0.044444444444444446 0.08395061728395062
1 0.06597222222222222 0.04691358024691358 0.07083333333333333 0.08888888888888889
1 0.5597222222222222 0.05308641975308642 0.03888888888888889 0.06172839506172839
1 0.2875 0.9580246913580247 0.08055555555555556 0.07901234567901234
1 0.19583333333333333 0.027160493827160494 0.06944444444444445 0.04938271604938271
1 0.7347222222222223 0.24814814814814815 0.030555555555555555 0.06172839506172839
3 0.14444444444444443 0.31234567901234567 0.09444444444444444 0.1259259259259259
3 0.3402777777777778 0.31851851851851853 0.07222222222222222 0.10864197530864197
3 0.2673611111111111 0.08024691358024691 0.05694444444444444 0.05185185185185185
3 0.6402777777777777 0.9320987654320988 0.08055555555555556 0.1308641975308642