0 0.9298611111111111 0.562962962962963 0.1375 0.16296296296296298
0 0.12569444444444444 0.6444444444444445 0.2125 0.2419753086419753
1 0.2534722222222222 0.3345679012345679 0.10972222222222222 0.18518518518518517
1 0.6965277777777777 0.7358024691358025 0.12083333333333333 0.18765432098765433
1 0.96875 0.391358024691358 0.0625 0.20987654320987653
1 0.09652777777777778 0.4802469135802469 0.1625 0.2740740740740741
1 0.5125 0.8839506172839506 0.125 0.2271604938271605
1 0.8111111111111111 0.24567901234567902 0.14722222222222223 0.2345679012345679
1 0.4263888888888889 0.1925925925925926 0.14444444444444443 0.2419753086419753
1 0.7861111111111111 0.5222222222222223 0.15 0.22469135802469137
3 0.5694444444444444 0.5160493827160494 0.15 0.2518518518518518
3 0.8034722222222223 0.845679012345679 0.12916666666666668 0.254320987654321
3 0.3423611111111111 0.6506172839506172 0.07916666666666666 0.17530864197530865
3 0.9055555555555556 0.23950617283950618 0.08888888888888889 0.16296296296296298
3 0.64375 0.6555555555555556 0.07083333333333333 0.1308641975308642