0 0.7173611111111111 0.7012345679012346 0.07916666666666666 0.08888888888888889
1 0.5625 0.391358024691358 0.041666666666666664 0.07654320987654321
1 0.15 0.14938271604938272 0.041666666666666664 0.07160493827160494
1 0.04027777777777778 0.14074074074074075 0.058333333333333334 0.09382716049382717
1 0.6076388888888888 0.7925925925925926 0.06805555555555555 0.12839506172839507
3 0.11736111111111111 0.35432098765432096 0.06805555555555555 0.07160493827160494
3 0.4527777777777778 0.30617283950617286 0.05277777777777778 0.07901234567901234
3 0.34791666666666665 0.3506172839506173 0.05138888888888889 0.07901234567901234
3 0.23819444444444443 0.1580246913580247 0.05138888888888889 0.06419753086419754
0 0.8354166666666667 0.8345679012345679 0.07916666666666666 0.08888888888888889
0 0.7680555555555556 0.8530864197530864 0.05277777777777778 0.1111111111111111
3 0.78125 0.7666666666666667 0.0375 0.05185185185185185