0 0.03194444444444444 0.4148148148148148 0.06111111111111111 0.17777777777777778
1 0.41458333333333336 0.4654320987654321 0.09861111111111111 0.17037037037037037
1 0.5361111111111111 0.7049382716049383 0.06944444444444445 0.1308641975308642
1 0.5770833333333333 0.13580246913580246 0.08194444444444444 0.14814814814814814
1 0.6361111111111111 0.7580246913580246 0.075 0.12839506172839507
1 0.7194444444444444 0.5703703703703704 0.06944444444444445 0.12345679012345678
1 0.8951388888888889 0.8234567901234567 0.09305555555555556 0.17037037037037037
1 0.6652777777777777 0.21728395061728395 0.06388888888888888 0.11358024691358025
1 0.4965277777777778 0.2740740740740741 0.09583333333333334 0.17777777777777778
1 0.4888888888888889 0.8209876543209876 0.11944444444444445 0.20493827160493827
1 0.95625 0.3765432098765432 0.07083333333333333 0.11604938271604938
1 0.5972222222222222 0.043209876543209874 0.09722222222222222 0.08148148148148149
1 0.9138888888888889 0.5654320987654321 0.058333333333333334 0.1037037037037037
3 0.04791666666666667 0.5888888888888889 0.09305555555555556 0.21975308641975308
3 0.5826388888888889 0.3012345679012346 0.10972222222222222 0.1728395061728395
3 0.4951388888888889 0.14938271604938272 0.07916666666666666 0.1308641975308642
3 0.6347222222222222 0.145679012345679 0.06388888888888888 0.12839506172839507
3 0.8826388888888889 0.4839506172839506 0.07083333333333333 0.11851851851851852
3 0.6729166666666667 0.30246913580246915 0.05416666666666667 0.07160493827160494