0 0.6902777777777778 0.5975308641975309 0.06666666666666667 0.14320987654320988
0 0.8395833333333333 0.8049382716049382 0.04861111111111111 0.16296296296296298
1 0.7131944444444445 0.20493827160493827 0.05694444444444444 0.10864197530864197
1 0.9736111111111111 0.3308641975308642 0.05277777777777778 0.11358024691358025
1 0.6243055555555556 0.10987654320987654 0.043055555555555555 0.08148148148148149
1 0.7652777777777777 0.3111111111111111 0.03888888888888889 0.08395061728395062
1 0.79375 0.6691358024691358 0.0875 0.15308641975308643
1 0.17847222222222223 0.2716049382716049 0.06527777777777778 0.10864197530864197
1 0.8145833333333333 0.25555555555555554 0.04583333333333333 0.08641975308641975
1 0.9673611111111111 0.7345679012345679 0.06527777777777778 0.20987654320987653
1 0.07569444444444444 0.2802469135802469 0.04583333333333333 0.1111111111111111
1 0.8458333333333333 0.2839506172839506 0.05277777777777778 0.08888888888888889
1 0.3902777777777778 0.908641975308642 0.08611111111111111 0.1580246913580247
1 0.3388888888888889 0.782716049382716 0.075 0.14814814814814814
1 0.8611111111111112 0.4567901234567901 0.05555555555555555 0.12345679012345678
1 0.6965277777777777 0.37160493827160496 0.05694444444444444 0.10617283950617284
1 0.7673611111111112 0.027160493827160494 0.04583333333333333 0.05432098765432099
1 0.6118055555555556 0.5370370370370371 0.05138888888888889 0.0962962962962963
1 0.8430555555555556 0.17037037037037037 0.05 0.08395061728395062
1 0.3368055555555556 0.5938271604938271 0.06805555555555555 0.0962962962962963
1 0.09513888888888888 0.12839506172839507 0.03194444444444444 0.05925925925925926
3 0.32222222222222224 0.1506172839506173 0.06111111111111111 0.07901234567901234
3 0.48194444444444445 0.04814814814814815 0.06111111111111111 0.08641975308641975
3 0.4722222222222222 0.7802469135802469 0.08611111111111111 0.12345679012345678
3 0.5229166666666667 0.3592592592592593 0.059722222222222225 0.0962962962962963
3 0.12986111111111112 0.23580246913580247 0.06527777777777778 0.10617283950617284