0 0.2786458333333333 0.4013888888888889 0.08541666666666667 0.0712962962962963
1 0.48098958333333336 0.569675925925926 0.044270833333333336 0.07731481481481481
1 0.209765625 0.37222222222222223 0.04973958333333333 0.06481481481481481
1 0.57578125 0.4212962962962963 0.041666666666666664 0.062037037037037036
1 0.6959635416666666 0.35509259259259257 0.027864583333333335 0.04537037037037037
1 0.381640625 0.3449074074074074 0.038802083333333334 0.05740740740740741
1 0.18294270833333334 0.9483796296296296 0.09401041666666667 0.09490740740740741
1 0.25807291666666665 0.562962962962963 0.04739583333333333 0.08148148148148149
1 0.40729166666666666 0.6560185185185186 0.06145833333333333 0.06944444444444445
1 0.78671875 0.49675925925925923 0.028125 0.04814814814814815
1 0.37747395833333336 0.2488425925925926 0.03723958333333333 0.043055555555555555
1 0.7354166666666667 0.45555555555555555 0.022916666666666665 0.03981481481481482
1 0.6096354166666667 0.2611111111111111 0.026041666666666668 0.040740740740740744
1 0.020703125 0.9231481481481482 0.04088541666666667 0.14166666666666666
1 0.10364583333333334 0.29421296296296295 0.03125 0.0375
1 0.8010416666666667 0.45578703703703705 0.0203125 0.03657407407407407
1 0.5877604166666667 0.27037037037037037 0.018229166666666668 0.028703703703703703
1 0.66171875 0.2831018518518518 0.01875 0.03287037037037037
3 0.184375 0.6641203703703704 0.10677083333333333 0.13472222222222222
3 0.37994791666666666 0.4048611111111111 0.049479166666666664 0.04953703703703704
3 0.111328125 0.7780092592592592 0.09401041666666667 0.12361111111111112
3 0.6436197916666667 0.38657407407407407 0.03515625 0.04722222222222222
1 0.6994791666666667 0.2377314814814815 0.01875 0.03287037037037037
1 0.765625 0.34421296296296294 0.01875 0.03287037037037037
1 0.84921875 0.3849537037037037 0.01875 0.03287037037037037
1 0.8385416666666666 0.34791666666666665 0.01875 0.03287037037037037