0 0.5131944444444444 0.6790123456790124 0.09861111111111111 0.09876543209876543
0 0.3902777777777778 0.30864197530864196 0.05 0.16790123456790124
0 0.6034722222222222 0.6703703703703704 0.08194444444444444 0.21975308641975308
1 0.19722222222222222 0.1654320987654321 0.05555555555555555 0.08888888888888889
1 0.26944444444444443 0.817283950617284 0.10555555555555556 0.18271604938271604
1 0.3326388888888889 0.3308641975308642 0.0625 0.10864197530864197
1 0.09583333333333334 0.10864197530864197 0.08055555555555556 0.11358024691358025
1 0.45625 0.17777777777777778 0.06527777777777778 0.11358024691358025
1 0.24513888888888888 0.10617283950617284 0.04583333333333333 0.07901234567901234
1 0.17569444444444443 0.291358024691358 0.06805555555555555 0.1382716049382716
1 0.79375 0.9432098765432099 0.09861111111111111 0.10864197530864197
1 0.45208333333333334 0.9691358024691358 0.10416666666666667 0.06666666666666667
3 0.5118055555555555 0.38271604938271603 0.08472222222222223 0.13333333333333333
3 0.6479166666666667 0.8271604938271605 0.0625 0.09382716049382717
3 0.33819444444444446 0.7753086419753087 0.06527777777777778 0.11851851851851852