1 0.39283854166666665 0.40879629629629627 0.032552083333333336 0.049074074074074076
1 0.35651041666666666 0.5400462962962963 0.034375 0.055092592592592596
1 0.172265625 0.7645833333333333 0.04401041666666667 0.06527777777777778
1 0.28098958333333335 0.6300925925925925 0.03177083333333333 0.049074074074074076
1 0.100390625 0.5164351851851852 0.03723958333333333 0.052314814814814814
1 0.43411458333333336 0.6196759259259259 0.036458333333333336 0.05787037037037037
1 0.08216145833333334 0.3074074074074074 0.031510416666666666 0.05185185185185185
1 0.06705729166666667 0.5891203703703703 0.03359375 0.047685185185185185
1 0.496484375 0.45185185185185184 0.02890625 0.04722222222222222
1 0.045572916666666664 0.518287037037037 0.0375 0.04861111111111111
1 0.26705729166666664 0.4101851851851852 0.03515625 0.05648148148148148
1 0.16979166666666667 0.40300925925925923 0.0375 0.05324074074074074
1 0.5541666666666667 0.6074074074074074 0.0328125 0.05092592592592592
1 0.018619791666666666 0.7731481481481481 0.03619791666666667 0.058333333333333334
1 0.209765625 0.5145833333333333 0.029427083333333333 0.04212962962962963
1 0.339453125 0.2865740740740741 0.024739583333333332 0.03611111111111111
1 0.20611979166666666 0.2564814814814815 0.029947916666666668 0.04351851851851852
1 0.28203125 0.26134259259259257 0.0296875 0.04675925925925926
1 0.5122395833333333 0.3789351851851852 0.022916666666666665 0.0412037037037037
1 0.3815104166666667 0.31875 0.0296875 0.043055555555555555
3 0.13111979166666668 0.6314814814814815 0.046614583333333334 0.06296296296296296