0 0.7097222222222223 0.6197530864197531 0.08333333333333333 0.05925925925925926
0 0.39861111111111114 0.8592592592592593 0.08611111111111111 0.08395061728395062
1 0.7319444444444444 0.5382716049382716 0.058333333333333334 0.09382716049382717
1 0.5541666666666667 0.7283950617283951 0.06111111111111111 0.10864197530864197
1 0.45625 0.6604938271604939 0.04583333333333333 0.07160493827160494
1 0.3020833333333333 0.47530864197530864 0.04861111111111111 0.09135802469135802
1 0.24930555555555556 0.4876543209876543 0.043055555555555555 0.08148148148148149
1 0.41944444444444445 0.34444444444444444 0.044444444444444446 0.07654320987654321
1 0.5444444444444444 0.5370370370370371 0.05555555555555555 0.10617283950617284
1 0.5673611111111111 0.3617283950617284 0.04583333333333333 0.06666666666666667
1 0.18541666666666667 0.44814814814814813 0.04027777777777778 0.07160493827160494
1 0.46944444444444444 0.15432098765432098 0.04722222222222222 0.08148148148148149
1 0.1763888888888889 0.5271604938271605 0.044444444444444446 0.07654320987654321
1 0.6208333333333333 0.35432098765432096 0.05 0.07160493827160494
1 0.4486111111111111 0.15679012345679014 0.044444444444444446 0.07654320987654321
1 0.15 0.6345679012345679 0.04722222222222222 0.08888888888888889
1 0.4534722222222222 0.608641975308642 0.05416666666666667 0.08148148148148149