0 0.27708333333333335 0.8580246913580247 0.09027777777777778 0.18024691358024691
0 0.41944444444444445 0.8888888888888888 0.10277777777777777 0.13333333333333333
0 0.04513888888888889 0.5382716049382716 0.09027777777777778 0.14814814814814814
0 0.06527777777777778 0.9148148148148149 0.12222222222222222 0.16049382716049382
0 0.5520833333333334 0.9432098765432099 0.09305555555555556 0.11358024691358025
1 0.35833333333333334 0.31851851851851853 0.06111111111111111 0.09876543209876543
1 0.3736111111111111 0.6074074074074074 0.08055555555555556 0.16296296296296298
1 0.5416666666666666 0.5888888888888889 0.06111111111111111 0.10617283950617284
1 0.39861111111111114 0.23209876543209876 0.044444444444444446 0.07407407407407407
1 0.5152777777777777 0.42098765432098767 0.04722222222222222 0.08641975308641975
1 0.5638888888888889 0.4074074074074074 0.041666666666666664 0.07901234567901234
3 0.59375 0.6283950617283951 0.05138888888888889 0.06172839506172839