0 0.8881944444444444 0.5975308641975309 0.13194444444444445 0.1037037037037037
1 0.33194444444444443 0.7246913580246913 0.09444444444444444 0.19012345679012346
1 0.1951388888888889 0.07654320987654321 0.0875 0.13333333333333333
1 0.49722222222222223 0.5395061728395062 0.07222222222222222 0.11604938271604938
1 0.2965277777777778 0.3012345679012346 0.07083333333333333 0.1382716049382716
1 0.5625 0.6839506172839506 0.09166666666666666 0.14814814814814814
1 0.08055555555555556 0.25555555555555554 0.11944444444444445 0.20987654320987653
1 0.5055555555555555 0.1271604938271605 0.06666666666666667 0.1259259259259259
1 0.9527777777777777 0.9024691358024691 0.09444444444444444 0.17530864197530865
1 0.5145833333333333 0.25925925925925924 0.0375 0.09382716049382717
1 0.7 0.32469135802469135 0.05 0.07654320987654321
1 0.5722222222222222 0.3160493827160494 0.041666666666666664 0.0691358024691358
1 0.4736111111111111 0.3814814814814815 0.075 0.15555555555555556
3 0.6777777777777778 0.4654320987654321 0.07777777777777778 0.10123456790123457
0 0.8520833333333333 0.4185185185185185 0.09583333333333334 0.07160493827160494