1 0.3977864583333333 0.8569444444444444 0.032552083333333336 0.05648148148148148
1 0.9805989583333333 0.44722222222222224 0.03463541666666667 0.05925925925925926
1 0.6889322916666667 0.6231481481481481 0.026302083333333334 0.04259259259259259
1 0.6497395833333334 0.6314814814814815 0.034375 0.053703703703703705
1 0.5604166666666667 0.9506944444444444 0.06354166666666666 0.08935185185185185
1 0.541015625 0.6902777777777778 0.025260416666666667 0.05277777777777778
1 0.5770833333333333 0.9148148148148149 0.04375 0.06574074074074074
3 0.6967447916666667 0.9354166666666667 0.07838541666666667 0.1125
3 0.608203125 0.8856481481481482 0.04609375 0.08981481481481482
3 0.6453125 0.7673611111111112 0.06458333333333334 0.050462962962962966
3 0.5955729166666667 0.7907407407407407 0.04739583333333333 0.06111111111111111