0 0.6204427083333334 0.29907407407407405 0.09296875 0.09351851851851851
0 0.515625 0.2988425925925926 0.04895833333333333 0.10324074074074074
1 0.45794270833333334 0.05162037037037037 0.06328125 0.08472222222222223
1 0.175390625 0.13935185185185187 0.08567708333333333 0.1111111111111111
1 0.18515625 0.587037037037037 0.16979166666666667 0.2972222222222222
1 0.7783854166666667 0.5199074074074074 0.1234375 0.11203703703703703
1 0.758203125 0.03125 0.037760416666666664 0.056018518518518516
1 0.5876302083333333 0.027546296296296298 0.038802083333333334 0.05138888888888889
3 0.1734375 0.274537037037037 0.06145833333333333 0.08148148148148149
3 0.7475260416666667 0.1087962962962963 0.03984375 0.06851851851851852
3 0.6803385416666666 0.23819444444444443 0.03984375 0.050462962962962966
3 0.6165364583333334 0.1502314814814815 0.02578125 0.04027777777777778
0 0.5287760416666667 0.624537037037037 0.03515625 0.07037037037037037
1 0.601171875 0.08356481481481481 0.038802083333333334 0.05138888888888889