0 0.6201388888888889 0.9345679012345679 0.08194444444444444 0.1259259259259259
1 0.6152777777777778 0.2765432098765432 0.05277777777777778 0.09382716049382717
1 0.11319444444444444 0.8839506172839506 0.18194444444444444 0.2271604938271605
1 0.7895833333333333 0.3111111111111111 0.05138888888888889 0.09876543209876543
1 0.8916666666666667 0.3296296296296296 0.05277777777777778 0.0962962962962963
1 0.9756944444444444 0.43703703703703706 0.04861111111111111 0.11358024691358025
1 0.8618055555555556 0.2679012345679012 0.05138888888888889 0.08148148148148149
1 0.3770833333333333 0.04567901234567901 0.0625 0.08641975308641975
1 0.49583333333333335 0.21728395061728395 0.058333333333333334 0.09876543209876543
3 0.9756944444444444 0.5987654320987654 0.04861111111111111 0.07654320987654321
3 0.5083333333333333 0.15555555555555556 0.058333333333333334 0.06419753086419754