1 0.42291666666666666 0.9271604938271605 0.09861111111111111 0.13580246913580246
1 0.25972222222222224 0.6938271604938272 0.1111111111111111 0.17777777777777778
1 0.6909722222222222 0.8123456790123457 0.09305555555555556 0.17777777777777778
1 0.5736111111111111 0.345679012345679 0.08611111111111111 0.14814814814814814
1 0.42986111111111114 0.27037037037037037 0.0875 0.18024691358024691
1 0.47708333333333336 0.1 0.14027777777777778 0.19012345679012346
1 0.33541666666666664 0.4679012345679012 0.12361111111111112 0.21481481481481482
1 0.5715277777777777 0.9629629629629629 0.09305555555555556 0.07407407407407407
3 0.5458333333333333 0.5 0.09166666666666666 0.15555555555555556
3 0.3402777777777778 0.2851851851851852 0.1 0.17530864197530865
3 0.4527777777777778 0.48518518518518516 0.1388888888888889 0.20987654320987653
3 0.6076388888888888 0.44938271604938274 0.07916666666666666 0.13333333333333333
3 0.5138888888888888 0.2641975308641975 0.10833333333333334 0.18271604938271604