1 0.6152777777777778 0.3592592592592593 0.058333333333333334 0.08148148148148149
1 0.3958333333333333 0.7703703703703704 0.06111111111111111 0.08888888888888889
1 0.42916666666666664 0.5790123456790124 0.05277777777777778 0.08641975308641975
1 0.15 0.6925925925925925 0.1111111111111111 0.1308641975308642
1 0.48819444444444443 0.4074074074074074 0.04861111111111111 0.07901234567901234
1 0.7506944444444444 0.8962962962962963 0.0875 0.11851851851851852
1 0.6222222222222222 0.7061728395061728 0.07222222222222222 0.10864197530864197
1 0.34305555555555556 0.9049382716049382 0.06944444444444445 0.10617283950617284
1 0.6555555555555556 0.47160493827160493 0.06666666666666667 0.10864197530864197
1 0.4638888888888889 0.3308641975308642 0.041666666666666664 0.1037037037037037
1 0.4583333333333333 0.4580246913580247 0.044444444444444446 0.07654320987654321
3 0.4847222222222222 0.5456790123456791 0.05555555555555555 0.11851851851851852
3 0.13958333333333334 0.8 0.09027777777777778 0.09382716049382717
3 0.4375 0.3851851851851852 0.05 0.12345679012345678
3 0.5326388888888889 0.48641975308641977 0.04027777777777778 0.06419753086419754