1 0.9118055555555555 0.15679012345679014 0.09861111111111111 0.15555555555555556
1 0.89375 0.35432098765432096 0.11805555555555555 0.17530864197530865
1 0.1597222222222222 0.7037037037037037 0.09444444444444444 0.16296296296296298
1 0.5902777777777778 0.891358024691358 0.11388888888888889 0.2074074074074074
1 0.14027777777777778 0.4777777777777778 0.08611111111111111 0.1111111111111111
1 0.07222222222222222 0.9259259259259259 0.14166666666666666 0.14814814814814814
1 0.5631944444444444 0.49753086419753084 0.07361111111111111 0.13580246913580246
1 0.4597222222222222 0.35555555555555557 0.06944444444444445 0.12345679012345678
1 0.5555555555555556 0.22839506172839505 0.07222222222222222 0.13580246913580246
1 0.6277777777777778 0.7222222222222222 0.06944444444444445 0.1259259259259259
1 0.8979166666666667 0.7469135802469136 0.12638888888888888 0.20493827160493827
1 0.4736111111111111 0.1037037037037037 0.06388888888888888 0.11851851851851852
1 0.46944444444444444 0.4765432098765432 0.06111111111111111 0.12345679012345678
1 0.7104166666666667 0.0654320987654321 0.06805555555555555 0.12098765432098765
1 0.5659722222222222 0.3567901234567901 0.0763888888888889 0.13580246913580246
3 0.47430555555555554 0.6481481481481481 0.0875 0.13580246913580246
3 0.8215277777777777 0.4728395061728395 0.10138888888888889 0.1654320987654321
0 0.7659722222222223 0.8617283950617284 0.19305555555555556 0.16296296296296298