1 0.6880208333333333 0.5217592592592593 0.07291666666666667 0.11018518518518519
1 0.35130208333333335 0.3638888888888889 0.04010416666666667 0.06111111111111111
1 0.617578125 0.13148148148148148 0.047135416666666666 0.06759259259259259
1 0.530859375 0.14537037037037037 0.03984375 0.06388888888888888
1 0.159375 0.0738425925925926 0.041666666666666664 0.06527777777777778
1 0.18567708333333333 0.037037037037037035 0.05 0.06666666666666667
1 0.013020833333333334 0.3976851851851852 0.025520833333333333 0.058333333333333334
1 0.475390625 0.29097222222222224 0.03307291666666667 0.050462962962962966
3 0.8826822916666667 0.125 0.03723958333333333 0.044444444444444446
3 0.593359375 0.1386574074074074 0.028385416666666666 0.052314814814814814
3 0.36614583333333334 0.30810185185185185 0.04583333333333333 0.038425925925925926
1 0.446484375 0.03796296296296296 0.03984375 0.06388888888888888
0 0.32591145833333335 0.23449074074074075 0.06692708333333333 0.043055555555555555
0 0.282421875 0.11574074074074074 0.03723958333333333 0.040740740740740744
1 0.105859375 0.023148148148148147 0.03984375 0.044444444444444446
0 0.26458333333333334 0.5648148148148148 0.07708333333333334 0.09907407407407408