0 0.58125 0.0654320987654321 0.13194444444444445 0.1259259259259259
0 0.7173611111111111 0.4049382716049383 0.13194444444444445 0.18765432098765433
0 0.7215277777777778 0.674074074074074 0.1736111111111111 0.1382716049382716
1 0.76875 0.14074074074074075 0.09583333333333334 0.17777777777777778
1 0.6708333333333333 0.18888888888888888 0.08611111111111111 0.1506172839506173
1 0.47847222222222224 0.6283950617283951 0.12083333333333333 0.19012345679012346
1 0.8638888888888889 0.0345679012345679 0.08611111111111111 0.06419753086419754
1 0.02361111111111111 0.4506172839506173 0.04722222222222222 0.21481481481481482
1 0.98125 0.21604938271604937 0.0375 0.1259259259259259
3 0.8743055555555556 0.19876543209876543 0.10972222222222222 0.1506172839506173
3 0.6034722222222222 0.2641975308641975 0.11527777777777778 0.18271604938271604
3 0.18263888888888888 0.4777777777777778 0.14583333333333334 0.24444444444444444
3 0.2916666666666667 0.1654320987654321 0.1388888888888889 0.23209876543209876
3 0.5270833333333333 0.8222222222222222 0.11805555555555555 0.20246913580246914
3 0.4236111111111111 0.8814814814814815 0.10555555555555556 0.18765432098765433
3 0.9395833333333333 0.09135802469135802 0.11527777777777778 0.16790123456790124