0 0.84296875 0.24537037037037038 0.1015625 0.11296296296296296
0 0.04973958333333333 0.21296296296296297 0.09635416666666667 0.07962962962962963
0 0.39505208333333336 0.15833333333333333 0.04114583333333333 0.05925925925925926
1 0.9578125 0.33240740740740743 0.046875 0.07407407407407407
1 0.23229166666666667 0.3055555555555556 0.03958333333333333 0.06111111111111111
1 0.11432291666666666 0.275 0.05572916666666667 0.07592592592592592
1 0.6276041666666666 0.4060185185185185 0.05520833333333333 0.08796296296296297
1 0.58359375 0.2791666666666667 0.04114583333333333 0.06574074074074074
1 0.6640625 0.19398148148148148 0.036458333333333336 0.05277777777777778
1 0.6192708333333333 0.1425925925925926 0.0375 0.05
1 0.7119791666666667 0.2796296296296296 0.040625 0.05925925925925926
1 0.5578125 0.19212962962962962 0.03125 0.04722222222222222
1 0.18697916666666667 0.09398148148148149 0.03333333333333333 0.049074074074074076
1 0.6734375 0.674537037037037 0.06666666666666667 0.1175925925925926
1 0.9270833333333334 0.24444444444444444 0.04583333333333333 0.05925925925925926
3 0.8846354166666667 0.362962962962963 0.0671875 0.06481481481481481
3 0.3533854166666667 0.2361111111111111 0.0703125 0.07407407407407407
3 0.04609375 0.2986111111111111 0.07552083333333333 0.075