1 0.299609375 0.9789351851851852 0.07421875 0.043055555555555555
3 0.41484375 0.9597222222222223 0.028125 0.06018518518518518
1 0.2755208333333333 0.6043981481481482 0.034375 0.052314814814814814
1 0.3751302083333333 0.7203703703703703 0.04348958333333333 0.08055555555555556
1 0.4022135416666667 0.6898148148148148 0.040364583333333336 0.07407407407407407
1 0.4703125 0.5826388888888889 0.035416666666666666 0.059722222222222225
1 0.40729166666666666 0.49236111111111114 0.034895833333333334 0.04583333333333333
1 0.6048177083333334 0.7013888888888888 0.04921875 0.08796296296296297
1 0.21315104166666668 0.96875 0.06171875 0.06342592592592593
3 0.512109375 0.48009259259259257 0.022135416666666668 0.03333333333333333
1 0.12421875 0.10532407407407407 0.034375 0.052314814814814814
1 0.0546875 0.22199074074074074 0.034375 0.052314814814814814
1 0.51484375 0.4386574074074074 0.034375 0.052314814814814814
1 0.5962239583333333 0.350462962962963 0.023697916666666666 0.03796296296296296
1 0.6252604166666667 0.3421296296296296 0.0234375 0.03796296296296296
1 0.6453125 0.49583333333333335 0.0234375 0.03796296296296296
1 0.6434895833333333 0.43657407407407406 0.0234375 0.03796296296296296
1 0.5369791666666667 0.29212962962962963 0.0234375 0.03796296296296296
1 0.5190104166666667 0.36666666666666664 0.0234375 0.03796296296296296
1 0.5481770833333334 0.48657407407407405 0.0234375 0.03796296296296296
1 0.646875 0.5777777777777777 0.0234375 0.03796296296296296