1 0.36276041666666664 0.4587962962962963 0.035416666666666666 0.05
1 0.041666666666666664 0.5745370370370371 0.05 0.06111111111111111
1 0.641796875 0.4791666666666667 0.02421875 0.04537037037037037
1 0.09817708333333333 0.4465277777777778 0.03229166666666667 0.047685185185185185
1 0.3372395833333333 0.3819444444444444 0.0265625 0.03796296296296296
1 0.0171875 0.3921296296296296 0.030208333333333334 0.044444444444444446
1 0.07174479166666667 0.394212962962963 0.02890625 0.04027777777777778
1 0.4393229166666667 0.6578703703703703 0.03958333333333333 0.04351851851851852
1 0.5384114583333334 0.3418981481481482 0.020052083333333335 0.03194444444444444
1 0.541015625 0.3768518518518518 0.029427083333333333 0.04814814814814815
1 0.47044270833333335 0.33796296296296297 0.020052083333333335 0.03148148148148148
1 0.6807291666666667 0.4263888888888889 0.019270833333333334 0.03333333333333333
3 0.6255208333333333 0.5657407407407408 0.03229166666666667 0.05185185185185185
1 0.5493489583333333 0.355787037037037 0.020052083333333335 0.03194444444444444
1 0.558203125 0.3761574074074074 0.020052083333333335 0.03194444444444444
1 0.601953125 0.3905092592592593 0.020052083333333335 0.03194444444444444
1 0.616796875 0.31504629629629627 0.020052083333333335 0.03194444444444444
1 0.6826822916666667 0.2881944444444444 0.020052083333333335 0.03194444444444444
1 0.6701822916666667 0.3136574074074074 0.020052083333333335 0.03194444444444444
1 0.648046875 0.3506944444444444 0.020052083333333335 0.03194444444444444
1 0.7360677083333333 0.42800925925925926 0.020052083333333335 0.03194444444444444
1 0.659765625 0.3872685185185185 0.020052083333333335 0.03194444444444444
1 0.656640625 0.30439814814814814 0.020052083333333335 0.03194444444444444
1 0.6240885416666667 0.27060185185185187 0.020052083333333335 0.03194444444444444
1 0.7240885416666667 0.5576388888888889 0.020052083333333335 0.03194444444444444
1 0.6876302083333333 0.5900462962962963 0.020052083333333335 0.03194444444444444
1 0.7475260416666667 0.4650462962962963 0.020052083333333335 0.03194444444444444
1 0.791796875 0.430787037037037 0.020052083333333335 0.03194444444444444
1 0.361328125 0.36574074074074076 0.020052083333333335 0.03148148148148148
1 0.39544270833333334 0.3439814814814815 0.020052083333333335 0.03148148148148148
0 0.5927083333333333 0.5733796296296296 0.035416666666666666 0.03935185185185185