1 0.666015625 0.44212962962962965 0.04869791666666667 0.0787037037037037
1 0.12265625 0.6078703703703704 0.05520833333333333 0.08981481481481482
1 0.07903645833333334 0.7409722222222223 0.07265625 0.11157407407407408
1 0.22760416666666666 0.05694444444444444 0.06145833333333333 0.10092592592592593
1 0.7364583333333333 0.9530092592592593 0.042708333333333334 0.07268518518518519
1 0.5981770833333333 0.5488425925925926 0.03802083333333333 0.06805555555555555
1 0.05807291666666667 0.3486111111111111 0.0328125 0.062037037037037036
1 0.60390625 0.29768518518518516 0.05625 0.08518518518518518
1 0.9873697916666667 0.8226851851851852 0.025260416666666667 0.06666666666666667
3 0.655859375 0.8379629629629629 0.04296875 0.06759259259259259
1 0.5821614583333333 0.8009259259259259 0.03359375 0.05555555555555555