0 0.09444444444444444 0.34074074074074073 0.18611111111111112 0.2617283950617284
0 0.8784722222222222 0.5950617283950618 0.12083333333333333 0.12345679012345678
0 0.8916666666666667 0.7679012345679013 0.11666666666666667 0.13333333333333333
0 0.4173611111111111 0.9222222222222223 0.06527777777777778 0.16049382716049382
1 0.6645833333333333 0.07160493827160494 0.11527777777777778 0.1382716049382716
1 0.7569444444444444 0.29506172839506173 0.10277777777777777 0.18024691358024691
1 0.6944444444444444 0.9148148148148149 0.15555555555555556 0.16049382716049382
1 0.9576388888888889 0.9246913580246914 0.08194444444444444 0.1506172839506173
1 0.6895833333333333 0.682716049382716 0.12638888888888888 0.254320987654321
3 0.4798611111111111 0.17160493827160495 0.13472222222222222 0.145679012345679
3 0.7368055555555556 0.4222222222222222 0.08472222222222223 0.14320987654320988