1 0.5009114583333333 0.21736111111111112 0.04453125 0.08101851851851852
1 0.7248697916666667 0.25625 0.04140625 0.08194444444444444
1 0.23450520833333333 0.1400462962962963 0.04088541666666667 0.06898148148148148
1 0.7796875 0.4173611111111111 0.0453125 0.07731481481481481
1 0.9298177083333333 0.18796296296296297 0.07994791666666666 0.1111111111111111
1 0.4859375 0.8490740740740741 0.05364583333333333 0.09907407407407408
1 0.5997395833333333 0.3224537037037037 0.03958333333333333 0.09861111111111111
1 0.5053385416666667 0.32546296296296295 0.032552083333333336 0.06296296296296296
1 0.92265625 0.9560185185185185 0.06354166666666666 0.0824074074074074
1 0.876953125 0.023842592592592592 0.05286458333333333 0.04675925925925926
3 0.77421875 0.2462962962962963 0.033854166666666664 0.07685185185185185
1 0.679296875 0.43310185185185185 0.032552083333333336 0.05324074074074074