1 0.80078125 0.8675925925925926 0.07760416666666667 0.12037037037037036
1 0.2513020833333333 0.6546296296296297 0.0421875 0.06851851851851852
1 0.4744791666666667 0.5101851851851852 0.040625 0.06851851851851852
1 0.5377604166666666 0.4777777777777778 0.04010416666666667 0.07037037037037037
1 0.6432291666666666 0.20324074074074075 0.041666666666666664 0.0787037037037037
1 0.40911458333333334 0.08148148148148149 0.0359375 0.06296296296296296
1 0.46640625 0.12824074074074074 0.033854166666666664 0.06759259259259259
1 0.571875 0.033796296296296297 0.046875 0.062037037037037036
1 0.2609375 0.49583333333333335 0.03854166666666667 0.06388888888888888
1 0.3145833333333333 0.2324074074074074 0.034375 0.06666666666666667
3 0.5661458333333333 0.9125 0.07708333333333334 0.13055555555555556
3 0.42239583333333336 0.6805555555555556 0.06145833333333333 0.10925925925925926