1 0.6029947916666667 0.5243055555555556 0.07265625 0.13194444444444445
1 0.47799479166666664 0.49398148148148147 0.12421875 0.2101851851851852
1 0.8233072916666667 0.387037037037037 0.05130208333333333 0.08055555555555556
1 0.9006510416666667 0.2111111111111111 0.03671875 0.053703703703703705
1 0.7313802083333333 0.5467592592592593 0.05390625 0.075
3 0.51640625 0.35671296296296295 0.06197916666666667 0.05324074074074074
3 0.6924479166666667 0.2013888888888889 0.034895833333333334 0.04259259259259259
3 0.028255208333333334 0.9335648148148148 0.055989583333333336 0.12175925925925926
3 0.3703125 0.1 0.034375 0.03425925925925926
1 0.6436197916666667 0.23981481481481481 0.027864583333333335 0.040740740740740744
1 0.90234375 0.16828703703703704 0.025 0.03287037037037037
1 0.6162760416666667 0.3175925925925926 0.023697916666666666 0.03518518518518519
3 0.9880208333333333 0.43287037037037035 0.024479166666666666 0.04351851851851852