1 0.3715277777777778 0.21975308641975308 0.04027777777777778 0.0691358024691358
1 0.6361111111111111 0.30617283950617286 0.03888888888888889 0.06419753086419754
1 0.3840277777777778 0.5111111111111111 0.04861111111111111 0.07901234567901234
1 0.4618055555555556 0.3654320987654321 0.0375 0.0691358024691358
1 0.4930555555555556 0.2 0.03888888888888889 0.06419753086419754
1 0.6645833333333333 0.5691358024691358 0.04583333333333333 0.07654320987654321
1 0.325 0.18271604938271604 0.04722222222222222 0.07901234567901234
1 0.4305555555555556 0.2876543209876543 0.03333333333333333 0.056790123456790124
1 0.17430555555555555 0.6024691358024692 0.0625 0.10864197530864197
1 0.21319444444444444 0.6098765432098765 0.0625 0.1037037037037037
1 0.3993055555555556 0.2691358024691358 0.029166666666666667 0.04938271604938271
1 0.44375 0.4641975308641975 0.0375 0.07407407407407407
1 0.33958333333333335 0.6172839506172839 0.06527777777777778 0.1037037037037037
1 0.3993055555555556 0.30987654320987656 0.034722222222222224 0.056790123456790124
1 0.7263888888888889 0.5679012345679012 0.058333333333333334 0.1037037037037037
1 0.7041666666666667 0.6790123456790124 0.058333333333333334 0.08395061728395062
1 0.02013888888888889 0.662962962962963 0.0375 0.08148148148148149
3 0.3548611111111111 0.4679012345679012 0.05694444444444444 0.0962962962962963
3 0.13333333333333333 0.7444444444444445 0.05277777777777778 0.1111111111111111
3 0.08263888888888889 0.6419753086419753 0.0875 0.11851851851851852
3 0.5881944444444445 0.8358024691358025 0.05694444444444444 0.1259259259259259
3 0.09513888888888888 0.782716049382716 0.05694444444444444 0.09382716049382717
3 0.15486111111111112 0.5530864197530864 0.07083333333333333 0.08888888888888889
3 0.10486111111111111 0.38271604938271603 0.05694444444444444 0.09876543209876543
3 0.2013888888888889 0.4049382716049383 0.044444444444444446 0.06419753086419754
3 0.40694444444444444 0.36790123456790125 0.041666666666666664 0.05925925925925926