0 0.04513888888888889 0.6135802469135803 0.09027777777777778 0.1259259259259259
0 0.20277777777777778 0.5037037037037037 0.075 0.07407407407407407
0 0.35555555555555557 0.42592592592592593 0.07222222222222222 0.06172839506172839
1 0.48819444444444443 0.40617283950617283 0.05694444444444444 0.08148148148148149
1 0.4131944444444444 0.47901234567901235 0.10138888888888889 0.1580246913580247
1 0.5722222222222222 0.3790123456790123 0.04722222222222222 0.07160493827160494
1 0.8826388888888889 0.3925925925925926 0.06805555555555555 0.08395061728395062
1 0.04375 0.5172839506172839 0.0875 0.1308641975308642
1 0.8215277777777777 0.5222222222222223 0.09305555555555556 0.15555555555555556
3 0.5944444444444444 0.6308641975308642 0.12222222222222222 0.17530864197530865
3 0.9076388888888889 0.9333333333333333 0.11527777777777778 0.12345679012345678
3 0.9798611111111111 0.7395061728395061 0.04027777777777778 0.16049382716049382