0 0.5330729166666667 0.7236111111111111 0.0796875 0.1527777777777778
1 0.17005208333333333 0.4398148148148148 0.04635416666666667 0.06851851851851852
1 0.4552083333333333 0.9013888888888889 0.071875 0.11388888888888889
1 0.13880208333333333 0.26990740740740743 0.0421875 0.05648148148148148
1 0.042708333333333334 0.887962962962963 0.06770833333333333 0.09814814814814815
1 0.409375 0.6069444444444444 0.04791666666666667 0.0787037037037037
1 0.2565104166666667 0.31712962962962965 0.03177083333333333 0.04722222222222222
1 0.10677083333333333 0.9712962962962963 0.040625 0.05555555555555555
1 0.3341145833333333 0.38935185185185184 0.0296875 0.04351851851851852
1 0.28802083333333334 0.4212962962962963 0.035416666666666666 0.05185185185185185
3 0.23203125 0.6791666666666667 0.1140625 0.1712962962962963
3 0.365625 0.825 0.07604166666666666 0.12962962962962962
3 0.11614583333333334 0.3023148148148148 0.053125 0.05092592592592592