0 0.85625 0.41975308641975306 0.12083333333333333 0.11851851851851852
1 0.38819444444444445 0.2814814814814815 0.0763888888888889 0.13333333333333333
1 0.71875 0.2506172839506173 0.05416666666666667 0.08641975308641975
1 0.32569444444444445 0.42962962962962964 0.08472222222222223 0.13333333333333333
1 0.11041666666666666 0.33209876543209876 0.07916666666666666 0.1259259259259259
1 0.6645833333333333 0.2851851851851852 0.05694444444444444 0.1259259259259259
1 0.07361111111111111 0.7950617283950617 0.14444444444444443 0.2222222222222222
3 0.29097222222222224 0.22962962962962963 0.05694444444444444 0.08888888888888889
3 0.17083333333333334 0.08641975308641975 0.06111111111111111 0.09382716049382717
3 0.6236111111111111 0.3333333333333333 0.05555555555555555 0.07901234567901234
3 0.2298611111111111 0.11851851851851852 0.04861111111111111 0.08395061728395062