0 0.48194444444444445 0.14320987654320988 0.13055555555555556 0.11358024691358025
0 0.54375 0.7407407407407407 0.17916666666666667 0.14814814814814814
0 0.26666666666666666 0.13703703703703704 0.09722222222222222 0.145679012345679
0 0.7597222222222222 0.09382716049382717 0.11666666666666667 0.1580246913580247
1 0.6284722222222222 0.19753086419753085 0.05416666666666667 0.09382716049382717
1 0.9263888888888889 0.2111111111111111 0.06111111111111111 0.08641975308641975
1 0.5201388888888889 0.6172839506172839 0.10416666666666667 0.16790123456790124
1 0.48819444444444443 0.3345679012345679 0.05416666666666667 0.07654320987654321
1 0.5506944444444445 0.2518518518518518 0.06527777777777778 0.1037037037037037
1 0.3951388888888889 0.8074074074074075 0.0763888888888889 0.12839506172839507
1 0.70625 0.3148148148148148 0.059722222222222225 0.08148148148148149
1 0.8541666666666666 0.09753086419753086 0.04722222222222222 0.07654320987654321
1 0.7006944444444444 0.782716049382716 0.09027777777777778 0.1580246913580247
1 0.4597222222222222 0.44074074074074077 0.07777777777777778 0.10617283950617284
1 0.37916666666666665 0.4962962962962963 0.05277777777777778 0.07901234567901234
1 0.5840277777777778 0.07037037037037037 0.05138888888888889 0.06666666666666667
1 0.33541666666666664 0.6111111111111112 0.04583333333333333 0.06666666666666667
2 0.9659722222222222 0.6407407407407407 0.06805555555555555 0.1111111111111111
3 0.45902777777777776 0.5444444444444444 0.09583333333333334 0.1654320987654321
3 0.25625 0.6172839506172839 0.0763888888888889 0.12345679012345678
3 0.08263888888888889 0.8716049382716049 0.15694444444444444 0.2518518518518518
3 0.5520833333333334 0.8358024691358025 0.12361111111111112 0.18024691358024691
3 0.37777777777777777 0.2740740740740741 0.06666666666666667 0.08888888888888889
3 0.38819444444444445 0.12839506172839507 0.0625 0.07407407407407407
3 0.5743055555555555 0.5530864197530864 0.13194444444444445 0.20246913580246914
3 0.6652777777777777 0.37777777777777777 0.075 0.09876543209876543
3 0.5743055555555555 0.3358024691358025 0.07083333333333333 0.1037037037037037