1 0.5736979166666667 0.7342592592592593 0.0421875 0.06851851851851852
1 0.628125 0.687962962962963 0.041666666666666664 0.08148148148148149
1 0.27291666666666664 0.3648148148148148 0.035416666666666666 0.05740740740740741
1 0.6455729166666667 0.350462962962963 0.03697916666666667 0.062037037037037036
1 0.20963541666666666 0.30092592592592593 0.034895833333333334 0.05555555555555555
1 0.48151041666666666 0.14722222222222223 0.03177083333333333 0.05185185185185185
1 0.40677083333333336 0.3101851851851852 0.04375 0.07222222222222222
1 0.9794270833333333 0.9416666666666667 0.04010416666666667 0.1111111111111111
1 0.5731770833333333 0.6587962962962963 0.043229166666666666 0.062037037037037036
1 0.09244791666666667 0.6356481481481482 0.030729166666666665 0.05277777777777778
1 0.9716145833333333 0.046296296296296294 0.05572916666666667 0.09074074074074075
1 0.36328125 0.07407407407407407 0.0234375 0.040740740740740744
1 0.3997395833333333 0.09814814814814815 0.0234375 0.040740740740740744
1 0.4200520833333333 0.05185185185185185 0.0234375 0.040740740740740744
1 0.6002604166666666 0.14722222222222223 0.03177083333333333 0.05185185185185185
1 0.61640625 0.07962962962962963 0.028645833333333332 0.04259259259259259