0 0.11666666666666667 0.5901234567901235 0.08611111111111111 0.09382716049382717
0 0.9756944444444444 0.7111111111111111 0.04861111111111111 0.1728395061728395
1 0.034027777777777775 0.3567901234567901 0.0625 0.0962962962962963
1 0.16458333333333333 0.3271604938271605 0.059722222222222225 0.10123456790123457
1 0.6041666666666666 0.12839506172839507 0.044444444444444446 0.07901234567901234
1 0.3277777777777778 0.445679012345679 0.05277777777777778 0.10123456790123457
1 0.7256944444444444 0.42098765432098767 0.05138888888888889 0.07654320987654321
1 0.69375 0.2777777777777778 0.043055555555555555 0.09135802469135802
1 0.35208333333333336 0.1 0.04027777777777778 0.06666666666666667
1 0.3951388888888889 0.0654320987654321 0.04583333333333333 0.08148148148148149
1 0.75625 0.3728395061728395 0.0375 0.07407407407407407
1 0.35347222222222224 0.5345679012345679 0.05694444444444444 0.11604938271604938
1 0.83125 0.45555555555555555 0.043055555555555555 0.08641975308641975
1 0.8659722222222223 0.1345679012345679 0.04861111111111111 0.08641975308641975
1 0.9520833333333333 0.15432098765432098 0.04861111111111111 0.08641975308641975
1 0.65 0.20864197530864198 0.041666666666666664 0.07160493827160494
3 0.3875 0.9296296296296296 0.075 0.12098765432098765
3 0.4791666666666667 0.26666666666666666 0.058333333333333334 0.09876543209876543
3 0.4048611111111111 0.7654320987654321 0.0763888888888889 0.11358024691358025