0 0.6736111111111112 0.22592592592592592 0.1111111111111111 0.07654320987654321
1 0.26180555555555557 0.11728395061728394 0.10138888888888889 0.15555555555555556
1 0.5076388888888889 0.254320987654321 0.05416666666666667 0.09876543209876543
1 0.5409722222222222 0.5012345679012346 0.08472222222222223 0.14320987654320988
1 0.2638888888888889 0.6444444444444445 0.1361111111111111 0.26666666666666666
1 0.5722222222222222 0.22098765432098766 0.04722222222222222 0.09135802469135802
1 0.5256944444444445 0.19012345679012346 0.04583333333333333 0.08395061728395062
1 0.5520833333333334 0.1259259259259259 0.05694444444444444 0.09382716049382717
3 0.3236111111111111 0.2074074074074074 0.06388888888888888 0.08395061728395062
3 0.6090277777777777 0.5617283950617284 0.06805555555555555 0.08641975308641975
3 0.5243055555555556 0.3419753086419753 0.05138888888888889 0.08148148148148149