0 0.6041666666666666 0.1814814814814815 0.06041666666666667 0.07222222222222222
1 0.25546875 0.9055555555555556 0.049479166666666664 0.07962962962962963
1 0.39427083333333335 0.6578703703703703 0.036458333333333336 0.05648148148148148
1 0.6815104166666667 0.26990740740740743 0.0359375 0.05648148148148148
1 0.40390625 0.8842592592592593 0.044270833333333336 0.07592592592592592
1 0.39739583333333334 0.36527777777777776 0.03854166666666667 0.06018518518518518
1 0.72734375 0.2652777777777778 0.0359375 0.05648148148148148
1 0.30833333333333335 0.9513888888888888 0.04479166666666667 0.07314814814814814
1 0.5815104166666667 0.5675925925925925 0.0390625 0.06296296296296296
1 0.453125 0.48009259259259257 0.041666666666666664 0.0712962962962963
1 0.640625 0.24444444444444444 0.030208333333333334 0.04814814814814815
1 0.2604166666666667 0.6134259259259259 0.03125 0.049074074074074076
1 0.48932291666666666 0.2777777777777778 0.030729166666666665 0.05
1 0.20833333333333334 0.7731481481481481 0.03229166666666667 0.053703703703703705
1 0.3455729166666667 0.9212962962962963 0.03802083333333333 0.06666666666666667
1 0.2559895833333333 0.6824074074074075 0.03177083333333333 0.05185185185185185
1 0.5203125 0.33101851851851855 0.030208333333333334 0.04722222222222222
1 0.09661458333333334 0.7791666666666667 0.0328125 0.05092592592592592
1 0.5145833333333333 0.1935185185185185 0.029166666666666667 0.05925925925925926
1 0.4869791666666667 0.21851851851851853 0.023958333333333335 0.040740740740740744
1 0.45078125 0.18796296296296297 0.0296875 0.04814814814814815
1 0.4125 0.2263888888888889 0.026041666666666668 0.03981481481481482
1 0.09765625 0.7185185185185186 0.0265625 0.04259259259259259
1 0.5768229166666666 0.14305555555555555 0.022395833333333334 0.03796296296296296
1 0.46901041666666665 0.12037037037037036 0.043229166666666666 0.06111111111111111
3 0.47630208333333335 0.5148148148148148 0.06302083333333333 0.09814814814814815