0 0.7097222222222223 0.8777777777777778 0.18055555555555555 0.23950617283950618
0 0.6361111111111111 0.3851851851851852 0.13055555555555556 0.12345679012345678
0 0.9777777777777777 0.5691358024691358 0.04722222222222222 0.2
0 0.6652777777777777 0.9061728395061729 0.10555555555555556 0.14814814814814814
1 0.7333333333333333 0.3728395061728395 0.10277777777777777 0.19753086419753085
1 0.8034722222222223 0.48518518518518516 0.13194444444444445 0.19012345679012346
1 0.45555555555555555 0.7506172839506173 0.125 0.18765432098765433
1 0.8826388888888889 0.845679012345679 0.22083333333333333 0.3037037037037037
1 0.6416666666666667 0.5407407407407407 0.13333333333333333 0.2074074074074074
1 0.8465277777777778 0.33827160493827163 0.12083333333333333 0.17777777777777778
2 0.11527777777777778 0.5691358024691358 0.10833333333333334 0.14074074074074075
2 0.8868055555555555 0.5098765432098765 0.11527777777777778 0.15555555555555556
2 0.9597222222222223 0.7098765432098766 0.08333333333333333 0.15555555555555556
2 0.7256944444444444 0.682716049382716 0.15138888888888888 0.2345679012345679
2 0.5368055555555555 0.8666666666666667 0.13472222222222222 0.23209876543209876
2 0.8201388888888889 0.6679012345679012 0.10138888888888889 0.22469135802469137
2 0.9256944444444445 0.571604938271605 0.1486111111111111 0.17037037037037037
2 0.6625 0.9728395061728395 0.08055555555555556 0.04938271604938271
2 0.9715277777777778 0.8790123456790123 0.05694444444444444 0.23209876543209876
3 0.46875 0.34814814814814815 0.10694444444444444 0.14320987654320988
3 0.4986111111111111 0.5382716049382716 0.14166666666666666 0.16296296296296298
3 0.28402777777777777 0.828395061728395 0.17083333333333334 0.29876543209876544
1 0.9756944444444444 0.4308641975308642 0.05138888888888889 0.10123456790123457
1 0.9333333333333333 0.3493827160493827 0.09722222222222222 0.16049382716049382
1 0.9798611111111111 0.3012345679012346 0.043055555555555555 0.1728395061728395