0 0.7442708333333333 0.32592592592592595 0.0921875 0.12037037037037036
0 0.6221354166666667 0.31689814814814815 0.06927083333333334 0.11157407407407408
1 0.22825520833333332 0.18425925925925926 0.09348958333333333 0.1287037037037037
1 0.52265625 0.055092592592592596 0.0703125 0.08981481481481482
1 0.64140625 0.02361111111111111 0.04375 0.046296296296296294
1 0.27005208333333336 0.7037037037037037 0.1828125 0.33425925925925926
1 0.09596354166666667 0.3840277777777778 0.04921875 0.10231481481481482
1 0.046484375 0.5083333333333333 0.06171875 0.14444444444444443
1 0.825390625 0.01712962962962963 0.039322916666666666 0.03425925925925926
3 0.23567708333333334 0.33125 0.06302083333333333 0.09027777777777778
3 0.844921875 0.0863425925925926 0.05130208333333333 0.08101851851851852
3 0.7774739583333333 0.24027777777777778 0.04765625 0.05462962962962963
3 0.6932291666666667 0.1476851851851852 0.028125 0.044444444444444446
3 0.7899739583333333 0.09490740740740741 0.03411458333333333 0.05185185185185185
3 0.16471354166666666 0.1935185185185185 0.04401041666666667 0.07685185185185185