0 0.5446614583333333 0.8094907407407408 0.08203125 0.0912037037037037
1 0.3712239583333333 0.6326388888888889 0.05859375 0.09305555555555556
1 0.7977864583333333 0.5020833333333333 0.062239583333333334 0.11157407407407408
1 0.56875 0.19930555555555557 0.044270833333333336 0.06805555555555555
1 0.283984375 0.8546296296296296 0.05911458333333333 0.10555555555555556
1 0.6440104166666667 0.038425925925925926 0.03333333333333333 0.04814814814814815
1 0.34661458333333334 0.8435185185185186 0.05625 0.09259259259259259
1 0.7795572916666667 0.17337962962962963 0.04973958333333333 0.06898148148148148
1 0.20533854166666668 0.5148148148148148 0.032552083333333336 0.05740740740740741
3 0.7713541666666667 0.6759259259259259 0.044270833333333336 0.09351851851851851
3 0.6860677083333333 0.47175925925925927 0.04609375 0.07314814814814814
3 0.027473958333333333 0.38125 0.05234375 0.11527777777777778