0 0.5895833333333333 0.2740740740740741 0.09027777777777778 0.17777777777777778
0 0.20555555555555555 0.8888888888888888 0.08333333333333333 0.16790123456790124
1 0.18888888888888888 0.35555555555555557 0.20277777777777778 0.32098765432098764
1 0.32916666666666666 0.8592592592592593 0.10277777777777777 0.16790123456790124
1 0.7513888888888889 0.9382716049382716 0.10833333333333334 0.11851851851851852
1 0.8076388888888889 0.5 0.07916666666666666 0.1111111111111111
1 0.5152777777777777 0.044444444444444446 0.1361111111111111 0.08395061728395062
3 0.5895833333333333 0.9222222222222223 0.10694444444444444 0.15555555555555556
3 0.5673611111111111 0.6246913580246913 0.04583333333333333 0.08395061728395062
3 0.17083333333333334 0.8148148148148148 0.08611111111111111 0.14320987654320988
3 0.8798611111111111 0.16666666666666666 0.09027777777777778 0.15555555555555556
3 0.0763888888888889 0.8851851851851852 0.08055555555555556 0.14074074074074075