0 0.6159722222222223 0.6580246913580247 0.14583333333333334 0.254320987654321
0 0.1736111111111111 0.4012345679012346 0.22777777777777777 0.19012345679012346
1 0.46041666666666664 0.10123456790123457 0.12361111111111112 0.18271604938271604
1 0.2777777777777778 0.1506172839506173 0.11944444444444445 0.20246913580246914
1 0.7055555555555556 0.937037037037037 0.11388888888888889 0.12098765432098765
1 0.6229166666666667 0.08024691358024691 0.08472222222222223 0.14074074074074075
1 0.07569444444444444 0.14938271604938272 0.11805555555555555 0.18024691358024691
1 0.07222222222222222 0.9123456790123456 0.1361111111111111 0.1654320987654321
1 0.5715277777777777 0.32222222222222224 0.09027777777777778 0.17530864197530865
1 0.6743055555555556 0.2123456790123457 0.09861111111111111 0.1728395061728395
1 0.08194444444444444 0.7074074074074074 0.13333333333333333 0.20493827160493827
1 0.8708333333333333 0.2617283950617284 0.1111111111111111 0.1580246913580247
1 0.7493055555555556 0.12839506172839507 0.09583333333333334 0.16296296296296298
1 0.9381944444444444 0.12345679012345678 0.11527777777777778 0.2123456790123457
3 0.09583333333333334 0.30617283950617286 0.13333333333333333 0.1925925925925926
3 0.2916666666666667 0.5493827160493827 0.10277777777777777 0.18024691358024691
3 0.46944444444444444 0.29259259259259257 0.07777777777777778 0.1506172839506173
3 0.07847222222222222 0.5654320987654321 0.08472222222222223 0.1728395061728395
3 0.425 0.4024691358024691 0.10555555555555556 0.17777777777777778