0 0.2652777777777778 0.8308641975308642 0.18055555555555555 0.17530864197530865
0 0.041666666666666664 0.07407407407407407 0.08055555555555556 0.14320987654320988
0 0.39861111111111114 0.8493827160493828 0.06111111111111111 0.2222222222222222
0 0.13958333333333334 0.6555555555555556 0.13472222222222222 0.21975308641975308
0 0.24305555555555555 0.7160493827160493 0.11388888888888889 0.11358024691358025
1 0.42430555555555555 0.5395061728395062 0.10416666666666667 0.17530864197530865
1 0.33958333333333335 0.6481481481481481 0.09861111111111111 0.16049382716049382
1 0.3548611111111111 0.3296296296296296 0.09583333333333334 0.16049382716049382
1 0.09652777777777778 0.2851851851851852 0.11805555555555555 0.16049382716049382
1 0.1284722222222222 0.454320987654321 0.07916666666666666 0.12839506172839507
1 0.035416666666666666 0.3654320987654321 0.06805555555555555 0.20246913580246914
1 0.32916666666666666 0.47901234567901235 0.06944444444444445 0.11851851851851852
1 0.7826388888888889 0.07654320987654321 0.059722222222222225 0.10864197530864197
1 0.7729166666666667 0.18641975308641975 0.0625 0.1111111111111111
1 0.8486111111111111 0.5518518518518518 0.044444444444444446 0.07654320987654321
1 0.75625 0.11358024691358025 0.0625 0.1037037037037037
3 0.25625 0.4271604938271605 0.10694444444444444 0.18765432098765433
3 0.5861111111111111 0.38641975308641974 0.06666666666666667 0.13580246913580246