1 0.9694444444444444 0.8222222222222222 0.05 0.08395061728395062
1 0.36666666666666664 0.9234567901234568 0.041666666666666664 0.0691358024691358
1 0.49027777777777776 0.6037037037037037 0.041666666666666664 0.06666666666666667
1 0.4375 0.8876543209876543 0.03888888888888889 0.06666666666666667
1 0.5444444444444444 0.4703703703703704 0.041666666666666664 0.07654320987654321
1 0.1388888888888889 0.654320987654321 0.03888888888888889 0.05925925925925926
1 0.17847222222222223 0.6814814814814815 0.0375 0.05925925925925926
1 0.02361111111111111 0.845679012345679 0.044444444444444446 0.07654320987654321
1 0.9826388888888888 0.3950617283950617 0.034722222222222224 0.08888888888888889
1 0.6361111111111111 0.5037037037037037 0.05277777777777778 0.08395061728395062
1 0.5527777777777778 0.33209876543209876 0.03611111111111111 0.06666666666666667