0 0.9731770833333333 0.3212962962962963 0.05364583333333333 0.18703703703703703
0 0.5114583333333333 0.6208333333333333 0.11875 0.10092592592592593
1 0.7046875 0.6643518518518519 0.08229166666666667 0.13240740740740742
1 0.4078125 0.9259259259259259 0.084375 0.1388888888888889
1 0.5411458333333333 0.05925925925925926 0.07604166666666666 0.1111111111111111
1 0.56875 0.899537037037037 0.09166666666666666 0.17685185185185184
1 0.5348958333333333 0.7333333333333333 0.0875 0.14074074074074075
1 0.5776041666666667 0.5550925925925926 0.109375 0.18796296296296297
1 0.5354166666666667 0.41435185185185186 0.09166666666666666 0.15648148148148147
1 0.6666666666666666 0.8439814814814814 0.121875 0.19166666666666668
2 0.21979166666666666 0.09583333333333334 0.03229166666666667 0.04537037037037037
3 0.42890625 0.08287037037037037 0.08802083333333334 0.14166666666666666
3 0.3390625 0.8574074074074074 0.11666666666666667 0.22037037037037038
3 0.77890625 0.04212962962962963 0.09010416666666667 0.0787037037037037
3 0.6684895833333333 0.11527777777777778 0.0921875 0.13796296296296295