0 0.36666666666666664 0.043287037037037034 0.06458333333333334 0.04583333333333333
1 0.41158854166666664 0.12129629629629629 0.03567708333333333 0.05277777777777778
1 0.8807291666666667 0.047453703703703706 0.03802083333333333 0.05324074074074074
1 0.19947916666666668 0.09953703703703703 0.0640625 0.10740740740740741
1 0.9075520833333334 0.2037037037037037 0.0359375 0.06388888888888888
1 0.028385416666666666 0.017592592592592594 0.034895833333333334 0.03425925925925926
1 0.7923177083333334 0.07222222222222222 0.038802083333333334 0.03796296296296296
1 0.7477864583333333 0.08217592592592593 0.03723958333333333 0.043055555555555555
3 0.6908854166666667 0.21064814814814814 0.0453125 0.06481481481481481
3 0.6490885416666666 0.27291666666666664 0.037760416666666664 0.052314814814814814
3 0.712109375 0.525 0.04192708333333333 0.04814814814814815
3 0.5778645833333333 0.4152777777777778 0.040625 0.03796296296296296
3 0.05065104166666667 0.22083333333333333 0.04348958333333333 0.06018518518518518
0 0.2916666666666667 0.23402777777777778 0.043229166666666666 0.034722222222222224
0 0.3260416666666667 0.16296296296296298 0.021875 0.0824074074074074