0 0.09861111111111111 0.35802469135802467 0.18055555555555555 0.18765432098765433
0 0.43333333333333335 0.25925925925925924 0.08888888888888889 0.16296296296296298
0 0.2625 0.8308641975308642 0.18611111111111112 0.18518518518518517
0 0.19652777777777777 0.18641975308641975 0.16805555555555557 0.12098765432098765
0 0.25 0.11358024691358025 0.11388888888888889 0.09876543209876543
0 0.25763888888888886 0.7024691358024692 0.16527777777777777 0.36790123456790125
0 0.050694444444444445 0.7925925925925926 0.09861111111111111 0.37037037037037035
0 0.2638888888888889 0.6222222222222222 0.09722222222222222 0.2222222222222222
0 0.043055555555555555 0.8925925925925926 0.08333333333333333 0.20987654320987653
0 0.9805555555555555 0.09876543209876543 0.041666666666666664 0.1925925925925926
1 0.2951388888888889 0.24320987654320989 0.1125 0.2
1 0.48055555555555557 0.10617283950617284 0.13333333333333333 0.1925925925925926
1 0.14375 0.7580246913580246 0.14027777777777778 0.291358024691358
1 0.35625 0.5506172839506173 0.1486111111111111 0.2617283950617284
1 0.5388888888888889 0.050617283950617285 0.10277777777777777 0.0962962962962963
1 0.41180555555555554 0.8975308641975308 0.15694444444444444 0.2
1 0.5361111111111111 0.9506172839506173 0.1527777777777778 0.09876543209876543
1 0.2986111111111111 0.4271604938271605 0.14444444444444443 0.2222222222222222
2 0.8798611111111111 0.044444444444444446 0.14305555555555555 0.08395061728395062
2 0.5125 0.27283950617283953 0.10277777777777777 0.19506172839506172
2 0.6652777777777777 0.2382716049382716 0.125 0.17530864197530865
2 0.5881944444444445 0.37037037037037035 0.12916666666666668 0.20246913580246914
2 0.3909722222222222 0.04197530864197531 0.09583333333333334 0.07901234567901234
2 0.044444444444444446 0.7049382716049383 0.08611111111111111 0.19506172839506172
2 0.6909722222222222 0.10864197530864197 0.12083333333333333 0.15308641975308643
2 0.6895833333333333 0.024691358024691357 0.10972222222222222 0.044444444444444446