1 0.33567708333333335 0.6134259259259259 0.04479166666666667 0.08518518518518518
1 0.641796875 0.6238425925925926 0.03723958333333333 0.07083333333333333
1 0.831640625 0.6085648148148148 0.05182291666666667 0.08472222222222223
1 0.4256510416666667 0.33541666666666664 0.03515625 0.06712962962962964
1 0.11640625 0.9013888888888889 0.05625 0.08703703703703704
1 0.201171875 0.4203703703703704 0.037760416666666664 0.062037037037037036
1 0.16536458333333334 0.3921296296296296 0.0296875 0.040740740740740744
1 0.71640625 0.44351851851851853 0.05520833333333333 0.08796296296296297
3 0.65078125 0.825 0.035416666666666666 0.07685185185185185
1 0.18177083333333333 0.37407407407407406 0.027083333333333334 0.02962962962962963
1 0.20260416666666667 0.21574074074074073 0.021354166666666667 0.023148148148148147
1 0.221875 0.19212962962962962 0.017708333333333333 0.017592592592592594