1 0.15069444444444444 0.44074074074074077 0.08472222222222223 0.1308641975308642
1 0.18958333333333333 0.945679012345679 0.08194444444444444 0.1037037037037037
1 0.6013888888888889 0.35555555555555557 0.058333333333333334 0.07901234567901234
1 0.7270833333333333 0.8012345679012346 0.06527777777777778 0.10617283950617284
1 0.44930555555555557 0.03333333333333333 0.05694444444444444 0.06172839506172839
1 0.16111111111111112 0.05432098765432099 0.06388888888888888 0.09876543209876543
1 0.6722222222222223 0.15185185185185185 0.044444444444444446 0.07654320987654321
3 0.32569444444444445 0.4802469135802469 0.09305555555555556 0.145679012345679
3 0.5618055555555556 0.6308641975308642 0.09583333333333334 0.15555555555555556
3 0.39861111111111114 0.3296296296296296 0.075 0.1111111111111111
3 0.2861111111111111 0.7530864197530864 0.10555555555555556 0.1728395061728395
3 0.21388888888888888 0.12098765432098765 0.06944444444444445 0.09876543209876543