1 0.40091145833333336 0.4076388888888889 0.03411458333333333 0.07175925925925926
1 0.13763020833333334 0.6391203703703704 0.02578125 0.0412037037037037
1 0.509765625 0.6386574074074074 0.04401041666666667 0.06898148148148148
1 0.5095052083333333 0.42824074074074076 0.047135416666666666 0.07407407407407407
1 0.5817708333333333 0.475 0.049479166666666664 0.09351851851851851
1 0.6013020833333333 0.3423611111111111 0.04479166666666667 0.07083333333333333
1 0.5041666666666667 0.09236111111111112 0.034895833333333334 0.07083333333333333
1 0.306640625 0.4011574074074074 0.039322916666666666 0.06527777777777778
1 0.3611979166666667 0.38333333333333336 0.03854166666666667 0.075
1 0.42799479166666665 0.35509259259259257 0.05703125 0.07962962962962963
1 0.20690104166666667 0.530787037037037 0.039322916666666666 0.06527777777777778
1 0.7760416666666666 0.6456018518518518 0.04479166666666667 0.07083333333333333