0 0.49583333333333335 0.9337962962962963 0.058333333333333334 0.13425925925925927
0 0.8078125 0.3912037037037037 0.05625 0.16018518518518518
0 0.459375 0.9236111111111112 0.057291666666666664 0.1527777777777778
1 0.7049479166666667 0.37777777777777777 0.0515625 0.08148148148148149
1 0.7265625 0.21574074074074073 0.04479166666666667 0.07037037037037037
1 0.9716145833333333 0.45092592592592595 0.05260416666666667 0.07962962962962963
1 0.7489583333333333 0.2986111111111111 0.040625 0.06018518518518518
1 0.16640625 0.8583333333333333 0.0421875 0.07777777777777778
1 0.6158854166666666 0.22361111111111112 0.0453125 0.0787037037037037
1 0.5825520833333333 0.23564814814814813 0.03697916666666667 0.06574074074074074
1 0.9822916666666667 0.34305555555555556 0.035416666666666666 0.11574074074074074
1 0.596875 0.10787037037037037 0.03854166666666667 0.06388888888888888
3 0.6518229166666667 0.42083333333333334 0.05677083333333333 0.09166666666666666