1 0.2125 0.4601851851851852 0.0546875 0.07037037037037037
1 0.48736979166666666 0.4173611111111111 0.04088541666666667 0.06342592592592593
1 0.41041666666666665 0.36180555555555555 0.030208333333333334 0.04675925925925926
1 0.669921875 0.37453703703703706 0.03203125 0.05185185185185185
1 0.7203125 0.4222222222222222 0.03229166666666667 0.04814814814814815
1 0.020963541666666665 0.6912037037037037 0.04140625 0.09166666666666666
1 0.728515625 0.5523148148148148 0.05130208333333333 0.06759259259259259
1 0.544140625 0.5046296296296297 0.03619791666666667 0.05462962962962963
1 0.45846354166666664 0.32731481481481484 0.030989583333333334 0.04537037037037037
1 0.512109375 0.5458333333333333 0.04973958333333333 0.07222222222222222
1 0.816015625 0.47152777777777777 0.03359375 0.04953703703703704
1 0.510546875 0.6412037037037037 0.04973958333333333 0.05555555555555555
1 0.590234375 0.28935185185185186 0.025260416666666667 0.03518518518518519
1 0.5901041666666667 0.32314814814814813 0.029166666666666667 0.05185185185185185
1 0.7912760416666667 0.10949074074074074 0.026302083333333334 0.04583333333333333
3 0.7625 0.5511574074074074 0.042708333333333334 0.04953703703703704
3 0.11041666666666666 0.8893518518518518 0.035416666666666666 0.044444444444444446
1 0.5178385416666667 0.33055555555555555 0.02265625 0.032407407407407406
1 0.4884114583333333 0.28379629629629627 0.02265625 0.032407407407407406
1 0.5055989583333333 0.2537037037037037 0.02265625 0.032407407407407406
1 0.460546875 0.2662037037037037 0.02265625 0.032407407407407406
1 0.440234375 0.23842592592592593 0.02265625 0.032407407407407406
1 0.42096354166666666 0.24675925925925926 0.02265625 0.032407407407407406
1 0.3358072916666667 0.2800925925925926 0.02265625 0.032407407407407406
1 0.30559895833333334 0.2689814814814815 0.02265625 0.032407407407407406
1 0.555859375 0.26990740740740743 0.02265625 0.032407407407407406
1 0.5712239583333333 0.2324074074074074 0.02265625 0.032407407407407406
1 0.7759114583333333 0.16458333333333333 0.026302083333333334 0.04583333333333333
1 0.7123697916666667 0.14467592592592593 0.026302083333333334 0.04583333333333333
1 0.7610677083333334 0.28125 0.026302083333333334 0.04583333333333333
1 0.6998697916666666 0.2571759259259259 0.026302083333333334 0.04583333333333333
1 0.8537760416666667 0.2724537037037037 0.026302083333333334 0.04583333333333333
1 0.8936197916666667 0.28958333333333336 0.026302083333333334 0.04583333333333333
1 0.8217447916666667 0.17291666666666666 0.026302083333333334 0.04583333333333333
1 0.8462239583333333 0.15347222222222223 0.026302083333333334 0.04583333333333333
1 0.9102864583333333 0.1761574074074074 0.026302083333333334 0.04583333333333333
1 0.8444010416666666 0.4826388888888889 0.026822916666666665 0.03657407407407407
1 0.16236979166666668 0.15787037037037038 0.02265625 0.032407407407407406
3 0.1625 0.25277777777777777 0.035416666666666666 0.044444444444444446