1 0.504296875 0.019675925925925927 0.031510416666666666 0.038425925925925926
1 0.65625 0.10324074074074074 0.0296875 0.05277777777777778
1 0.170703125 0.20694444444444443 0.05546875 0.08981481481481482
1 0.029296875 0.4981481481481482 0.05755208333333333 0.0962962962962963
1 0.7619791666666667 0.037731481481481484 0.040625 0.06342592592592593
1 0.9602864583333334 0.11666666666666667 0.053385416666666664 0.07222222222222222
1 0.5217447916666667 0.5990740740740741 0.08619791666666667 0.11296296296296296
1 0.8373697916666667 0.12060185185185185 0.04244791666666667 0.0699074074074074
1 0.8114583333333333 0.03819444444444445 0.0359375 0.050462962962962966
1 0.6096354166666667 0.0824074074074074 0.022916666666666665 0.040740740740740744
1 0.7924479166666667 0.1414351851851852 0.028645833333333332 0.047685185185185185
1 0.9122395833333333 0.0525462962962963 0.0296875 0.04490740740740741
1 0.5420572916666667 0.5537037037037037 0.04609375 0.06759259259259259
1 0.013151041666666667 0.3951388888888889 0.02578125 0.06898148148148148
3 0.46653645833333335 0.5576388888888889 0.07369791666666667 0.07453703703703704
3 0.8709635416666667 0.13148148148148148 0.02578125 0.046296296296296294
3 0.3014322916666667 0.1599537037037037 0.023177083333333334 0.03287037037037037
3 0.31796875 0.549074074074074 0.046875 0.09166666666666666
3 0.025911458333333335 0.5680555555555555 0.047135416666666666 0.08425925925925926
3 0.8385416666666666 0.049305555555555554 0.030729166666666665 0.034722222222222224
3 0.4796875 0.38055555555555554 0.03229166666666667 0.03611111111111111
1 0.44700520833333335 0.020370370370370372 0.03411458333333333 0.03981481481481482
1 0.487109375 0.18541666666666667 0.04921875 0.0837962962962963
1 0.39986979166666664 0.41967592592592595 0.02265625 0.04861111111111111
3 0.925390625 0.11597222222222223 0.019010416666666665 0.03009259259259259
3 0.8920572916666667 0.10578703703703704 0.019010416666666665 0.03009259259259259