1 0.2703125 0.3236111111111111 0.04583333333333333 0.0824074074074074
1 0.48385416666666664 0.7824074074074074 0.05 0.07962962962962963
1 0.7369791666666666 0.3768518518518518 0.03958333333333333 0.06111111111111111
1 0.34739583333333335 0.5537037037037037 0.03958333333333333 0.06296296296296296
1 0.26901041666666664 0.6578703703703703 0.0484375 0.0787037037037037
1 0.225 0.5800925925925926 0.04583333333333333 0.0824074074074074
1 0.08333333333333333 0.8245370370370371 0.06041666666666667 0.11388888888888889
1 0.49114583333333334 0.3921296296296296 0.030208333333333334 0.058333333333333334
1 0.29583333333333334 0.975 0.04895833333333333 0.046296296296296294
3 0.8838541666666667 0.6087962962962963 0.06041666666666667 0.0712962962962963
3 0.07005208333333333 0.24444444444444444 0.09010416666666667 0.07592592592592592
3 0.8330729166666667 0.5953703703703703 0.05260416666666667 0.06851851851851852
3 0.22942708333333334 0.9703703703703703 0.0890625 0.05555555555555555
1 0.47630208333333335 0.2462962962962963 0.022395833333333334 0.040740740740740744
1 0.39479166666666665 0.5449074074074074 0.023958333333333335 0.03796296296296296
1 0.5140625 0.3148148148148148 0.022916666666666665 0.03888888888888889