0 0.7354166666666667 0.7024691358024692 0.0625 0.1506172839506173
0 0.6159722222222223 0.5691358024691358 0.09861111111111111 0.08641975308641975
1 0.6118055555555556 0.40987654320987654 0.05138888888888889 0.08395061728395062
1 0.44930555555555557 0.3925925925925926 0.05694444444444444 0.1037037037037037
1 0.6493055555555556 0.7358024691358025 0.08472222222222223 0.15308641975308643
1 0.2125 0.817283950617284 0.14444444444444443 0.2518518518518518
1 0.41458333333333336 0.25308641975308643 0.043055555555555555 0.08641975308641975
1 0.35555555555555557 0.8814814814814815 0.06111111111111111 0.14320987654320988
1 0.5256944444444445 0.9419753086419753 0.07361111111111111 0.11604938271604938
1 0.31805555555555554 0.22592592592592592 0.06111111111111111 0.11604938271604938
1 0.47291666666666665 0.6098765432098765 0.06805555555555555 0.14320987654320988
1 0.47152777777777777 0.21975308641975308 0.0375 0.06419753086419754
1 0.4270833333333333 0.6012345679012345 0.0625 0.1308641975308642
1 0.4076388888888889 0.16790123456790124 0.034722222222222224 0.0691358024691358
1 0.44305555555555554 0.2777777777777778 0.03333333333333333 0.09135802469135802
1 0.44375 0.15555555555555556 0.034722222222222224 0.05925925925925926
3 0.7180555555555556 0.817283950617284 0.08611111111111111 0.16296296296296298
3 0.9722222222222222 0.5740740740740741 0.058333333333333334 0.12098765432098765
3 0.8277777777777777 0.817283950617284 0.06666666666666667 0.10864197530864197
3 0.7513888888888889 0.6802469135802469 0.06111111111111111 0.15555555555555556
3 0.5652777777777778 0.3271604938271605 0.05277777777777778 0.06666666666666667
3 0.4166666666666667 0.9703703703703703 0.05 0.05432098765432099
3 0.6888888888888889 0.5296296296296297 0.041666666666666664 0.056790123456790124
3 0.4909722222222222 0.7716049382716049 0.05416666666666667 0.11604938271604938
3 0.8451388888888889 0.7432098765432099 0.059722222222222225 0.05432098765432099