1 0.9069444444444444 0.6259259259259259 0.10833333333333334 0.1654320987654321
1 0.6215277777777778 0.4703703703703704 0.09583333333333334 0.16049382716049382
1 0.8993055555555556 0.45185185185185184 0.10138888888888889 0.14320987654320988
1 0.7833333333333333 0.5271604938271605 0.09166666666666666 0.17037037037037037
1 0.7569444444444444 0.37407407407407406 0.08611111111111111 0.13580246913580246
1 0.48680555555555555 0.4765432098765432 0.09027777777777778 0.14320987654320988
1 0.7326388888888888 0.08024691358024691 0.07916666666666666 0.145679012345679
1 0.6722222222222223 0.26296296296296295 0.06388888888888888 0.0962962962962963
1 0.5402777777777777 0.8555555555555555 0.11388888888888889 0.22962962962962963
1 0.5590277777777778 0.36049382716049383 0.07361111111111111 0.10864197530864197
1 0.6152777777777778 0.23209876543209876 0.06111111111111111 0.09876543209876543
3 0.6111111111111112 0.6814814814814815 0.12222222222222222 0.19753086419753085
3 0.6673611111111111 0.8111111111111111 0.10694444444444444 0.20493827160493827
3 0.8069444444444445 0.7148148148148148 0.125 0.19012345679012346