1 0.660546875 0.6238425925925926 0.04609375 0.08564814814814815
1 0.734765625 0.799074074074074 0.07057291666666667 0.12685185185185185
1 0.2845052083333333 0.6712962962962963 0.07369791666666667 0.14074074074074075
1 0.7696614583333333 0.03217592592592593 0.05859375 0.0625
1 0.24153645833333334 0.05763888888888889 0.06692708333333333 0.09583333333333334
1 0.804296875 0.669675925925926 0.054427083333333334 0.10416666666666667
1 0.9752604166666666 0.1837962962962963 0.041666666666666664 0.07407407407407407
1 0.2875 0.12893518518518518 0.057291666666666664 0.07268518518518519
1 0.73671875 0.36666666666666664 0.0640625 0.12129629629629629
1 0.8541666666666666 0.24537037037037038 0.052083333333333336 0.08611111111111111
1 0.5259114583333333 0.6731481481481482 0.05234375 0.09074074074074075