1 0.33046875 0.17916666666666667 0.04895833333333333 0.06851851851851852
1 0.103125 0.7888888888888889 0.08697916666666666 0.1287037037037037
1 0.16575520833333332 0.6206018518518519 0.054947916666666666 0.08009259259259259
1 0.28684895833333335 0.46944444444444444 0.06015625 0.08888888888888889
1 0.475 0.14537037037037037 0.036458333333333336 0.05462962962962963
1 0.07330729166666666 0.24930555555555556 0.03359375 0.055092592592592596
1 0.08333333333333333 0.5386574074074074 0.05625 0.07083333333333333
1 0.21458333333333332 0.05462962962962963 0.03802083333333333 0.05648148148148148
1 0.848828125 0.19745370370370371 0.03411458333333333 0.05694444444444444
1 0.6951822916666667 0.31527777777777777 0.03411458333333333 0.05740740740740741
1 0.7298177083333334 0.37800925925925927 0.032552083333333336 0.05787037037037037
1 0.43658854166666666 0.06273148148148149 0.032552083333333336 0.04861111111111111
1 0.2484375 0.16712962962962963 0.026041666666666668 0.044444444444444446
1 0.7235677083333333 0.4203703703703704 0.03203125 0.049074074074074076
1 0.031119791666666667 0.2793981481481482 0.038802083333333334 0.05694444444444444
3 0.04010416666666667 0.5337962962962963 0.053125 0.05925925925925926