0 0.73125 0.7962962962962963 0.14305555555555555 0.18024691358024691
0 0.6923611111111111 0.44938271604938274 0.10138888888888889 0.11358024691358025
0 0.9534722222222223 0.4765432098765432 0.09027777777777778 0.1728395061728395
0 0.38263888888888886 0.9481481481481482 0.10138888888888889 0.09876543209876543
0 0.7833333333333333 0.562962962962963 0.05555555555555555 0.14320987654320988
0 0.6180555555555556 0.4728395061728395 0.06111111111111111 0.13580246913580246
0 0.5263888888888889 0.47901234567901235 0.04722222222222222 0.13333333333333333
0 0.7055555555555556 0.2679012345679012 0.08611111111111111 0.0962962962962963
0 0.19583333333333333 0.36790123456790125 0.09444444444444444 0.07407407407407407
0 0.6013888888888889 0.1925925925925926 0.10833333333333334 0.08888888888888889
1 0.35347222222222224 0.15185185185185185 0.05694444444444444 0.09135802469135802
1 0.5201388888888889 0.22469135802469137 0.0625 0.1037037037037037
1 0.23958333333333334 0.06790123456790123 0.06527777777777778 0.1308641975308642
1 0.14305555555555555 0.2814814814814815 0.12777777777777777 0.18765432098765433
1 0.1076388888888889 0.6703703703703704 0.15416666666666667 0.23950617283950618
1 0.23680555555555555 0.9382716049382716 0.13194444444444445 0.12345679012345678
3 0.17847222222222223 0.42962962962962964 0.11527777777777778 0.09876543209876543
3 0.4708333333333333 0.48518518518518516 0.09166666666666666 0.1308641975308642
3 0.2569444444444444 0.29876543209876544 0.08055555555555556 0.08395061728395062
3 0.8798611111111111 0.44074074074074077 0.0763888888888889 0.09135802469135802