1 0.6909722222222222 0.1382716049382716 0.05416666666666667 0.08395061728395062
1 0.4048611111111111 0.38271604938271603 0.059722222222222225 0.1037037037037037
1 0.4041666666666667 0.15432098765432098 0.05 0.08148148148148149
1 0.4666666666666667 0.1037037037037037 0.05 0.08395061728395062
1 0.5048611111111111 0.03580246913580247 0.04861111111111111 0.06666666666666667
1 0.1909722222222222 0.3925925925925926 0.0763888888888889 0.12345679012345678
1 0.5583333333333333 0.6506172839506172 0.07222222222222222 0.1308641975308642
1 0.11388888888888889 0.12839506172839507 0.06111111111111111 0.08395061728395062
1 0.7986111111111112 0.03580246913580247 0.058333333333333334 0.06666666666666667
1 0.6263888888888889 0.2679012345679012 0.05555555555555555 0.08641975308641975
1 0.5486111111111112 0.4160493827160494 0.05277777777777778 0.09135802469135802
3 0.6159722222222223 0.8049382716049382 0.07916666666666666 0.13333333333333333
3 0.2791666666666667 0.3888888888888889 0.08055555555555556 0.1259259259259259
3 0.6722222222222223 0.6432098765432098 0.075 0.11604938271604938
3 0.6875 0.3728395061728395 0.07222222222222222 0.11358024691358025
3 0.8972222222222223 0.32592592592592595 0.08055555555555556 0.08888888888888889
3 0.6041666666666666 0.3469135802469136 0.05555555555555555 0.11604938271604938
3 0.37916666666666665 0.2382716049382716 0.06111111111111111 0.10617283950617284
1 0.5833333333333334 0.2654320987654321 0.05555555555555555 0.08641975308641975
0 0.6631944444444444 0.7148148148148148 0.12083333333333333 0.0962962962962963