3 0.08723958333333333 0.6831018518518519 0.06197916666666667 0.11898148148148148
0 0.24075520833333333 0.42407407407407405 0.07317708333333334 0.0712962962962963
3 0.024348958333333334 0.725925925925926 0.048177083333333336 0.12129629629629629
3 0.42109375 0.10555555555555556 0.0421875 0.09537037037037037
3 0.5165364583333333 0.14791666666666667 0.06692708333333333 0.09768518518518518
3 0.955859375 0.21875 0.08098958333333334 0.04675925925925926
3 0.7477864583333333 0.4303240740740741 0.07473958333333333 0.09675925925925925
3 0.6688802083333333 0.40532407407407406 0.05911458333333333 0.06157407407407407
3 0.36471354166666664 0.5548611111111111 0.05078125 0.0625
2 0.4524739583333333 0.5143518518518518 0.04140625 0.07407407407407407
2 0.4134114583333333 0.6381944444444444 0.04921875 0.0763888888888889
2 0.5161458333333333 0.7388888888888889 0.06354166666666666 0.10277777777777777
2 0.8794270833333333 0.7314814814814815 0.08177083333333333 0.08981481481481482
3 0.852734375 0.4252314814814815 0.08307291666666666 0.06898148148148148