0 0.6715277777777777 0.6950617283950618 0.17916666666666667 0.24444444444444444
0 0.11666666666666667 0.5135802469135803 0.2222222222222222 0.16790123456790124
1 0.39166666666666666 0.09012345679012346 0.1 0.1654320987654321
1 0.35625 0.5555555555555556 0.10694444444444444 0.1925925925925926
1 0.28125 0.37777777777777777 0.10138888888888889 0.18271604938271604
1 0.23680555555555555 0.9296296296296296 0.12638888888888888 0.14074074074074075
1 0.5472222222222223 0.23950617283950618 0.1111111111111111 0.2074074074074074
1 0.46597222222222223 0.2617283950617284 0.09583333333333334 0.16296296296296298
1 0.03611111111111111 0.7679012345679013 0.07222222222222222 0.21728395061728395
1 0.6479166666666667 0.4049382716049383 0.12916666666666668 0.2123456790123457
1 0.15347222222222223 0.19012345679012346 0.14583333333333334 0.18765432098765433
1 0.06944444444444445 0.9432098765432099 0.13055555555555556 0.11358024691358025
1 0.1284722222222222 0.591358024691358 0.0763888888888889 0.10617283950617284
2 0.15555555555555556 0.9098765432098765 0.09444444444444444 0.16049382716049382
3 0.1076388888888889 0.717283950617284 0.11527777777777778 0.2
3 0.3145833333333333 0.1469135802469136 0.09305555555555556 0.1308641975308642