1 0.33229166666666665 0.2569444444444444 0.053125 0.09722222222222222
1 0.45208333333333334 0.38842592592592595 0.0453125 0.08148148148148149
1 0.44440104166666666 0.2826388888888889 0.040364583333333336 0.07175925925925926
1 0.4393229166666667 0.2324074074074074 0.0390625 0.07037037037037037
1 0.4845052083333333 0.28888888888888886 0.028385416666666666 0.05
1 0.7848958333333333 0.513425925925926 0.036458333333333336 0.04722222222222222
3 0.7106770833333333 0.5018518518518519 0.0578125 0.06759259259259259
3 0.03619791666666667 0.2074074074074074 0.06979166666666667 0.12777777777777777
3 0.441015625 0.76875 0.03828125 0.10416666666666667
3 0.07356770833333333 0.4025462962962963 0.06536458333333334 0.0625
1 0.5072916666666667 0.29560185185185184 0.019270833333333334 0.050462962962962966