1 0.32955729166666664 0.38287037037037036 0.03619791666666667 0.05648148148148148
1 0.25026041666666665 0.24212962962962964 0.033854166666666664 0.05277777777777778
1 0.12252604166666667 0.7527777777777778 0.07421875 0.11203703703703703
1 0.18372395833333333 0.5196759259259259 0.05182291666666667 0.07453703703703704
1 0.31497395833333336 0.44050925925925927 0.027864583333333335 0.04212962962962963
1 0.3977864583333333 0.3425925925925926 0.02578125 0.044444444444444446
1 0.257421875 0.3458333333333333 0.029947916666666668 0.04537037037037037
1 0.130078125 0.15416666666666667 0.026822916666666665 0.037037037037037035
1 0.5002604166666667 0.5101851851851852 0.024479166666666666 0.040740740740740744
1 0.675 0.40532407407407406 0.024479166666666666 0.04490740740740741
1 0.7248697916666667 0.4585648148148148 0.020572916666666666 0.0412037037037037
1 0.3927083333333333 0.22523148148148148 0.028125 0.043055555555555555
1 0.2453125 0.17175925925925925 0.024479166666666666 0.03518518518518519
1 0.34010416666666665 0.13171296296296298 0.0234375 0.03657407407407407
1 0.6953125 0.40300925925925923 0.024479166666666666 0.04212962962962963
1 0.16041666666666668 0.1425925925925926 0.019270833333333334 0.037037037037037035
1 0.4772135416666667 0.2523148148148148 0.022135416666666668 0.053703703703703705
3 0.652734375 0.49189814814814814 0.03723958333333333 0.04953703703703704
3 0.352734375 0.5425925925925926 0.047135416666666666 0.049074074074074076
3 0.08424479166666667 0.26782407407407405 0.062239583333333334 0.0587962962962963
3 0.30299479166666665 0.6060185185185185 0.04765625 0.0712962962962963
3 0.6825520833333333 0.5206018518518518 0.01875 0.038425925925925926
1 0.17981770833333333 0.1537037037037037 0.018489583333333334 0.03148148148148148
1 0.20533854166666668 0.15578703703703703 0.02265625 0.03287037037037037