1 0.31875 0.5382716049382716 0.059722222222222225 0.1037037037037037
1 0.2076388888888889 0.9111111111111111 0.05694444444444444 0.09876543209876543
1 0.09236111111111112 0.5259259259259259 0.059722222222222225 0.09876543209876543
1 0.4048611111111111 0.2716049382716049 0.04861111111111111 0.07901234567901234
1 0.6583333333333333 0.14320987654320988 0.05555555555555555 0.07407407407407407
1 0.25763888888888886 0.5703703703703704 0.04861111111111111 0.10864197530864197
1 0.08055555555555556 0.37407407407407406 0.05555555555555555 0.06666666666666667
1 0.29097222222222224 0.08641975308641975 0.04027777777777778 0.05925925925925926
1 0.19930555555555557 0.0728395061728395 0.034722222222222224 0.05185185185185185
3 0.8361111111111111 0.5024691358024691 0.13333333333333333 0.16049382716049382
3 0.9145833333333333 0.03580246913580247 0.09305555555555556 0.06666666666666667