0 0.121875 0.7877314814814815 0.08333333333333333 0.08194444444444444
1 0.1890625 0.34120370370370373 0.03802083333333333 0.053703703703703705
1 0.14765625 0.16666666666666666 0.0359375 0.04814814814814815
1 0.11002604166666667 0.600462962962963 0.04505208333333333 0.06574074074074074
1 0.827734375 0.3372685185185185 0.026302083333333334 0.04212962962962963
1 0.5404947916666667 0.34837962962962965 0.026822916666666665 0.04398148148148148
1 0.7404947916666667 0.40162037037037035 0.028385416666666666 0.050462962962962966
1 0.825390625 0.3951388888888889 0.027864583333333335 0.04583333333333333
1 0.3502604166666667 0.34814814814814815 0.03697916666666667 0.05277777777777778
1 0.648828125 0.3421296296296296 0.023177083333333334 0.041666666666666664
1 0.5805989583333333 0.25787037037037036 0.026822916666666665 0.040740740740740744
1 0.9559895833333333 0.5074074074074074 0.034895833333333334 0.05555555555555555
1 0.42096354166666666 0.17962962962962964 0.026302083333333334 0.040740740740740744
1 0.7131510416666667 0.3537037037037037 0.026822916666666665 0.046296296296296294
1 0.32734375 0.4027777777777778 0.0296875 0.04537037037037037
1 0.8673177083333333 0.2967592592592593 0.030989583333333334 0.04259259259259259
1 0.30494791666666665 0.17847222222222223 0.027083333333333334 0.033796296296296297
1 0.6532552083333333 0.27847222222222223 0.020572916666666666 0.038425925925925926
1 0.34075520833333334 0.16296296296296298 0.026302083333333334 0.041666666666666664
3 0.38841145833333335 0.412962962962963 0.03463541666666667 0.05
1 0.48971354166666664 0.19722222222222222 0.026302083333333334 0.040740740740740744
1 0.6069010416666667 0.18009259259259258 0.020572916666666666 0.028703703703703703
1 0.6471354166666666 0.16527777777777777 0.0234375 0.03611111111111111