1 0.10403645833333333 0.6821759259259259 0.05911458333333333 0.09768518518518518
1 0.030208333333333334 0.4638888888888889 0.059895833333333336 0.10740740740740741
1 0.6419270833333334 0.40069444444444446 0.03125 0.0587962962962963
1 0.5161458333333333 0.4787037037037037 0.04479166666666667 0.0787037037037037
1 0.38971354166666666 0.5819444444444445 0.04401041666666667 0.075
1 0.284765625 0.07222222222222222 0.04921875 0.07314814814814814
1 0.546875 0.2011574074074074 0.027083333333333334 0.04490740740740741
1 0.561328125 0.12083333333333333 0.029427083333333333 0.04722222222222222
1 0.3983072916666667 0.3002314814814815 0.03828125 0.059722222222222225
1 0.16236979166666668 0.30787037037037035 0.053385416666666664 0.07592592592592592
1 0.3319010416666667 0.07222222222222222 0.03671875 0.06111111111111111
1 0.68203125 0.3650462962962963 0.03229166666666667 0.04583333333333333
1 0.268359375 0.29768518518518516 0.04244791666666667 0.07222222222222222
1 0.52421875 0.05439814814814815 0.030208333333333334 0.055092592592592596
1 0.7399739583333333 0.2650462962962963 0.026302083333333334 0.047685185185185185
1 0.4609375 0.023148148148148147 0.03333333333333333 0.04537037037037037
1 0.016145833333333335 0.09606481481481481 0.03177083333333333 0.08472222222222223
1 0.7283854166666667 0.40625 0.022916666666666665 0.04583333333333333
1 0.8440104166666667 0.43842592592592594 0.030729166666666665 0.05277777777777778
1 0.6307291666666667 0.14652777777777778 0.022395833333333334 0.038425925925925926
1 0.787109375 0.46620370370370373 0.022135416666666668 0.03981481481481482
1 0.759765625 0.4238425925925926 0.026822916666666665 0.04583333333333333
1 0.7802083333333333 0.37916666666666665 0.030208333333333334 0.049074074074074076
3 0.3375 0.2037037037037037 0.05625 0.04537037037037037
3 0.3458333333333333 0.3960648148148148 0.03854166666666667 0.05324074074074074
3 0.45169270833333336 0.2777777777777778 0.031510416666666666 0.046296296296296294
1 0.5953125 0.10740740740740741 0.025520833333333333 0.03425925925925926
1 0.59296875 0.06018518518518518 0.025520833333333333 0.03425925925925926
1 0.6229166666666667 0.09398148148148149 0.025520833333333333 0.03425925925925926
1 0.65625 0.11018518518518519 0.025520833333333333 0.03425925925925926
1 0.65625 0.13935185185185187 0.025520833333333333 0.03425925925925926
1 0.6765625 0.19953703703703704 0.025520833333333333 0.03425925925925926
1 0.6916666666666667 0.17916666666666667 0.025520833333333333 0.03425925925925926
1 0.6841145833333333 0.26157407407407407 0.025520833333333333 0.03425925925925926
1 0.7065104166666667 0.2513888888888889 0.025520833333333333 0.03425925925925926
1 0.8028645833333333 0.2953703703703704 0.025520833333333333 0.03425925925925926
1 0.8015625 0.324537037037037 0.025520833333333333 0.03425925925925926
1 0.80703125 0.2324074074074074 0.025520833333333333 0.03425925925925926
1 0.771875 0.21157407407407408 0.025520833333333333 0.03425925925925926
1 0.709375 0.1398148148148148 0.025520833333333333 0.03425925925925926
1 0.7166666666666667 0.0912037037037037 0.025520833333333333 0.03425925925925926
1 0.6875 0.04398148148148148 0.025520833333333333 0.03425925925925926
1 0.6518229166666667 0.03935185185185185 0.025520833333333333 0.03425925925925926
1 0.67734375 0.09259259259259259 0.025520833333333333 0.03425925925925926
1 0.8135416666666667 0.26666666666666666 0.025520833333333333 0.03425925925925926
1 0.664453125 0.4150462962962963 0.023697916666666666 0.04583333333333333
1 0.8733072916666667 0.36342592592592593 0.022135416666666668 0.03981481481481482
1 0.886328125 0.31527777777777777 0.022135416666666668 0.03981481481481482