0 0.5947916666666667 0.899537037037037 0.10208333333333333 0.07685185185185185
1 0.4088541666666667 0.95 0.052083333333333336 0.07407407407407407
1 0.6651041666666667 0.6930555555555555 0.03854166666666667 0.06018518518518518
1 0.7080729166666667 0.8467592592592592 0.0453125 0.0712962962962963
1 0.4921875 0.8310185185185185 0.04479166666666667 0.07685185185185185
1 0.6588541666666666 0.924074074074074 0.042708333333333334 0.07037037037037037
1 0.5411458333333333 0.6986111111111111 0.03333333333333333 0.05277777777777778
1 0.49244791666666665 0.7162037037037037 0.0328125 0.05648148148148148
1 0.7395833333333334 0.5546296296296296 0.036458333333333336 0.05555555555555555
1 0.2046875 0.937962962962963 0.04791666666666667 0.07222222222222222
1 0.2981770833333333 0.7986111111111112 0.0359375 0.05277777777777778
1 0.5559895833333334 0.6370370370370371 0.030729166666666665 0.04259259259259259
1 0.24244791666666668 0.8115740740740741 0.0234375 0.030555555555555555