0 0.9 0.2679012345679012 0.19722222222222222 0.1654320987654321
0 0.8618055555555556 0.12345679012345678 0.20416666666666666 0.14814814814814814
0 0.27569444444444446 0.24320987654320989 0.07083333333333333 0.2641975308641975
1 0.1951388888888889 0.30987654320987656 0.1125 0.1654320987654321
1 0.3368055555555556 0.4049382716049383 0.10694444444444444 0.15308641975308643
1 0.6430555555555556 0.4160493827160494 0.10555555555555556 0.18518518518518517
1 0.43472222222222223 0.8691358024691358 0.16666666666666666 0.25679012345679014
1 0.6986111111111111 0.6234567901234568 0.15 0.25925925925925924
1 0.34444444444444444 0.12345679012345678 0.08611111111111111 0.1580246913580247
1 0.28541666666666665 0.6320987654320988 0.1625 0.2765432098765432
1 0.40902777777777777 0.19753086419753085 0.1125 0.18765432098765433
1 0.5381944444444444 0.11851851851851852 0.12638888888888888 0.2123456790123457
1 0.5166666666666667 0.445679012345679 0.09166666666666666 0.16049382716049382
1 0.25625 0.07407407407407407 0.09583333333333334 0.14320987654320988
1 0.4465277777777778 0.05802469135802469 0.10138888888888889 0.1111111111111111
1 0.4527777777777778 0.3493827160493827 0.1111111111111111 0.1654320987654321
1 0.8583333333333333 0.04938271604938271 0.15 0.09382716049382717
1 0.47638888888888886 0.5691358024691358 0.13055555555555556 0.25925925925925924
1 0.11875 0.16419753086419753 0.09305555555555556 0.1308641975308642
1 0.6555555555555556 0.8851851851851852 0.125 0.18024691358024691
1 0.022222222222222223 0.291358024691358 0.041666666666666664 0.14814814814814814
3 0.7729166666666667 0.5098765432098765 0.09861111111111111 0.17037037037037037
3 0.2222222222222222 0.45925925925925926 0.13333333333333333 0.15308641975308643