0 0.5861111111111111 0.47530864197530864 0.24722222222222223 0.24444444444444444
1 0.4076388888888889 0.6530864197530865 0.0625 0.10123456790123457
1 0.7388888888888889 0.5308641975308642 0.075 0.12345679012345678
1 0.3458333333333333 0.5703703703703704 0.058333333333333334 0.11358024691358025
1 0.8541666666666666 0.7530864197530864 0.08333333333333333 0.12839506172839507
1 0.5513888888888889 0.8790123456790123 0.08333333333333333 0.1382716049382716
1 0.36944444444444446 0.9259259259259259 0.10277777777777777 0.14320987654320988
1 0.16111111111111112 0.4024691358024691 0.08055555555555556 0.1382716049382716
1 0.2951388888888889 0.7098765432098766 0.07083333333333333 0.1259259259259259
1 0.6291666666666667 0.645679012345679 0.08055555555555556 0.1506172839506173
1 0.7631944444444444 0.3345679012345679 0.0875 0.145679012345679
3 0.5243055555555556 0.6555555555555556 0.07916666666666666 0.12098765432098765
3 0.12638888888888888 0.554320987654321 0.09444444444444444 0.14074074074074075
3 0.8131944444444444 0.21975308641975308 0.10972222222222222 0.1382716049382716
3 0.2263888888888889 0.1728395061728395 0.07222222222222222 0.09876543209876543
3 0.17847222222222223 0.24814814814814815 0.10694444444444444 0.1308641975308642
3 0.6305555555555555 0.9259259259259259 0.13055555555555556 0.14814814814814814
3 0.24583333333333332 0.6481481481481481 0.09722222222222222 0.145679012345679
3 0.4041666666666667 0.445679012345679 0.08611111111111111 0.16049382716049382
3 0.07083333333333333 0.28271604938271605 0.075 0.0962962962962963
3 0.8173611111111111 0.37777777777777777 0.07916666666666666 0.11851851851851852
3 0.4222222222222222 0.8037037037037037 0.1 0.145679012345679