0 0.6645833333333333 0.42962962962962964 0.09305555555555556 0.1037037037037037
0 0.6854166666666667 0.6975308641975309 0.06527777777777778 0.19012345679012346
0 0.725 0.7975308641975308 0.125 0.1580246913580247
0 0.9583333333333334 0.9419753086419753 0.08055555555555556 0.1111111111111111
0 0.7590277777777777 0.10987654320987654 0.09027777777777778 0.15555555555555556
0 0.6680555555555555 0.3567901234567901 0.09444444444444444 0.07654320987654321
1 0.2263888888888889 0.6259259259259259 0.06944444444444445 0.1259259259259259
1 0.12083333333333333 0.4444444444444444 0.05277777777777778 0.07901234567901234
1 0.36041666666666666 0.454320987654321 0.04861111111111111 0.07407407407407407
3 0.8923611111111112 0.9012345679012346 0.10972222222222222 0.17777777777777778
3 0.8270833333333333 0.3333333333333333 0.08194444444444444 0.09382716049382717
3 0.4701388888888889 0.3345679012345679 0.05416666666666667 0.07654320987654321
3 0.8041666666666667 0.42592592592592593 0.07222222222222222 0.10123456790123457