0 0.9388888888888889 0.7049382716049383 0.11666666666666667 0.10617283950617284
0 0.6729166666666667 0.7617283950617284 0.07361111111111111 0.07654320987654321
1 0.5152777777777777 0.10123456790123457 0.05277777777777778 0.08888888888888889
1 0.5715277777777777 0.15555555555555556 0.043055555555555555 0.0691358024691358
1 0.05 0.6382716049382716 0.05277777777777778 0.08641975308641975
1 0.6486111111111111 0.5580246913580247 0.06388888888888888 0.10864197530864197
1 0.4076388888888889 0.3135802469135803 0.043055555555555555 0.0691358024691358
1 0.2986111111111111 0.9604938271604938 0.06944444444444445 0.07407407407407407
1 0.47638888888888886 0.745679012345679 0.06388888888888888 0.11358024691358025
1 0.6604166666666667 0.3790123456790123 0.0625 0.1111111111111111
1 0.825 0.8604938271604938 0.06666666666666667 0.12098765432098765
1 0.14097222222222222 0.28271604938271605 0.04027777777777778 0.07160493827160494
1 0.6701388888888888 0.11728395061728394 0.0375 0.06666666666666667
1 0.23472222222222222 0.2617283950617284 0.044444444444444446 0.07901234567901234
1 0.10694444444444444 0.4074074074074074 0.041666666666666664 0.0691358024691358
1 0.16805555555555557 0.05925925925925926 0.044444444444444446 0.0691358024691358
3 0.04652777777777778 0.845679012345679 0.09027777777777778 0.11604938271604938
3 0.9083333333333333 0.8358024691358025 0.08055555555555556 0.12098765432098765
3 0.7694444444444445 0.39012345679012345 0.05277777777777778 0.06419753086419754
3 0.6215277777777778 0.7654320987654321 0.05694444444444444 0.05925925925925926
3 0.8840277777777777 0.2691358024691358 0.05416666666666667 0.08395061728395062
1 0.0125 0.608641975308642 0.022222222222222223 0.06172839506172839