1 0.20208333333333334 0.8372685185185185 0.03958333333333333 0.06157407407407407
1 0.45065104166666664 0.5421296296296296 0.029427083333333333 0.04814814814814815
1 0.8045572916666667 0.48564814814814816 0.030989583333333334 0.05462962962962963
1 0.24127604166666666 0.40185185185185185 0.03567708333333333 0.05185185185185185
1 0.585546875 0.5745370370370371 0.02734375 0.046296296296296294
1 0.273046875 0.48865740740740743 0.023177083333333334 0.038425925925925926
1 0.296875 0.45046296296296295 0.026041666666666668 0.044444444444444446
1 0.572265625 0.3023148148148148 0.02734375 0.04259259259259259
1 0.5524739583333333 0.4023148148148148 0.027864583333333335 0.046296296296296294
1 0.5157552083333333 0.6347222222222222 0.03203125 0.046296296296296294
1 0.12330729166666667 0.6162037037037037 0.029947916666666668 0.046296296296296294
1 0.6119791666666666 0.45532407407407405 0.028645833333333332 0.04675925925925926
1 0.13020833333333334 0.49189814814814814 0.028645833333333332 0.043055555555555555
1 0.6544270833333333 0.32893518518518516 0.025 0.0412037037037037
1 0.195703125 0.5796296296296296 0.026822916666666665 0.04259259259259259
1 0.7059895833333333 0.44189814814814815 0.030208333333333334 0.04675925925925926
1 0.4234375 0.3136574074074074 0.026041666666666668 0.043055555555555555
1 0.3890625 0.39351851851851855 0.021875 0.03425925925925926
1 0.6989583333333333 0.5578703703703703 0.024479166666666666 0.044444444444444446
1 0.36809895833333334 0.5405092592592593 0.024739583333333332 0.0412037037037037
1 0.37916666666666665 0.43703703703703706 0.0203125 0.03333333333333333
1 0.24348958333333334 0.7768518518518519 0.028645833333333332 0.046296296296296294
1 0.33515625 0.4414351851851852 0.0203125 0.0375
1 0.7264322916666667 0.5664351851851852 0.025260416666666667 0.04398148148148148
1 0.36028645833333334 0.39560185185185187 0.022135416666666668 0.033796296296296297
1 0.227734375 0.5226851851851851 0.02265625 0.03796296296296296
1 0.5087239583333333 0.45810185185185187 0.022135416666666668 0.03657407407407407
1 0.4986979166666667 0.42453703703703705 0.03958333333333333 0.05555555555555555
1 0.48333333333333334 0.31319444444444444 0.025520833333333333 0.043055555555555555
1 0.3645833333333333 0.25949074074074074 0.026041666666666668 0.043055555555555555
1 0.3380208333333333 0.26782407407407405 0.026041666666666668 0.043055555555555555
1 0.24739583333333334 0.3104166666666667 0.026041666666666668 0.043055555555555555
1 0.18489583333333334 0.10578703703703704 0.026041666666666668 0.043055555555555555
1 0.290625 0.11412037037037037 0.026041666666666668 0.043055555555555555
1 0.24010416666666667 0.031712962962962964 0.026041666666666668 0.043055555555555555
1 0.43125 0.20949074074074073 0.026041666666666668 0.043055555555555555
1 0.4796875 0.20300925925925925 0.026041666666666668 0.043055555555555555
1 0.4890625 0.2474537037037037 0.026041666666666668 0.043055555555555555
1 0.5265625 0.21689814814814815 0.026041666666666668 0.043055555555555555
1 0.7170572916666667 0.2789351851851852 0.020572916666666666 0.03564814814814815
1 0.701953125 0.2604166666666667 0.020572916666666666 0.03564814814814815
1 0.6647135416666666 0.2710648148148148 0.020572916666666666 0.03564814814814815
1 0.5725260416666667 0.25254629629629627 0.020572916666666666 0.03564814814814815
1 0.575390625 0.2025462962962963 0.020572916666666666 0.03564814814814815
1 0.7975260416666666 0.3053240740740741 0.020572916666666666 0.03564814814814815
1 0.7795572916666667 0.36041666666666666 0.020572916666666666 0.03564814814814815
1 0.8470052083333334 0.45023148148148145 0.020572916666666666 0.03564814814814815
1 0.754296875 0.5659722222222222 0.020572916666666666 0.03564814814814815
1 0.5717447916666667 0.6210648148148148 0.020572916666666666 0.03564814814814815
1 0.8615885416666667 0.5025462962962963 0.020572916666666666 0.03564814814814815
1 0.864453125 0.28958333333333336 0.020572916666666666 0.03564814814814815
1 0.842578125 0.2877314814814815 0.020572916666666666 0.03564814814814815
1 0.6498697916666667 0.24606481481481482 0.020572916666666666 0.03564814814814815
1 0.06484375 0.15393518518518517 0.026041666666666668 0.043055555555555555
1 0.134375 0.34837962962962965 0.026041666666666668 0.043055555555555555
1 0.09010416666666667 0.3923611111111111 0.026041666666666668 0.043055555555555555
1 0.06015625 0.3460648148148148 0.026041666666666668 0.043055555555555555