0 0.20546875 0.325 0.15416666666666667 0.13240740740740742
1 0.16640625 0.6358796296296296 0.16197916666666667 0.2337962962962963
1 0.6305989583333333 0.4597222222222222 0.06015625 0.08148148148148149
1 0.044270833333333336 0.21226851851851852 0.08697916666666666 0.15601851851851853
1 0.35963541666666665 0.3002314814814815 0.07239583333333334 0.09675925925925925
1 0.5861979166666667 0.5986111111111111 0.06510416666666667 0.07407407407407407
3 0.37838541666666664 0.3789351851851852 0.075 0.07916666666666666
3 0.04895833333333333 0.919675925925926 0.09635416666666667 0.1476851851851852
1 0.5385416666666667 0.3587962962962963 0.04375 0.05462962962962963
1 0.5938802083333333 0.3990740740740741 0.020572916666666666 0.02962962962962963
1 0.6059895833333333 0.3699074074074074 0.0203125 0.02962962962962963