1 0.586328125 0.47847222222222224 0.020052083333333335 0.03657407407407407
1 0.46731770833333336 0.6351851851851852 0.025260416666666667 0.040740740740740744
1 0.6759114583333333 0.15185185185185185 0.021614583333333333 0.04259259259259259
1 0.53671875 0.41435185185185186 0.021875 0.04537037037037037
1 0.5821614583333333 0.41967592592592595 0.017447916666666667 0.031018518518518518
1 0.55390625 0.5196759259259259 0.016145833333333335 0.027314814814814816
1 0.4934895833333333 0.618287037037037 0.016145833333333335 0.027314814814814816
1 0.45416666666666666 0.5909722222222222 0.016145833333333335 0.027314814814814816
1 0.546875 0.5567129629629629 0.016145833333333335 0.027314814814814816
1 0.5697916666666667 0.5428240740740741 0.016145833333333335 0.027314814814814816
1 0.5815104166666667 0.5631944444444444 0.016145833333333335 0.027314814814814816
1 0.58359375 0.6247685185185186 0.016145833333333335 0.027314814814814816
1 0.6270833333333333 0.6141203703703704 0.016145833333333335 0.027314814814814816
1 0.6052083333333333 0.5261574074074075 0.016145833333333335 0.027314814814814816
1 0.6513020833333333 0.44560185185185186 0.016145833333333335 0.027314814814814816
1 0.60625 0.4076388888888889 0.016145833333333335 0.027314814814814816
1 0.5895833333333333 0.3747685185185185 0.016145833333333335 0.027314814814814816
1 0.50703125 0.4738425925925926 0.016145833333333335 0.027314814814814816
1 0.47630208333333335 0.5006944444444444 0.016145833333333335 0.027314814814814816
1 0.4583333333333333 0.5164351851851852 0.016145833333333335 0.027314814814814816
1 0.3997395833333333 0.5636574074074074 0.016145833333333335 0.027314814814814816
1 0.35130208333333335 0.6043981481481482 0.016145833333333335 0.027314814814814816
1 0.3463541666666667 0.5706018518518519 0.016145833333333335 0.027314814814814816
1 0.3223958333333333 0.5303240740740741 0.013020833333333334 0.02175925925925926
1 0.35546875 0.4863425925925926 0.013020833333333334 0.02175925925925926
1 0.43359375 0.3824074074074074 0.01875 0.025
1 0.46796875 0.36712962962962964 0.01875 0.025
1 0.4700520833333333 0.32083333333333336 0.01875 0.025
1 0.5171875 0.3458333333333333 0.01875 0.025
1 0.5541666666666667 0.31203703703703706 0.01875 0.025
1 0.5678385416666667 0.3650462962962963 0.013802083333333333 0.020833333333333332
1 0.590234375 0.34050925925925923 0.013802083333333333 0.020833333333333332
1 0.660546875 0.35671296296296295 0.014322916666666666 0.027314814814814816
1 0.7061197916666667 0.4025462962962963 0.014322916666666666 0.027314814814814816
1 0.742578125 0.40625 0.014322916666666666 0.027314814814814816
1 0.745703125 0.36550925925925926 0.014322916666666666 0.027314814814814816
1 0.7087239583333333 0.3701388888888889 0.014322916666666666 0.027314814814814816
1 0.641015625 0.3127314814814815 0.014322916666666666 0.027314814814814816
1 0.6391927083333333 0.29560185185185184 0.014322916666666666 0.027314814814814816
1 0.6899739583333333 0.2488425925925926 0.014322916666666666 0.027314814814814816
1 0.720703125 0.24467592592592594 0.014322916666666666 0.027314814814814816
1 0.514453125 0.5571759259259259 0.014322916666666666 0.027314814814814816
1 0.31223958333333335 0.5155092592592593 0.013020833333333334 0.02175925925925926
1 0.28125 0.5099537037037037 0.013020833333333334 0.02175925925925926
1 0.28463541666666664 0.5284722222222222 0.013020833333333334 0.02175925925925926
1 0.27265625 0.5599537037037037 0.013020833333333334 0.02175925925925926
1 0.26536458333333335 0.5377314814814815 0.013020833333333334 0.02175925925925926
1 0.2864583333333333 0.5844907407407407 0.013020833333333334 0.02175925925925926
1 0.3177083333333333 0.4085648148148148 0.013020833333333334 0.02175925925925926
1 0.26145833333333335 0.4284722222222222 0.013020833333333334 0.02175925925925926
1 0.2908854166666667 0.444212962962963 0.013020833333333334 0.02175925925925926
1 0.36302083333333335 0.35856481481481484 0.013020833333333334 0.02175925925925926
1 0.7235677083333333 0.19745370370370371 0.014322916666666666 0.027314814814814816
1 0.7985677083333333 0.15069444444444444 0.014322916666666666 0.027314814814814816
1 0.8141927083333333 0.1386574074074074 0.014322916666666666 0.027314814814814816
1 0.7467447916666666 0.2298611111111111 0.014322916666666666 0.027314814814814816
1 0.689453125 0.12291666666666666 0.014322916666666666 0.027314814814814816
1 0.6860677083333333 0.09560185185185185 0.014322916666666666 0.027314814814814816
1 0.7076822916666666 0.09699074074074074 0.014322916666666666 0.027314814814814816
1 0.7248697916666667 0.10208333333333333 0.014322916666666666 0.027314814814814816
1 0.7951822916666667 0.09884259259259259 0.014322916666666666 0.027314814814814816
1 0.766015625 0.12430555555555556 0.014322916666666666 0.027314814814814816
1 0.7665364583333333 0.38125 0.014322916666666666 0.027314814814814816
1 0.713671875 0.5196759259259259 0.014322916666666666 0.027314814814814816
1 0.729296875 0.5011574074074074 0.014322916666666666 0.027314814814814816
1 0.8014322916666666 0.4752314814814815 0.014322916666666666 0.027314814814814816
1 0.8298177083333333 0.45810185185185187 0.014322916666666666 0.027314814814814816
1 0.8048177083333333 0.4391203703703704 0.014322916666666666 0.027314814814814816
1 0.828515625 0.40208333333333335 0.014322916666666666 0.027314814814814816
1 0.8329427083333333 0.3789351851851852 0.014322916666666666 0.027314814814814816
1 0.5845052083333333 0.24699074074074073 0.014322916666666666 0.027314814814814816