3 0.5641927083333333 0.6456018518518518 0.04609375 0.03564814814814815
1 0.9799479166666667 0.5060185185185185 0.0390625 0.05648148148148148
1 0.9240885416666667 0.4666666666666667 0.03203125 0.049074074074074076
1 0.6479166666666667 0.6701388888888888 0.04895833333333333 0.05787037037037037
1 0.7071614583333333 0.8099537037037037 0.04244791666666667 0.08287037037037037
1 0.607421875 0.9467592592592593 0.06536458333333334 0.09722222222222222
1 0.5602864583333333 0.9678240740740741 0.05130208333333333 0.06527777777777778
1 0.47513020833333336 0.8317129629629629 0.03671875 0.0587962962962963
1 0.21484375 0.8493055555555555 0.044270833333333336 0.07083333333333333
3 0.7954427083333333 0.6481481481481481 0.03359375 0.04722222222222222
1 0.09947916666666666 0.7620370370370371 0.043229166666666666 0.06944444444444445
1 0.029166666666666667 0.81875 0.05625 0.09027777777777778
1 0.207421875 0.5761574074074074 0.04088541666666667 0.0587962962962963
1 0.40729166666666666 0.7247685185185185 0.05625 0.09027777777777778
1 0.12552083333333333 0.37800925925925927 0.040625 0.0587962962962963
1 0.15052083333333333 0.5539351851851851 0.040625 0.0587962962962963
1 0.18841145833333334 0.2599537037037037 0.017447916666666667 0.031018518518518518
1 0.045703125 0.35810185185185184 0.017447916666666667 0.031018518518518518
1 0.630859375 0.6340277777777777 0.028385416666666666 0.04027777777777778
1 0.5834635416666667 0.5043981481481481 0.028385416666666666 0.04027777777777778
1 0.7227864583333333 0.07800925925925926 0.028385416666666666 0.04027777777777778