1 0.5720052083333333 0.43703703703703706 0.048177083333333336 0.08333333333333333
1 0.16158854166666667 0.19837962962962963 0.08463541666666667 0.10601851851851851
1 0.485546875 0.28912037037037036 0.02890625 0.047685185185185185
1 0.8393229166666667 0.32523148148148145 0.03177083333333333 0.04675925925925926
1 0.4296875 0.1960648148148148 0.034375 0.052314814814814814
1 0.5997395833333333 0.36666666666666664 0.029166666666666667 0.044444444444444446
1 0.5549479166666667 0.32222222222222224 0.03333333333333333 0.05277777777777778
1 0.065625 0.8516203703703704 0.1296875 0.27361111111111114
1 0.7565104166666666 0.43194444444444446 0.024479166666666666 0.040740740740740744
1 0.38515625 0.13773148148148148 0.0234375 0.033796296296296297
1 0.312890625 0.11180555555555556 0.028385416666666666 0.038425925925925926
1 0.275 0.12129629629629629 0.025520833333333333 0.032407407407407406
1 0.5196614583333333 0.1962962962962963 0.023177083333333334 0.032407407407407406
1 0.570703125 0.2969907407407407 0.020052083333333335 0.034722222222222224
1 0.6110677083333333 0.22083333333333333 0.01796875 0.02962962962962963
3 0.33567708333333335 0.20416666666666666 0.057291666666666664 0.053703703703703705
3 0.8854166666666666 0.39791666666666664 0.03854166666666667 0.047685185185185185
3 0.6821614583333333 0.4622685185185185 0.05026041666666667 0.05416666666666667
3 0.7024739583333334 0.5261574074074075 0.04921875 0.06712962962962964
1 0.43854166666666666 0.1076388888888889 0.0234375 0.033796296296296297
1 0.9447916666666667 0.2824074074074074 0.024479166666666666 0.040740740740740744
1 0.9486979166666667 0.25092592592592594 0.024479166666666666 0.040740740740740744
1 0.8604166666666667 0.2101851851851852 0.024479166666666666 0.040740740740740744
1 0.84921875 0.1837962962962963 0.024479166666666666 0.040740740740740744
1 0.7690104166666667 0.21342592592592594 0.024479166666666666 0.040740740740740744
1 0.7291666666666666 0.21481481481481482 0.024479166666666666 0.040740740740740744
1 0.6799479166666667 0.21805555555555556 0.024479166666666666 0.040740740740740744
1 0.6015625 0.19444444444444445 0.024479166666666666 0.040740740740740744
1 0.8049479166666667 0.22453703703703703 0.024479166666666666 0.040740740740740744
1 0.6684895833333333 0.1699074074074074 0.024479166666666666 0.040740740740740744