0 0.6597222222222222 0.8716049382716049 0.09444444444444444 0.10864197530864197
1 0.32083333333333336 0.6172839506172839 0.058333333333333334 0.1037037037037037
1 0.31527777777777777 0.4703703703703704 0.058333333333333334 0.10123456790123457
1 0.20555555555555555 0.7432098765432099 0.07777777777777778 0.12345679012345678
1 0.11805555555555555 0.7271604938271605 0.08611111111111111 0.1308641975308642
1 0.49930555555555556 0.6469135802469136 0.07361111111111111 0.12839506172839507
1 0.37916666666666665 0.5691358024691358 0.05277777777777778 0.0962962962962963
1 0.16944444444444445 0.3148148148148148 0.06666666666666667 0.08148148148148149
1 0.22777777777777777 0.8765432098765432 0.08055555555555556 0.14814814814814814
1 0.2972222222222222 0.7703703703703704 0.07777777777777778 0.1382716049382716
1 0.7305555555555555 0.3567901234567901 0.044444444444444446 0.09135802469135802
1 0.025694444444444443 0.6876543209876543 0.05138888888888889 0.13580246913580246
1 0.7138888888888889 0.18024691358024691 0.06111111111111111 0.12345679012345678
3 0.05416666666666667 0.808641975308642 0.075 0.09135802469135802