0 0.8462239583333333 0.45208333333333334 0.05390625 0.11435185185185186
1 0.391796875 0.13287037037037036 0.08307291666666666 0.12685185185185185
1 0.5579427083333334 0.27175925925925926 0.06432291666666666 0.14166666666666666
1 0.22005208333333334 0.053703703703703705 0.12760416666666666 0.1037037037037037
1 0.7953125 0.18981481481481483 0.033854166666666664 0.05462962962962963
1 0.712890625 0.29583333333333334 0.04869791666666667 0.06759259259259259
3 0.6364583333333333 0.5831018518518518 0.05 0.056018518518518516
3 0.8856770833333333 0.33564814814814814 0.04791666666666667 0.04259259259259259
3 0.6110677083333333 0.18541666666666667 0.03463541666666667 0.038425925925925926
3 0.6561197916666667 0.37916666666666665 0.05130208333333333 0.06944444444444445
3 0.32109375 0.053703703703703705 0.06666666666666667 0.05925925925925926