0 0.20416666666666666 0.7876543209876543 0.07777777777777778 0.3111111111111111
0 0.5611111111111111 0.2271604938271605 0.1388888888888889 0.11851851851851852
0 0.5486111111111112 0.6876543209876543 0.07777777777777778 0.15555555555555556
1 0.7930555555555555 0.5740740740740741 0.10833333333333334 0.20493827160493827
1 0.05138888888888889 0.16790123456790124 0.1 0.21728395061728395
1 0.9666666666666667 0.43703703703703706 0.06666666666666667 0.21728395061728395
1 0.49375 0.8641975308641975 0.14305555555555555 0.2617283950617284
1 0.12291666666666666 0.845679012345679 0.12361111111111112 0.20987654320987653
1 0.8527777777777777 0.8061728395061728 0.16111111111111112 0.2641975308641975
1 0.9215277777777777 0.1506172839506173 0.14583333333333334 0.23209876543209876
1 0.6555555555555556 0.3234567901234568 0.13333333333333333 0.2123456790123457
1 0.45069444444444445 0.5580246913580247 0.14305555555555555 0.2222222222222222
1 0.15555555555555556 0.3506172839506173 0.09166666666666666 0.14814814814814814
1 0.24375 0.12962962962962962 0.12083333333333333 0.17037037037037037
1 0.6243055555555556 0.7246913580246913 0.11527777777777778 0.1308641975308642
3 0.7986111111111112 0.22839506172839505 0.10833333333333334 0.19012345679012346
3 0.23402777777777778 0.582716049382716 0.09861111111111111 0.17777777777777778
3 0.9083333333333333 0.35802469135802467 0.1111111111111111 0.15308641975308643
3 0.5902777777777778 0.8320987654320988 0.08333333333333333 0.16296296296296298
3 0.07847222222222222 0.6197530864197531 0.0875 0.14320987654320988
3 0.14375 0.7185185185185186 0.0875 0.14320987654320988