0 0.06875 0.7972222222222223 0.134375 0.0962962962962963
1 0.32135416666666666 0.5578703703703703 0.053125 0.08055555555555556
1 0.25442708333333336 0.6 0.049479166666666664 0.09259259259259259
1 0.12135416666666667 0.41898148148148145 0.04479166666666667 0.06944444444444445
1 0.5307291666666667 0.8601851851851852 0.04583333333333333 0.07592592592592592
1 0.8963541666666667 0.9388888888888889 0.05416666666666667 0.07962962962962963
1 0.26875 0.7055555555555556 0.041666666666666664 0.06666666666666667
1 0.6151041666666667 0.5643518518518519 0.034375 0.058333333333333334
1 0.7208333333333333 0.8041666666666667 0.03854166666666667 0.06018518518518518
1 0.07057291666666667 0.16944444444444445 0.04114583333333333 0.06481481481481481
1 0.9744791666666667 0.7847222222222222 0.041666666666666664 0.06574074074074074
3 0.33125 0.6592592592592592 0.041666666666666664 0.06296296296296296