1 0.37981770833333334 0.325 0.046614583333333334 0.06944444444444445
1 0.8178385416666667 0.055324074074074074 0.06901041666666667 0.09861111111111111
1 0.71796875 0.19675925925925927 0.04635416666666667 0.06666666666666667
1 0.5993489583333333 0.22083333333333333 0.04348958333333333 0.07592592592592592
1 0.5553385416666666 0.31342592592592594 0.04088541666666667 0.075
1 0.6200520833333333 0.5752314814814815 0.04479166666666667 0.09305555555555556
1 0.710546875 0.42476851851851855 0.06848958333333334 0.12453703703703704
1 0.755078125 0.8511574074074074 0.08151041666666667 0.1587962962962963
1 0.8388020833333333 0.7898148148148149 0.10364583333333334 0.15648148148148147
1 0.9509114583333333 0.9516203703703704 0.09713541666666667 0.09768518518518518
3 0.9756510416666667 0.3296296296296296 0.04869791666666667 0.11018518518518519