1 0.34444444444444444 0.5296296296296297 0.05555555555555555 0.09135802469135802
1 0.10486111111111111 0.4666666666666667 0.09027777777777778 0.14814814814814814
1 0.4666666666666667 0.808641975308642 0.08055555555555556 0.145679012345679
1 0.53125 0.8765432098765432 0.07916666666666666 0.13333333333333333
1 0.4340277777777778 0.6518518518518519 0.06805555555555555 0.09876543209876543
1 0.20833333333333334 0.6382716049382716 0.125 0.2
1 0.3951388888888889 0.8802469135802469 0.09583333333333334 0.17530864197530865
1 0.2361111111111111 0.43333333333333335 0.058333333333333334 0.0962962962962963
1 0.03958333333333333 0.2876543209876543 0.07361111111111111 0.1111111111111111
1 0.4354166666666667 0.9641975308641976 0.09861111111111111 0.06666666666666667
1 0.2965277777777778 0.4123456790123457 0.04583333333333333 0.07407407407407407