0 0.15442708333333333 0.4986111111111111 0.13697916666666668 0.09166666666666666
0 0.60546875 0.28935185185185186 0.06822916666666666 0.12314814814814815
0 0.41354166666666664 0.29444444444444445 0.090625 0.12037037037037036
1 0.5140625 0.6990740740740741 0.05 0.08518518518518518
1 0.36770833333333336 0.43842592592592594 0.04583333333333333 0.07685185185185185
1 0.546875 0.16342592592592592 0.03958333333333333 0.06388888888888888
1 0.58359375 0.45555555555555555 0.04739583333333333 0.08148148148148149
1 0.7822916666666667 0.30462962962962964 0.041666666666666664 0.06296296296296296
1 0.7171875 0.21851851851851853 0.03229166666666667 0.05185185185185185
1 0.47213541666666664 0.3 0.0421875 0.06666666666666667
3 0.49453125 0.2763888888888889 0.04739583333333333 0.075
3 0.29348958333333336 0.03796296296296296 0.0640625 0.06666666666666667
3 0.8177083333333334 0.2800925925925926 0.04375 0.06388888888888888