1 0.9692708333333333 0.5013888888888889 0.059375 0.10277777777777777
1 0.3299479166666667 0.8550925925925926 0.04739583333333333 0.0787037037037037
1 0.2559895833333333 0.9087962962962963 0.034895833333333334 0.06018518518518518
1 0.48385416666666664 0.7143518518518519 0.03958333333333333 0.0712962962962963
1 0.5731770833333333 0.7810185185185186 0.0359375 0.062037037037037036
1 0.6611979166666667 0.6550925925925926 0.033854166666666664 0.05277777777777778
1 0.5236979166666667 0.6782407407407407 0.03177083333333333 0.06018518518518518
1 0.203125 0.9643518518518519 0.040625 0.0712962962962963
1 0.26875 0.5925925925925926 0.023958333333333335 0.05555555555555555
1 0.8083333333333333 0.9638888888888889 0.08958333333333333 0.06851851851851852
1 0.5651041666666666 0.6949074074074074 0.03229166666666667 0.05092592592592592
1 0.43854166666666666 0.9532407407407407 0.04791666666666667 0.08425925925925926
1 0.16614583333333333 0.9064814814814814 0.04583333333333333 0.07407407407407407
1 0.3328125 0.5222222222222223 0.03229166666666667 0.05
1 0.2916666666666667 0.6083333333333333 0.023958333333333335 0.05555555555555555
1 0.3828125 0.48935185185185187 0.021875 0.032407407407407406
1 0.40520833333333334 0.5013888888888889 0.021875 0.032407407407407406
1 0.4552083333333333 0.5041666666666667 0.021875 0.032407407407407406
1 0.5151041666666667 0.5263888888888889 0.021875 0.032407407407407406
1 0.3072916666666667 0.9634259259259259 0.027083333333333334 0.04351851851851852