1 0.3770833333333333 0.8271604938271605 0.05694444444444444 0.09876543209876543
1 0.6909722222222222 0.9135802469135802 0.04583333333333333 0.08395061728395062
1 0.23472222222222222 0.5172839506172839 0.06388888888888888 0.1111111111111111
1 0.7013888888888888 0.808641975308642 0.044444444444444446 0.08641975308641975
1 0.46111111111111114 0.2802469135802469 0.044444444444444446 0.08641975308641975
1 0.37569444444444444 0.3530864197530864 0.043055555555555555 0.06419753086419754
1 0.7319444444444444 0.9604938271604938 0.041666666666666664 0.07407407407407407
1 0.8472222222222222 0.6172839506172839 0.041666666666666664 0.0691358024691358
1 0.7006944444444444 0.5098765432098765 0.034722222222222224 0.06172839506172839
1 0.49444444444444446 0.4222222222222222 0.041666666666666664 0.07407407407407407
3 0.3145833333333333 0.6604938271604939 0.04861111111111111 0.08148148148148149