1 0.08098958333333334 0.6518518518518519 0.07552083333333333 0.10833333333333334
1 0.03502604166666667 0.5659722222222222 0.05755208333333333 0.08009259259259259
1 0.6123697916666667 0.43449074074074073 0.026302083333333334 0.04861111111111111
1 0.169140625 0.8456018518518519 0.06067708333333333 0.09861111111111111
1 0.19401041666666666 0.46041666666666664 0.05 0.07453703703703704
1 0.5010416666666667 0.27037037037037037 0.025 0.041666666666666664
1 0.5196614583333333 0.5400462962962963 0.04088541666666667 0.07175925925925926
1 0.457421875 0.13842592592592592 0.02578125 0.03981481481481482
1 0.3971354166666667 0.1111111111111111 0.0296875 0.04722222222222222
1 0.027734375 0.42800925925925926 0.054427083333333334 0.11712962962962963
1 0.49908854166666666 0.19050925925925927 0.027864583333333335 0.04398148148148148
1 0.264453125 0.19837962962962963 0.05026041666666667 0.0587962962962963
1 0.4016927083333333 0.3990740740740741 0.03463541666666667 0.05277777777777778
1 0.4348958333333333 0.6548611111111111 0.05625 0.06342592592592593
1 0.025520833333333333 0.2875 0.05 0.07314814814814814
1 0.6369791666666667 0.3951388888888889 0.0296875 0.03935185185185185
1 0.358203125 0.06388888888888888 0.028385416666666666 0.040740740740740744
1 0.019140625 0.2076388888888889 0.037760416666666664 0.10601851851851851
1 0.2984375 0.1909722222222222 0.035416666666666666 0.0587962962962963
1 0.6088541666666667 0.24444444444444444 0.019270833333333334 0.025925925925925925
1 0.28684895833333335 0.4270833333333333 0.03984375 0.0625
3 0.3328125 0.32037037037037036 0.05677083333333333 0.046296296296296294
3 0.36432291666666666 0.5034722222222222 0.03697916666666667 0.050462962962962966
3 0.44036458333333334 0.37060185185185185 0.028645833333333332 0.034722222222222224
1 0.6143229166666667 0.2222222222222222 0.019270833333333334 0.025925925925925925
1 0.6233072916666667 0.300462962962963 0.01796875 0.024074074074074074
1 0.6424479166666667 0.2962962962962963 0.019270833333333334 0.025925925925925925
1 0.634765625 0.2793981481481482 0.013802083333333333 0.022685185185185187
1 0.6684895833333333 0.2902777777777778 0.019270833333333334 0.025925925925925925
1 0.6838541666666667 0.23703703703703705 0.019270833333333334 0.025925925925925925
1 0.71484375 0.2518518518518518 0.019270833333333334 0.025925925925925925
1 0.7151041666666667 0.38472222222222224 0.019270833333333334 0.025925925925925925
1 0.6807291666666667 0.42592592592592593 0.019270833333333334 0.025925925925925925
1 0.7005208333333334 0.4310185185185185 0.019270833333333334 0.025925925925925925
1 0.7265625 0.46064814814814814 0.019270833333333334 0.025925925925925925
1 0.7669270833333334 0.43148148148148147 0.019270833333333334 0.025925925925925925
1 0.7740885416666666 0.4166666666666667 0.019010416666666665 0.024074074074074074
1 0.633203125 0.4474537037037037 0.026302083333333334 0.04861111111111111
1 0.5165364583333333 0.13240740740740742 0.02578125 0.03981481481481482
1 0.5248697916666667 0.17199074074074075 0.020052083333333335 0.02638888888888889
1 0.54765625 0.15601851851851853 0.021354166666666667 0.028703703703703703
1 0.56484375 0.2037037037037037 0.021354166666666667 0.028703703703703703
1 0.5838541666666667 0.19398148148148148 0.021354166666666667 0.028703703703703703
1 0.4234375 0.10462962962962963 0.021354166666666667 0.028703703703703703
1 0.45416666666666666 0.11064814814814815 0.021354166666666667 0.028703703703703703
1 0.40859375 0.04351851851851852 0.021354166666666667 0.028703703703703703
1 0.41458333333333336 0.06342592592592593 0.021354166666666667 0.028703703703703703
1 0.5614583333333333 0.09259259259259259 0.021354166666666667 0.028703703703703703
1 0.5205729166666667 0.03657407407407407 0.021354166666666667 0.028703703703703703