0 0.40598958333333335 0.8356481481481481 0.1296875 0.09722222222222222
0 0.19765625 0.46296296296296297 0.08072916666666667 0.07407407407407407
1 0.6200520833333333 0.887962962962963 0.0484375 0.07407407407407407
1 0.4265625 0.6296296296296297 0.0375 0.06296296296296296
1 0.3380208333333333 0.45925925925925926 0.03229166666666667 0.053703703703703705
1 0.48671875 0.512962962962963 0.03697916666666667 0.06481481481481481
1 0.475 0.34953703703703703 0.03125 0.05092592592592592
1 0.6481770833333333 0.4666666666666667 0.033854166666666664 0.053703703703703705
1 0.41380208333333335 0.4046296296296296 0.0390625 0.05555555555555555
1 0.21223958333333334 0.1574074074074074 0.03177083333333333 0.05185185185185185
1 0.6028645833333334 0.4078703703703704 0.0265625 0.04351851851851852
1 0.9536458333333333 0.825462962962963 0.05416666666666667 0.06944444444444445
3 0.19114583333333332 0.1814814814814815 0.057291666666666664 0.07222222222222222