0 0.4652777777777778 0.37777777777777777 0.16666666666666666 0.24691358024691357
0 0.7395833333333334 0.7506172839506173 0.2847222222222222 0.3308641975308642
1 0.36875 0.2802469135802469 0.14305555555555555 0.2641975308641975
1 0.21666666666666667 0.8864197530864197 0.16111111111111112 0.21728395061728395
2 0.9041666666666667 0.6530864197530865 0.19444444444444445 0.30864197530864196
3 0.8770833333333333 0.40617283950617283 0.2263888888888889 0.3037037037037037
3 0.09583333333333334 0.5222222222222223 0.18888888888888888 0.2740740740740741
3 0.7173611111111111 0.554320987654321 0.14305555555555555 0.23950617283950618
3 0.5847222222222223 0.26049382716049385 0.1 0.18518518518518517
3 0.5298611111111111 0.15432098765432098 0.10694444444444444 0.19506172839506172
3 0.45 0.6049382716049383 0.11944444444444445 0.23703703703703705