1 0.7631944444444444 0.3506172839506173 0.05416666666666667 0.08888888888888889
1 0.3597222222222222 0.5456790123456791 0.05555555555555555 0.07901234567901234
1 0.8111111111111111 0.42345679012345677 0.05277777777777778 0.08641975308641975
1 0.85 0.8024691358024691 0.09166666666666666 0.12345679012345678
1 0.11388888888888889 0.18765432098765433 0.05277777777777778 0.09876543209876543
1 0.775 0.2851851851851852 0.03611111111111111 0.05185185185185185
1 0.6659722222222222 0.6345679012345679 0.04861111111111111 0.09382716049382717
1 0.3402777777777778 0.7753086419753087 0.07777777777777778 0.16790123456790124
1 0.27569444444444446 0.5506172839506173 0.06805555555555555 0.09382716049382717
1 0.1597222222222222 0.29012345679012347 0.05 0.07654320987654321
1 0.5722222222222222 0.5950617283950618 0.05555555555555555 0.08888888888888889
1 0.5611111111111111 0.05555555555555555 0.044444444444444446 0.07160493827160494
1 0.8923611111111112 0.18024691358024691 0.04583333333333333 0.08395061728395062
1 0.4527777777777778 0.28888888888888886 0.04722222222222222 0.07901234567901234
1 0.34652777777777777 0.0345679012345679 0.04583333333333333 0.06419753086419754
1 0.6652777777777777 0.04567901234567901 0.03611111111111111 0.07160493827160494
1 0.4979166666666667 0.04938271604938271 0.04861111111111111 0.08395061728395062
3 0.26458333333333334 0.12962962962962962 0.05416666666666667 0.08148148148148149
1 0.79375 0.24938271604938272 0.029166666666666667 0.06419753086419754