0 0.5069444444444444 0.2679012345679012 0.14722222222222223 0.5209876543209877
0 0.3972222222222222 0.07530864197530865 0.14444444444444443 0.145679012345679
0 0.6854166666666667 0.07407407407407407 0.20694444444444443 0.14320987654320988
0 0.1125 0.9197530864197531 0.21666666666666667 0.15555555555555556
0 0.5298611111111111 0.07530864197530865 0.14027777777777778 0.145679012345679
1 0.6458333333333334 0.762962962962963 0.3 0.44938271604938274
1 0.33819444444444446 0.7641975308641975 0.3402777777777778 0.47160493827160493
1 0.9284722222222223 0.5049382716049383 0.14583333333333334 0.5407407407407407
1 0.6291666666666667 0.20864197530864198 0.2111111111111111 0.362962962962963
2 0.2791666666666667 0.25679012345679014 0.15833333333333333 0.2123456790123457
2 0.23055555555555557 0.4839506172839506 0.2 0.3358024691358025
0 0.9243055555555556 0.29259259259259257 0.15416666666666667 0.14074074074074075