0 0.9361111111111111 0.508641975308642 0.11388888888888889 0.11851851851851852
1 0.3951388888888889 0.6839506172839506 0.09305555555555556 0.16296296296296298
1 0.2520833333333333 0.19876543209876543 0.08472222222222223 0.1259259259259259
1 0.5625 0.5753086419753086 0.08611111111111111 0.17777777777777778
1 0.9673611111111111 0.7012345679012346 0.06527777777777778 0.17777777777777778
1 0.5659722222222222 0.16666666666666666 0.05416666666666667 0.09135802469135802
1 0.5208333333333334 0.828395061728395 0.075 0.16049382716049382
1 0.45069444444444445 0.40987654320987654 0.06527777777777778 0.14814814814814814
1 0.1486111111111111 0.9481481481481482 0.13055555555555556 0.1037037037037037
1 0.5333333333333333 0.2876543209876543 0.06944444444444445 0.10617283950617284
1 0.4895833333333333 0.254320987654321 0.0625 0.11358024691358025
3 0.11527777777777778 0.3172839506172839 0.08333333333333333 0.08148148148148149
0 0.7138888888888889 0.45308641975308644 0.06666666666666667 0.07654320987654321