0 0.32708333333333334 0.6777777777777778 0.22083333333333333 0.15555555555555556
0 0.39375 0.5555555555555556 0.13472222222222222 0.12839506172839507
0 0.47847222222222224 0.6493827160493827 0.10138888888888889 0.291358024691358
0 0.1527777777777778 0.8716049382716049 0.11944444444444445 0.23209876543209876
0 0.47291666666666665 0.2962962962962963 0.1125 0.12839506172839507
0 0.5868055555555556 0.3814814814814815 0.09583333333333334 0.09135802469135802
0 0.71875 0.8827160493827161 0.18194444444444444 0.2345679012345679
0 0.5819444444444445 0.9407407407407408 0.14166666666666666 0.11851851851851852
0 0.35694444444444445 0.3925925925925926 0.1388888888888889 0.11358024691358025
0 0.3888888888888889 0.42592592592592593 0.09722222222222222 0.08148148148148149
0 0.6402777777777777 0.8679012345679012 0.12222222222222222 0.24444444444444444
0 0.5125 0.2777777777777778 0.06111111111111111 0.1654320987654321
0 0.3638888888888889 0.508641975308642 0.09722222222222222 0.12839506172839507
0 0.22083333333333333 0.7185185185185186 0.14166666666666666 0.2271604938271605
0 0.7847222222222222 0.5432098765432098 0.14444444444444443 0.1728395061728395
0 0.25972222222222224 0.9703703703703703 0.10833333333333334 0.06419753086419754
1 0.9569444444444445 0.408641975308642 0.08333333333333333 0.13580246913580246
1 0.5736111111111111 0.25679012345679014 0.08055555555555556 0.12345679012345678
1 0.4152777777777778 0.8950617283950617 0.11666666666666667 0.2
1 0.49722222222222223 0.445679012345679 0.09722222222222222 0.1506172839506173
1 0.6923611111111111 0.6209876543209877 0.10972222222222222 0.18024691358024691
1 0.6576388888888889 0.5296296296296297 0.10972222222222222 0.15555555555555556
1 0.4326388888888889 0.5061728395061729 0.0763888888888889 0.08395061728395062
1 0.7909722222222222 0.6950617283950618 0.13472222222222222 0.22962962962962963
1 0.7805555555555556 0.5382716049382716 0.1527777777777778 0.17777777777777778
2 0.23680555555555555 0.8123456790123457 0.12638888888888888 0.16296296296296298
2 0.5736111111111111 0.5975308641975309 0.09722222222222222 0.16296296296296298
2 0.6465277777777778 0.41975308641975306 0.09583333333333334 0.12839506172839507
2 0.8194444444444444 0.04567901234567901 0.09166666666666666 0.08641975308641975
2 0.65625 0.254320987654321 0.08194444444444444 0.1037037037037037
2 0.5423611111111111 0.18765432098765433 0.06527777777777778 0.07407407407407407
2 0.9555555555555556 0.5358024691358024 0.08611111111111111 0.1728395061728395
2 0.8965277777777778 0.6407407407407407 0.11527777777777778 0.18518518518518517
2 0.3875 0.19135802469135801 0.06944444444444445 0.10617283950617284
2 0.7701388888888889 0.41728395061728396 0.08194444444444444 0.14320987654320988
2 0.45 0.17777777777777778 0.06944444444444445 0.09382716049382717
2 0.49375 0.10246913580246914 0.06805555555555555 0.0962962962962963
2 0.7180555555555556 0.3419753086419753 0.12222222222222222 0.18518518518518517
2 0.4708333333333333 0.3592592592592593 0.06666666666666667 0.09135802469135802
2 0.5222222222222223 0.7012345679012346 0.07777777777777778 0.18765432098765433
2 0.6965277777777777 0.03333333333333333 0.0763888888888889 0.06172839506172839
2 0.9784722222222222 0.5333333333333333 0.04583333333333333 0.16790123456790124
2 0.9527777777777777 0.7320987654320987 0.09444444444444444 0.18024691358024691
2 0.575 0.45925925925925926 0.07777777777777778 0.11358024691358025
2 0.10069444444444445 0.4703703703703704 0.10138888888888889 0.1308641975308642
2 0.8506944444444444 0.6728395061728395 0.07083333333333333 0.19506172839506172
2 0.4041666666666667 0.3333333333333333 0.08055555555555556 0.10864197530864197
2 0.2125 0.37777777777777777 0.08333333333333333 0.12345679012345678
3 0.9048611111111111 0.8814814814814815 0.19305555555555556 0.2419753086419753
3 0.8597222222222223 0.39382716049382716 0.1361111111111111 0.19012345679012346