1 0.5847222222222223 0.6098765432098765 0.08333333333333333 0.14320987654320988
1 0.5027777777777778 0.7604938271604939 0.09444444444444444 0.15308641975308643
1 0.5833333333333334 0.3506172839506173 0.05555555555555555 0.09876543209876543
1 0.31666666666666665 0.6370370370370371 0.12777777777777777 0.2074074074074074
1 0.6805555555555556 0.5925925925925926 0.06388888888888888 0.11358024691358025
1 0.3972222222222222 0.7333333333333333 0.11388888888888889 0.18765432098765433
1 0.7701388888888889 0.3765432098765432 0.04861111111111111 0.08148148148148149
1 0.7493055555555556 0.7641975308641975 0.05138888888888889 0.11604938271604938
1 0.7548611111111111 0.6753086419753086 0.043055555555555555 0.08641975308641975
1 0.5541666666666667 0.454320987654321 0.06111111111111111 0.12345679012345678
3 0.22361111111111112 0.337037037037037 0.12777777777777777 0.08148148148148149
3 0.5645833333333333 0.9506172839506173 0.09305555555555556 0.09876543209876543
3 0.6513888888888889 0.6567901234567901 0.058333333333333334 0.07901234567901234