0 0.8368055555555556 0.7333333333333333 0.07083333333333333 0.16790123456790124
0 0.4423611111111111 0.8320987654320988 0.11805555555555555 0.16790123456790124
0 0.8902777777777777 0.8135802469135802 0.06388888888888888 0.15555555555555556
0 0.3645833333333333 0.254320987654321 0.07361111111111111 0.2518518518518518
0 0.475 0.7604938271604939 0.09722222222222222 0.24691358024691357
1 0.6381944444444444 0.5654320987654321 0.09027777777777778 0.17777777777777778
1 0.95 0.9037037037037037 0.09722222222222222 0.18765432098765433
1 0.35833333333333334 0.03950617283950617 0.05 0.0691358024691358
1 0.8381944444444445 0.12839506172839507 0.06527777777777778 0.11358024691358025
1 0.6152777777777778 0.12345679012345678 0.05277777777777778 0.0691358024691358
1 0.5791666666666667 0.3395061728395062 0.058333333333333334 0.09135802469135802
3 0.42986111111111114 0.645679012345679 0.0763888888888889 0.1259259259259259
3 0.5388888888888889 0.4802469135802469 0.06944444444444445 0.10123456790123457
3 0.38958333333333334 0.9481481481481482 0.06805555555555555 0.1037037037037037