1 0.8326388888888889 0.5259259259259259 0.10694444444444444 0.16296296296296298
1 0.48819444444444443 0.774074074074074 0.05416666666666667 0.10617283950617284
1 0.5479166666666667 0.4506172839506173 0.04583333333333333 0.08641975308641975
1 0.5263888888888889 0.5444444444444444 0.04722222222222222 0.09135802469135802
1 0.47291666666666665 0.49135802469135803 0.05138888888888889 0.08395061728395062
1 0.6361111111111111 0.8925925925925926 0.06944444444444445 0.12098765432098765
1 0.6611111111111111 0.44814814814814813 0.06388888888888888 0.1259259259259259
1 0.5875 0.7925925925925926 0.06388888888888888 0.11358024691358025
1 0.4701388888888889 0.9641975308641976 0.05138888888888889 0.07160493827160494
1 0.41458333333333336 0.7506172839506173 0.04027777777777778 0.07901234567901234
1 0.3854166666666667 0.7567901234567901 0.043055555555555555 0.07654320987654321
1 0.6354166666666666 0.04567901234567901 0.04861111111111111 0.08641975308641975
3 0.7784722222222222 0.8864197530864197 0.09305555555555556 0.1580246913580247
3 0.7861111111111111 0.6555555555555556 0.07777777777777778 0.1259259259259259
3 0.9430555555555555 0.09876543209876543 0.1111111111111111 0.1728395061728395
3 0.8888888888888888 0.8703703703703703 0.12222222222222222 0.18518518518518517
3 0.7847222222222222 0.32839506172839505 0.06666666666666667 0.11358024691358025
1 0.43333333333333335 0.6876543209876543 0.03611111111111111 0.06666666666666667
1 0.40555555555555556 0.6382716049382716 0.03611111111111111 0.07160493827160494
1 0.42569444444444443 0.9728395061728395 0.04027777777777778 0.05925925925925926