1 0.4 0.18958333333333333 0.03333333333333333 0.050462962962962966
1 0.525390625 0.4428240740740741 0.04453125 0.07731481481481481
1 0.5579427083333334 0.37037037037037035 0.027864583333333335 0.044444444444444446
1 0.79375 0.33402777777777776 0.030729166666666665 0.04583333333333333
1 0.451953125 0.2875 0.028385416666666666 0.04722222222222222
1 0.1375 0.20208333333333334 0.08177083333333333 0.10138888888888889
1 0.5184895833333333 0.32337962962962963 0.03229166666666667 0.05138888888888889
1 0.357421875 0.1261574074074074 0.02421875 0.03564814814814815
1 0.7072916666666667 0.43657407407407406 0.022916666666666665 0.03888888888888889
1 0.057291666666666664 0.8064814814814815 0.11354166666666667 0.24351851851851852
1 0.28372395833333336 0.09861111111111111 0.02890625 0.041666666666666664
1 0.4298177083333333 0.6546296296296297 0.05859375 0.06111111111111111
1 0.41380208333333335 0.09259259259259259 0.024479166666666666 0.037037037037037035
1 0.821875 0.49907407407407406 0.027083333333333334 0.04537037037037037
1 0.5338541666666666 0.30069444444444443 0.026041666666666668 0.04953703703703704
1 0.24973958333333332 0.10532407407407407 0.025 0.03657407407407407
1 0.48997395833333335 0.1886574074074074 0.023177083333333334 0.033796296296296297
3 0.30625 0.2025462962962963 0.05520833333333333 0.0587962962962963
3 0.6322916666666667 0.46574074074074073 0.044270833333333336 0.05092592592592592
3 0.82890625 0.40625 0.03697916666666667 0.04583333333333333
3 0.6450520833333333 0.5296296296296297 0.0453125 0.06574074074074074
1 0.8930989583333333 0.29467592592592595 0.02109375 0.034722222222222224
1 0.8985677083333333 0.27152777777777776 0.02109375 0.034722222222222224
1 0.8389322916666667 0.3104166666666667 0.02109375 0.034722222222222224
1 0.7649739583333334 0.23449074074074075 0.02109375 0.034722222222222224
1 0.8108072916666667 0.1886574074074074 0.02109375 0.034722222222222224
1 0.8154947916666667 0.21319444444444444 0.02109375 0.034722222222222224
1 0.696484375 0.2136574074074074 0.02109375 0.034722222222222224
1 0.644140625 0.21458333333333332 0.02109375 0.034722222222222224
1 0.5821614583333333 0.2224537037037037 0.02109375 0.034722222222222224
1 0.5678385416666667 0.18912037037037038 0.02109375 0.034722222222222224
1 0.637890625 0.16273148148148148 0.02109375 0.034722222222222224
1 0.746484375 0.16273148148148148 0.02109375 0.034722222222222224
1 0.7649739583333334 0.14421296296296296 0.02109375 0.034722222222222224
1 0.4451822916666667 0.1622685185185185 0.02109375 0.034722222222222224