0 0.08333333333333333 0.2345679012345679 0.11944444444444445 0.2222222222222222
0 0.1875 0.9444444444444444 0.14722222222222223 0.1111111111111111
1 0.4597222222222222 0.5925925925925926 0.11388888888888889 0.20246913580246914
1 0.42569444444444443 0.8037037037037037 0.10138888888888889 0.18024691358024691
1 0.16666666666666666 0.7765432098765432 0.10833333333333334 0.20493827160493827
1 0.13958333333333334 0.5395061728395062 0.1486111111111111 0.24938271604938272
1 0.5451388888888888 0.8703703703703703 0.14305555555555555 0.24938271604938272
1 0.43472222222222223 0.9481481481481482 0.125 0.1037037037037037
1 0.04791666666666667 0.6506172839506172 0.09583333333333334 0.3234567901234568
1 0.9840277777777777 0.2308641975308642 0.03194444444444444 0.1259259259259259
3 0.7701388888888889 0.645679012345679 0.09027777777777778 0.19012345679012346
3 0.33402777777777776 0.7271604938271605 0.14027777777777778 0.2691358024691358