1 0.1859375 0.3854166666666667 0.05520833333333333 0.08194444444444444
1 0.49557291666666664 0.2791666666666667 0.03854166666666667 0.05740740740740741
1 0.14153645833333334 0.6541666666666667 0.05807291666666667 0.0824074074074074
1 0.5588541666666667 0.3335648148148148 0.030208333333333334 0.050462962962962966
1 0.027083333333333334 0.15625 0.0515625 0.07824074074074074
1 0.35768229166666665 0.06388888888888888 0.03723958333333333 0.05555555555555555
1 0.6296875 0.16805555555555557 0.03125 0.05277777777777778
1 0.5859375 0.15694444444444444 0.021354166666666667 0.037037037037037035
1 0.40546875 0.31504629629629627 0.043229166666666666 0.06898148148148148
1 0.736328125 0.38796296296296295 0.02890625 0.05555555555555555
1 0.6209635416666667 0.3560185185185185 0.03463541666666667 0.05277777777777778
1 0.5654947916666667 0.07916666666666666 0.02890625 0.04814814814814815
1 0.539453125 0.15810185185185185 0.029427083333333333 0.04490740740740741
1 0.652734375 0.4083333333333333 0.027864583333333335 0.04814814814814815
1 0.6583333333333333 0.30162037037037037 0.033854166666666664 0.0587962962962963
1 0.42877604166666666 0.33101851851851855 0.04296875 0.06481481481481481
1 0.5125 0.018518518518518517 0.028645833333333332 0.03611111111111111
1 0.5658854166666667 0.020370370370370372 0.029166666666666667 0.03981481481481482
3 0.144921875 0.15162037037037038 0.03619791666666667 0.04398148148148148
1 0.715625 0.24861111111111112 0.01875 0.03796296296296296
1 0.7294270833333333 0.2273148148148148 0.01875 0.03796296296296296
1 0.765625 0.1814814814814815 0.01875 0.03796296296296296
1 0.7661458333333333 0.14305555555555555 0.01875 0.03796296296296296
1 0.8268229166666666 0.1837962962962963 0.01875 0.03796296296296296
1 0.8440104166666667 0.25277777777777777 0.01875 0.03796296296296296
1 0.8520833333333333 0.32685185185185184 0.01875 0.03796296296296296
1 0.8372395833333334 0.3574074074074074 0.01875 0.03796296296296296
1 0.7578125 0.3736111111111111 0.01875 0.03796296296296296
1 0.80703125 0.29953703703703705 0.01875 0.03796296296296296
1 0.7388020833333333 0.47175925925925927 0.01875 0.03796296296296296
1 0.81953125 0.5356481481481481 0.01875 0.03796296296296296
1 0.8708333333333333 0.4615740740740741 0.01875 0.03796296296296296
1 0.8877604166666667 0.4287037037037037 0.01875 0.03796296296296296
1 0.909375 0.44537037037037036 0.01875 0.03796296296296296
1 0.91953125 0.3435185185185185 0.01875 0.03796296296296296
1 0.9322916666666666 0.37453703703703706 0.01875 0.03796296296296296
1 0.9546875 0.31527777777777777 0.01875 0.03796296296296296
1 0.9377604166666667 0.2916666666666667 0.01875 0.03796296296296296
1 0.9127604166666666 0.2796296296296296 0.01875 0.03796296296296296
1 0.8852864583333333 0.24722222222222223 0.014322916666666666 0.023148148148148147
1 0.8704427083333334 0.21944444444444444 0.01484375 0.03148148148148148
1 0.909375 0.22175925925925927 0.01875 0.03796296296296296
1 0.582421875 0.13773148148148148 0.01953125 0.02638888888888889
1 0.6044270833333333 0.060648148148148145 0.021354166666666667 0.037037037037037035
1 0.71875 0.10787037037037037 0.021354166666666667 0.037037037037037035
1 0.7606770833333333 0.10138888888888889 0.021354166666666667 0.037037037037037035