0 0.8756944444444444 0.2814814814814815 0.06805555555555555 0.12839506172839507
1 0.7951388888888888 0.0654320987654321 0.09861111111111111 0.1259259259259259
1 0.18888888888888888 0.04567901234567901 0.07222222222222222 0.08641975308641975
1 0.9034722222222222 0.5888888888888889 0.10972222222222222 0.17530864197530865
1 0.15416666666666667 0.12469135802469136 0.05277777777777778 0.10123456790123457
1 0.17291666666666666 0.3506172839506173 0.09305555555555556 0.15308641975308643
1 0.5875 0.3 0.08611111111111111 0.145679012345679
1 0.8569444444444444 0.4049382716049383 0.09722222222222222 0.17777777777777778
1 0.33958333333333335 0.5888888888888889 0.07916666666666666 0.1259259259259259
1 0.18333333333333332 0.5037037037037037 0.06388888888888888 0.11851851851851852
1 0.09791666666666667 0.9 0.09305555555555556 0.14074074074074075
3 0.42083333333333334 0.7814814814814814 0.09722222222222222 0.17530864197530865
3 0.7618055555555555 0.9296296296296296 0.0875 0.13580246913580246