0 0.208203125 0.38773148148148145 0.18984375 0.16898148148148148
1 0.38815104166666664 0.3023148148148148 0.08411458333333334 0.10648148148148148
1 0.16184895833333332 0.85625 0.18776041666666668 0.2763888888888889
1 0.031901041666666664 0.3037037037037037 0.06276041666666667 0.14074074074074075
1 0.6873697916666667 0.4358796296296296 0.06536458333333334 0.09953703703703703
1 0.5723958333333333 0.29930555555555555 0.022916666666666665 0.0375
1 0.629296875 0.3236111111111111 0.02421875 0.032407407407407406
3 0.4153645833333333 0.4046296296296296 0.0859375 0.09814814814814815
1 0.5515625 0.30416666666666664 0.022916666666666665 0.03796296296296296
1 0.635546875 0.28379629629629627 0.02421875 0.032407407407407406
1 0.7907552083333333 0.3872685185185185 0.016927083333333332 0.02824074074074074
1 0.8110677083333333 0.4203703703703704 0.016927083333333332 0.027777777777777776
1 0.6779947916666667 0.33194444444444443 0.016927083333333332 0.027777777777777776
1 0.8470052083333334 0.40925925925925927 0.016927083333333332 0.027777777777777776