0 0.14765625 0.8694444444444445 0.13802083333333334 0.25
1 0.5330729166666667 0.40671296296296294 0.06197916666666667 0.08472222222222223
1 0.251171875 0.5418981481481482 0.09765625 0.12824074074074074
1 0.703125 0.36365740740740743 0.027604166666666666 0.04212962962962963
1 0.6270833333333333 0.33611111111111114 0.030208333333333334 0.04814814814814815
1 0.7760416666666666 0.4398148148148148 0.034375 0.05740740740740741
1 0.48828125 0.2585648148148148 0.03333333333333333 0.04861111111111111
1 0.04088541666666667 0.41041666666666665 0.06770833333333333 0.0837962962962963
1 0.7708333333333334 0.22916666666666666 0.027604166666666666 0.04537037037037037
1 0.5821614583333333 0.3298611111111111 0.02421875 0.03564814814814815
1 0.3533854166666667 0.21875 0.0328125 0.050462962962962966
1 0.9484375 0.5215277777777778 0.03802083333333333 0.06527777777777778
1 0.40455729166666665 0.15162037037037038 0.02109375 0.03194444444444444
1 0.4108072916666667 0.20949074074074073 0.023697916666666666 0.033796296296296297
1 0.3333333333333333 0.2523148148148148 0.0234375 0.03796296296296296
1 0.5919270833333333 0.2962962962962963 0.0203125 0.03611111111111111
1 0.9796875 0.5324074074074074 0.030208333333333334 0.05740740740740741
3 0.5022135416666667 0.3189814814814815 0.05286458333333333 0.04537037037037037
3 0.3177083333333333 0.6381944444444444 0.09322916666666667 0.08009259259259259
3 0.8407552083333333 0.45717592592592593 0.04869791666666667 0.050462962962962966
3 0.78828125 0.41087962962962965 0.035416666666666666 0.04583333333333333
1 0.32317708333333334 0.22291666666666668 0.024479166666666666 0.04490740740740741
1 0.5861979166666667 0.2074074074074074 0.0203125 0.03611111111111111
1 0.5075520833333333 0.21342592592592594 0.0203125 0.03611111111111111
1 0.5611979166666666 0.1837962962962963 0.0203125 0.03611111111111111
1 0.47421875 0.19212962962962962 0.0203125 0.03611111111111111
1 0.44973958333333336 0.1736111111111111 0.0203125 0.03611111111111111
1 0.784765625 0.35833333333333334 0.029427083333333333 0.04722222222222222