1 0.36888020833333335 0.9266203703703704 0.10286458333333333 0.14027777777777778
1 0.4591145833333333 0.9298611111111111 0.08072916666666667 0.1310185185185185
1 0.20143229166666668 0.8856481481481482 0.09192708333333334 0.1361111111111111
1 0.15442708333333333 0.7085648148148148 0.0796875 0.08287037037037037
1 0.336328125 0.6111111111111112 0.05807291666666667 0.07592592592592592
1 0.784765625 0.5467592592592593 0.04505208333333333 0.06666666666666667
1 0.4734375 0.2972222222222222 0.051041666666666666 0.06944444444444445
1 0.12890625 0.6891203703703703 0.058854166666666666 0.08935185185185185
3 0.7860677083333333 0.48703703703703705 0.05026041666666667 0.06759259259259259
3 0.15846354166666668 0.8449074074074074 0.10598958333333333 0.125
3 0.540234375 0.6770833333333334 0.03984375 0.059722222222222225