1 0.6713541666666667 0.36944444444444446 0.08229166666666667 0.13518518518518519
1 0.37057291666666664 0.7680555555555556 0.09010416666666667 0.11574074074074074
1 0.8020833333333334 0.6361111111111111 0.096875 0.12222222222222222
1 0.5158854166666667 0.7939814814814815 0.06302083333333333 0.09722222222222222
1 0.1484375 0.1699074074074074 0.07083333333333333 0.09537037037037037
1 0.9395833333333333 0.6 0.07708333333333334 0.09814814814814815
1 0.04635416666666667 0.22870370370370371 0.090625 0.14629629629629629
1 0.9546875 0.0412037037037037 0.090625 0.0787037037037037
3 0.43723958333333335 0.24074074074074073 0.07552083333333333 0.11666666666666667
3 0.26145833333333335 0.2351851851851852 0.09166666666666666 0.12407407407407407
3 0.25026041666666665 0.6791666666666667 0.10989583333333333 0.17685185185185184
3 0.60390625 0.37175925925925923 0.07552083333333333 0.1287037037037037
3 0.32005208333333335 0.5518518518518518 0.1140625 0.16296296296296298
3 0.0625 0.3287037037037037 0.11979166666666667 0.10925925925925926
3 0.21770833333333334 0.4550925925925926 0.10520833333333333 0.13055555555555556
3 0.1359375 0.5157407407407407 0.115625 0.18518518518518517
3 0.95703125 0.33796296296296297 0.08489583333333334 0.13518518518518519
3 0.628125 0.05138888888888889 0.075 0.08981481481481482
3 0.18072916666666666 0.9050925925925926 0.125 0.16944444444444445
3 0.0828125 0.7532407407407408 0.11666666666666667 0.13240740740740742
3 0.959375 0.5444444444444444 0.07916666666666666 0.1388888888888889
3 0.9729166666666667 0.8115740740740741 0.053125 0.14166666666666666
3 0.9143229166666667 0.9212962962962963 0.16927083333333334 0.15
3 0.8979166666666667 0.8958333333333334 0.09479166666666666 0.08425925925925926