0 0.49661458333333336 0.9361111111111111 0.10989583333333333 0.08703703703703704
0 0.9313802083333333 0.3127314814814815 0.12786458333333334 0.12916666666666668
0 0.8994791666666667 0.9150462962962963 0.11197916666666667 0.16712962962962963
0 0.9755208333333333 0.8675925925925926 0.04791666666666667 0.13796296296296295
0 0.75234375 0.9453703703703704 0.06822916666666666 0.10185185185185185
0 0.9372395833333333 0.8993055555555556 0.12135416666666667 0.19583333333333333
1 0.830859375 0.23819444444444443 0.11380208333333333 0.1884259259259259
1 0.676171875 0.5391203703703704 0.10911458333333333 0.18935185185185185
1 0.7798177083333333 0.3675925925925926 0.11328125 0.18518518518518517
1 0.9477864583333333 0.12430555555555556 0.10338541666666666 0.18287037037037038
1 0.7903645833333334 0.5636574074074074 0.1 0.15694444444444444
1 0.88828125 0.4337962962962963 0.11875 0.18333333333333332
1 0.871484375 0.5585648148148148 0.11484375 0.17546296296296296
1 0.7809895833333333 0.8488425925925925 0.10104166666666667 0.14027777777777778
1 0.7377604166666667 0.7039351851851852 0.13020833333333334 0.2125
1 0.9703125 0.33449074074074076 0.058333333333333334 0.1449074074074074
2 0.65 0.20810185185185184 0.06770833333333333 0.0912037037037037
2 0.74765625 0.22199074074074074 0.03854166666666667 0.0412037037037037
2 0.8799479166666667 0.046296296296296294 0.04739583333333333 0.04814814814814815
3 0.38177083333333334 0.5497685185185185 0.08697916666666666 0.18194444444444444
3 0.046875 0.6148148148148148 0.07447916666666667 0.1638888888888889
3 0.444921875 0.39699074074074076 0.10598958333333333 0.12175925925925926