1 0.25390625 0.7851851851851852 0.0546875 0.08518518518518518
1 0.12864583333333332 0.4638888888888889 0.051041666666666666 0.07037037037037037
1 0.05755208333333333 0.7893518518518519 0.05364583333333333 0.075
1 0.3770833333333333 0.5541666666666667 0.04791666666666667 0.08055555555555556
1 0.41875 0.5217592592592593 0.0375 0.06018518518518518
1 0.08854166666666667 0.34074074074074073 0.035416666666666666 0.05185185185185185
1 0.47578125 0.40925925925925927 0.0296875 0.05
1 0.2994791666666667 0.6273148148148148 0.0375 0.06944444444444445
1 0.17395833333333333 0.36944444444444446 0.03125 0.046296296296296294
1 0.7338541666666667 0.7703703703703704 0.03229166666666667 0.04814814814814815
1 0.40859375 0.6351851851851852 0.027604166666666666 0.044444444444444446
1 0.47369791666666666 0.6476851851851851 0.024479166666666666 0.04537037037037037
1 0.30234375 0.5731481481481482 0.03697916666666667 0.06481481481481481
1 0.8190104166666666 0.8342592592592593 0.03177083333333333 0.05555555555555555
1 0.4708333333333333 0.3453703703703704 0.030208333333333334 0.046296296296296294
3 0.22161458333333334 0.6652777777777777 0.06510416666666667 0.08796296296296297
3 0.16171875 0.6875 0.0609375 0.0824074074074074
3 0.03333333333333333 0.9291666666666667 0.06458333333333334 0.12685185185185185
3 0.52265625 0.9666666666666667 0.08177083333333333 0.05740740740740741
3 0.07213541666666666 0.9162037037037037 0.050520833333333334 0.06944444444444445