0 0.02847222222222222 0.6222222222222222 0.05416666666666667 0.16296296296296298
1 0.6951388888888889 0.1308641975308642 0.10416666666666667 0.17777777777777778
1 0.6555555555555556 0.3802469135802469 0.10555555555555556 0.17777777777777778
1 0.5416666666666666 0.1728395061728395 0.09444444444444444 0.16790123456790124
1 0.5131944444444444 0.4 0.1125 0.18271604938271604
1 0.16666666666666666 0.8975308641975308 0.10277777777777777 0.16049382716049382
1 0.9430555555555555 0.4641975308641975 0.1111111111111111 0.2222222222222222
1 0.6194444444444445 0.04938271604938271 0.09444444444444444 0.09382716049382717
1 0.4840277777777778 0.8679012345679012 0.1125 0.21481481481481482
1 0.09861111111111111 0.09135802469135802 0.12222222222222222 0.16296296296296298
1 0.12152777777777778 0.48148148148148145 0.10416666666666667 0.1580246913580247
1 0.12777777777777777 0.28888888888888886 0.125 0.18271604938271604
1 0.9569444444444445 0.9407407407407408 0.08333333333333333 0.11358024691358025
1 0.33402777777777776 0.9395061728395062 0.14027777777777778 0.12098765432098765
3 0.7527777777777778 0.3308641975308642 0.11388888888888889 0.1925925925925926
3 0.8298611111111112 0.3234567901234568 0.0763888888888889 0.1382716049382716
3 0.44583333333333336 0.5148148148148148 0.08611111111111111 0.145679012345679
3 0.5833333333333334 0.6530864197530865 0.08333333333333333 0.1308641975308642
3 0.4513888888888889 0.25555555555555554 0.08055555555555556 0.13580246913580246
3 0.21944444444444444 0.7012345679012346 0.06388888888888888 0.11358024691358025
3 0.9333333333333333 0.17037037037037037 0.10277777777777777 0.14814814814814814