1 0.483984375 0.9696759259259259 0.08776041666666666 0.06157407407407407
1 0.7221354166666667 0.7402777777777778 0.058854166666666666 0.08148148148148149
1 0.35325520833333335 0.7224537037037037 0.053385416666666664 0.09953703703703703
1 0.09479166666666666 0.7398148148148148 0.06666666666666667 0.08888888888888889
1 0.12734375 0.9333333333333333 0.09270833333333334 0.13425925925925927
1 0.20416666666666666 0.8787037037037037 0.07239583333333334 0.125
1 0.372265625 0.5543981481481481 0.03567708333333333 0.04675925925925926
1 0.430078125 0.5513888888888889 0.03046875 0.041666666666666664
1 0.43255208333333334 0.5175925925925926 0.0234375 0.040740740740740744
1 0.7467447916666666 0.3680555555555556 0.02890625 0.049074074074074076
1 0.7873697916666667 0.3590277777777778 0.02890625 0.04212962962962963
3 0.33502604166666666 0.5289351851851852 0.03359375 0.03935185185185185
3 0.58671875 0.5511574074074074 0.04114583333333333 0.05787037037037037
1 0.765234375 0.538425925925926 0.04296875 0.05
1 0.131640625 0.25578703703703703 0.03567708333333333 0.04675925925925926
1 0.2591145833333333 0.15694444444444444 0.029166666666666667 0.053703703703703705
1 0.33828125 0.2152777777777778 0.029166666666666667 0.053703703703703705
1 0.4109375 0.16574074074074074 0.029166666666666667 0.053703703703703705
1 0.8381510416666667 0.5053240740740741 0.03567708333333333 0.056018518518518516
1 0.8079427083333334 0.5043981481481481 0.03567708333333333 0.056018518518518516