0 0.6993055555555555 0.9074074074074074 0.0763888888888889 0.18024691358024691
1 0.33611111111111114 0.1728395061728395 0.06111111111111111 0.09382716049382717
1 0.8597222222222223 0.6493827160493827 0.1111111111111111 0.13333333333333333
1 0.21805555555555556 0.0728395061728395 0.075 0.08641975308641975
1 0.12222222222222222 0.7271604938271605 0.15 0.16049382716049382
1 0.5534722222222223 0.5567901234567901 0.07083333333333333 0.1259259259259259
1 0.38263888888888886 0.27037037037037037 0.059722222222222225 0.0962962962962963
1 0.6840277777777778 0.6185185185185185 0.07083333333333333 0.1111111111111111
1 0.6791666666666667 0.9629629629629629 0.03888888888888889 0.06419753086419754
1 0.03958333333333333 0.1419753086419753 0.07083333333333333 0.08148148148148149
3 0.3194444444444444 0.6839506172839506 0.09166666666666666 0.13333333333333333
3 0.4965277777777778 0.5814814814814815 0.07361111111111111 0.1111111111111111
3 0.7784722222222222 0.5617283950617284 0.07361111111111111 0.09135802469135802
3 0.36666666666666664 0.35555555555555557 0.07222222222222222 0.1037037037037037
3 0.7048611111111112 0.5580246913580247 0.0763888888888889 0.09876543209876543
3 0.06319444444444444 0.04691358024691358 0.11527777777777778 0.08888888888888889
3 0.9770833333333333 0.9148148148148149 0.04861111111111111 0.13580246913580246