1 0.6984375 0.8342592592592593 0.041666666666666664 0.06666666666666667
1 0.9229166666666667 0.9375 0.0625 0.08796296296296297
1 0.5010416666666667 0.8541666666666666 0.03958333333333333 0.06574074074074074
1 0.5669270833333333 0.7856481481481481 0.04010416666666667 0.06944444444444445
1 0.940625 0.8157407407407408 0.05 0.06481481481481481
1 0.30416666666666664 0.7435185185185185 0.040625 0.06111111111111111
1 0.6453125 0.7912037037037037 0.036458333333333336 0.058333333333333334
1 0.40546875 0.7189814814814814 0.03802083333333333 0.05462962962962963
1 0.5515625 0.6782407407407407 0.040625 0.06018518518518518
1 0.6544270833333333 0.6342592592592593 0.034895833333333334 0.05555555555555555
1 0.19375 0.5120370370370371 0.03854166666666667 0.06481481481481481
1 0.39401041666666664 0.5773148148148148 0.03177083333333333 0.04537037037037037
1 0.4630208333333333 0.6990740740740741 0.042708333333333334 0.05740740740740741
1 0.7802083333333333 0.6550925925925926 0.0375 0.04537037037037037
1 0.82890625 0.612037037037037 0.0328125 0.053703703703703705
1 0.8036458333333333 0.6800925925925926 0.03333333333333333 0.05092592592592592
1 0.4875 0.5898148148148148 0.03125 0.04259259259259259
1 0.7552083333333334 0.5861111111111111 0.028125 0.044444444444444446
1 0.8177083333333334 0.5388888888888889 0.028125 0.044444444444444446
1 0.6432291666666666 0.5583333333333333 0.028125 0.044444444444444446
1 0.5901041666666667 0.5138888888888888 0.028125 0.044444444444444446
1 0.26979166666666665 0.4962962962962963 0.03854166666666667 0.06481481481481481
1 0.26979166666666665 0.4212962962962963 0.03854166666666667 0.06481481481481481
1 0.36953125 0.6439814814814815 0.027604166666666666 0.041666666666666664
1 0.4973958333333333 0.5546296296296296 0.03125 0.04259259259259259
1 0.91953125 0.7314814814814815 0.04010416666666667 0.04814814814814815
1 0.9692708333333333 0.6212962962962963 0.05 0.06481481481481481