1 0.18958333333333333 0.4160493827160494 0.05694444444444444 0.08641975308641975
1 0.2125 0.1617283950617284 0.05 0.07160493827160494
1 0.4597222222222222 0.33209876543209876 0.05555555555555555 0.09135802469135802
1 0.4930555555555556 0.6851851851851852 0.05 0.10123456790123457
1 0.7381944444444445 0.337037037037037 0.05138888888888889 0.0962962962962963
1 0.12916666666666668 0.38395061728395063 0.05277777777777778 0.10123456790123457
1 0.30069444444444443 0.5728395061728395 0.0625 0.08888888888888889
1 0.5493055555555556 0.5506172839506173 0.06527777777777778 0.10864197530864197
1 0.35694444444444445 0.6345679012345679 0.05277777777777778 0.08395061728395062
1 0.6145833333333334 0.3308641975308642 0.05416666666666667 0.1037037037037037
1 0.6395833333333333 0.3765432098765432 0.05694444444444444 0.0962962962962963
1 0.6951388888888889 0.41358024691358025 0.05694444444444444 0.1111111111111111
1 0.14305555555555555 0.08148148148148149 0.05 0.0691358024691358
3 0.7138888888888889 0.5839506172839506 0.08611111111111111 0.11604938271604938
3 0.31319444444444444 0.7987654320987654 0.09583333333333334 0.1259259259259259
3 0.5118055555555555 0.8197530864197531 0.06527777777777778 0.1037037037037037
1 0.42777777777777776 0.06296296296296296 0.05 0.07160493827160494
1 0.3263888888888889 0.12962962962962962 0.05 0.07160493827160494