1 0.29661458333333335 0.5393518518518519 0.05260416666666667 0.08611111111111111
1 0.3411458333333333 0.5055555555555555 0.03958333333333333 0.06851851851851852
1 0.14947916666666666 0.8050925925925926 0.06666666666666667 0.10092592592592593
1 0.40338541666666666 0.387037037037037 0.030729166666666665 0.053703703703703705
1 0.017447916666666667 0.42824074074074076 0.033854166666666664 0.08425925925925926
1 0.2078125 0.6212962962962963 0.040625 0.07037037037037037
1 0.06171875 0.32407407407407407 0.03697916666666667 0.053703703703703705
1 0.39895833333333336 0.31805555555555554 0.03125 0.049074074074074076
1 0.6658854166666667 0.7689814814814815 0.03177083333333333 0.049074074074074076
1 0.2109375 0.5671296296296297 0.03854166666666667 0.06388888888888888
1 0.7471354166666667 0.8319444444444445 0.03177083333333333 0.05462962962962963
1 0.40078125 0.6421296296296296 0.025520833333333333 0.04537037037037037
1 0.33046875 0.6273148148148148 0.0296875 0.04722222222222222
3 0.11458333333333333 0.6884259259259259 0.078125 0.10277777777777777
3 0.03958333333333333 0.6925925925925925 0.07604166666666666 0.0962962962962963