0 0.6076822916666667 0.3625 0.07734375 0.11296296296296296
0 0.49895833333333334 0.36527777777777776 0.06666666666666667 0.1
1 0.06015625 0.23680555555555555 0.11614583333333334 0.15416666666666667
1 0.14140625 0.8067129629629629 0.215625 0.3726851851851852
1 0.661328125 0.05694444444444444 0.03567708333333333 0.05555555555555555
1 0.3860677083333333 0.10092592592592593 0.06953125 0.09166666666666666
1 0.496875 0.060648148148148145 0.0375 0.058333333333333334
3 0.6796875 0.13680555555555557 0.040625 0.06898148148148148
3 0.07942708333333333 0.40046296296296297 0.0765625 0.10277777777777777
3 0.6302083333333334 0.275 0.04479166666666667 0.049074074074074076
3 0.5524739583333333 0.1912037037037037 0.027864583333333335 0.041666666666666664
1 0.5216145833333333 0.12175925925925926 0.0375 0.058333333333333334
0 0.6329427083333333 0.24930555555555556 0.038802083333333334 0.07916666666666666