0 0.325 0.9419753086419753 0.1527777777777778 0.11604938271604938
1 0.3326388888888889 0.09876543209876543 0.08194444444444444 0.12839506172839507
1 0.22430555555555556 0.16419753086419753 0.0875 0.13580246913580246
1 0.5409722222222222 0.6654320987654321 0.07916666666666666 0.17037037037037037
1 0.16111111111111112 0.037037037037037035 0.09444444444444444 0.0691358024691358
1 0.04513888888888889 0.5925925925925926 0.09027777777777778 0.19753086419753085
1 0.4861111111111111 0.39012345679012345 0.08055555555555556 0.12345679012345678
1 0.6715277777777777 0.691358024691358 0.12361111111111112 0.23209876543209876
3 0.3145833333333333 0.8740740740740741 0.05138888888888889 0.1037037037037037
3 0.5555555555555556 0.1382716049382716 0.06388888888888888 0.09876543209876543
3 0.6833333333333333 0.09012345679012346 0.05555555555555555 0.07654320987654321