0 0.35598958333333336 0.8546296296296296 0.16197916666666667 0.24074074074074073
0 0.45208333333333334 0.8449074074074074 0.15104166666666666 0.08796296296296297
0 0.3919270833333333 0.7453703703703703 0.09114583333333333 0.11666666666666667
1 0.5705729166666667 0.3907407407407407 0.0296875 0.04814814814814815
1 0.5591145833333333 0.33240740740740743 0.034895833333333334 0.05185185185185185
1 0.6033854166666667 0.40879629629629627 0.034895833333333334 0.05277777777777778
3 0.5265625 0.47453703703703703 0.05416666666666667 0.075
1 0.5580729166666667 0.2833333333333333 0.034895833333333334 0.05185185185185185
1 0.57890625 0.3194444444444444 0.034895833333333334 0.05185185185185185
1 0.59765625 0.30277777777777776 0.034895833333333334 0.05185185185185185
1 0.66015625 0.5393518518518519 0.028645833333333332 0.05092592592592592
1 0.7294270833333333 0.46805555555555556 0.028645833333333332 0.05092592592592592
1 0.34088541666666666 0.2337962962962963 0.028645833333333332 0.05092592592592592