1 0.3690104166666667 0.42083333333333334 0.05572916666666667 0.09351851851851851
1 0.8536458333333333 0.19722222222222222 0.057291666666666664 0.09074074074074075
1 0.6505208333333333 0.4824074074074074 0.075 0.12407407407407407
1 0.47994791666666664 0.24166666666666667 0.050520833333333334 0.07407407407407407
1 0.30442708333333335 0.2361111111111111 0.049479166666666664 0.08703703703703704
1 0.6572916666666667 0.03935185185185185 0.0375 0.05092592592592592
1 0.478125 0.06527777777777778 0.029166666666666667 0.04722222222222222
3 0.4296875 0.4949074074074074 0.06041666666666667 0.07685185185185185
3 0.7692708333333333 0.46296296296296297 0.07708333333333334 0.1037037037037037
3 0.4244791666666667 0.6388888888888888 0.05625 0.09074074074074075
3 0.8111979166666666 0.13657407407407407 0.059895833333333336 0.062037037037037036
3 0.05520833333333333 0.45092592592592595 0.059375 0.07407407407407407
3 0.4734375 0.736574074074074 0.057291666666666664 0.1175925925925926