0 0.6618055555555555 0.2740740740740741 0.14027777777777778 0.1037037037037037
0 0.48333333333333334 0.13580246913580246 0.12777777777777777 0.1382716049382716
0 0.24027777777777778 0.8444444444444444 0.08055555555555556 0.23703703703703705
0 0.7215277777777778 0.5148148148148148 0.24861111111111112 0.18024691358024691
1 0.5909722222222222 0.6481481481481481 0.10972222222222222 0.18024691358024691
1 0.49930555555555556 0.4925925925925926 0.0875 0.14074074074074075
1 0.7472222222222222 0.6024691358024692 0.07222222222222222 0.11851851851851852
1 0.18055555555555555 0.33827160493827163 0.06388888888888888 0.09876543209876543
1 0.8708333333333333 0.22839506172839505 0.05277777777777778 0.08148148148148149
3 0.7777777777777778 0.037037037037037035 0.10277777777777777 0.0691358024691358
0 0.2048611111111111 0.9728395061728395 0.1597222222222222 0.05925925925925926