1 0.623828125 0.45069444444444445 0.037760416666666664 0.056018518518518516
1 0.9305989583333333 0.3993055555555556 0.03984375 0.056018518518518516
1 0.45078125 0.18703703703703703 0.04010416666666667 0.06018518518518518
1 0.5813802083333334 0.3699074074074074 0.04088541666666667 0.06759259259259259
1 0.49947916666666664 0.31875 0.0359375 0.05694444444444444
1 0.040234375 0.2125 0.07890625 0.14074074074074075
1 0.6102864583333333 0.32430555555555557 0.02421875 0.043055555555555555
1 0.563671875 0.5824074074074074 0.07057291666666667 0.10833333333333334
1 0.28854166666666664 0.07523148148148148 0.030208333333333334 0.03935185185185185
1 0.4119791666666667 0.10625 0.025520833333333333 0.034722222222222224
1 0.56484375 0.1863425925925926 0.027083333333333334 0.04027777777777778
1 0.33515625 0.07314814814814814 0.041666666666666664 0.044444444444444446
1 0.6670572916666667 0.23217592592592592 0.01953125 0.031018518518518518
1 0.48541666666666666 0.07361111111111111 0.023958333333333335 0.03518518518518519
1 0.816796875 0.538425925925926 0.02890625 0.03796296296296296
1 0.6578125 0.19189814814814815 0.025520833333333333 0.0375
3 0.311328125 0.20277777777777778 0.07161458333333333 0.07314814814814814
3 0.9786458333333333 0.5192129629629629 0.04114583333333333 0.07268518518518519
1 0.7485677083333333 0.22523148148148148 0.01953125 0.031018518518518518
1 0.7428385416666666 0.16875 0.01953125 0.031018518518518518
1 0.787890625 0.1849537037037037 0.01953125 0.031018518518518518
1 0.800390625 0.22708333333333333 0.01953125 0.031018518518518518
1 0.891796875 0.25949074074074074 0.01953125 0.031018518518518518
1 0.962109375 0.2553240740740741 0.01953125 0.031018518518518518
1 0.9537760416666666 0.2196759259259259 0.01953125 0.031018518518518518
1 0.9859375 0.45810185185185187 0.028645833333333332 0.052314814814814814