1 0.5490885416666667 0.5023148148148148 0.03463541666666667 0.05185185185185185
1 0.3944010416666667 0.637962962962963 0.04192708333333333 0.06666666666666667
1 0.068359375 0.5155092592592593 0.03671875 0.05416666666666667
1 0.344140625 0.5263888888888889 0.04192708333333333 0.058333333333333334
1 0.14934895833333334 0.6414351851851852 0.03203125 0.047685185185185185
1 0.6251302083333333 0.5298611111111111 0.02890625 0.04861111111111111
1 0.018098958333333335 0.4668981481481482 0.03411458333333333 0.05324074074074074
1 0.24908854166666666 0.5877314814814815 0.02734375 0.038425925925925926
1 0.48333333333333334 0.4532407407407407 0.03229166666666667 0.053703703703703705
1 0.30299479166666665 0.6291666666666667 0.04505208333333333 0.06666666666666667
1 0.51875 0.40069444444444446 0.020833333333333332 0.033796296296296297
1 0.307421875 0.5435185185185185 0.02421875 0.030555555555555555
1 0.27513020833333335 0.6168981481481481 0.03515625 0.052314814814814814
1 0.4166666666666667 0.4601851851851852 0.028125 0.04722222222222222
1 0.43854166666666666 0.47476851851851853 0.028645833333333332 0.05324074074074074
1 0.46393229166666666 0.4414351851851852 0.02265625 0.04027777777777778
3 0.45286458333333335 0.6094907407407407 0.036458333333333336 0.04027777777777778
3 0.6544270833333333 0.55625 0.030729166666666665 0.04675925925925926
3 0.6126302083333334 0.5875 0.02421875 0.03518518518518519
3 0.5942708333333333 0.5303240740740741 0.0390625 0.03935185185185185
3 0.013932291666666667 0.8208333333333333 0.026302083333333334 0.037037037037037035
1 0.5540364583333334 0.5277777777777778 0.03359375 0.04351851851851852
1 0.28997395833333334 0.5398148148148149 0.02421875 0.030555555555555555
1 0.29153645833333336 0.4949074074074074 0.02421875 0.030555555555555555
1 0.34205729166666665 0.49212962962962964 0.02421875 0.030555555555555555
1 0.6975260416666667 0.562962962962963 0.02421875 0.030555555555555555