1 0.5055555555555555 0.9444444444444444 0.05555555555555555 0.0962962962962963
1 0.32569444444444445 0.7444444444444445 0.043055555555555555 0.08148148148148149
1 0.23819444444444443 0.7691358024691358 0.05694444444444444 0.09135802469135802
1 0.31319444444444444 0.6382716049382716 0.04583333333333333 0.07160493827160494
1 0.025694444444444443 0.8382716049382716 0.05138888888888889 0.0962962962962963
1 0.3763888888888889 0.7246913580246913 0.044444444444444446 0.07654320987654321
1 0.06944444444444445 0.9271604938271605 0.075 0.0962962962962963
1 0.42083333333333334 0.32469135802469135 0.03611111111111111 0.06172839506172839
1 0.36944444444444446 0.3358024691358025 0.03611111111111111 0.07407407407407407
1 0.5138888888888888 0.3802469135802469 0.03611111111111111 0.06419753086419754
1 0.5645833333333333 0.27283950617283953 0.034722222222222224 0.06172839506172839
3 0.6180555555555556 0.9049382716049382 0.06666666666666667 0.1111111111111111
3 0.19652777777777777 0.9111111111111111 0.08194444444444444 0.07407407407407407