0 0.4722222222222222 0.45555555555555555 0.2833333333333333 0.18518518518518517
1 0.8354166666666667 0.05925925925925926 0.14027777777777778 0.11358024691358025
1 0.08819444444444445 0.9481481481481482 0.13472222222222222 0.1037037037037037
1 0.9652777777777778 0.12469135802469136 0.06944444444444445 0.23950617283950618
1 0.34097222222222223 0.8901234567901235 0.2569444444444444 0.22469135802469137
2 0.8604166666666667 0.4901234567901235 0.1986111111111111 0.30864197530864196
2 0.4673611111111111 0.19753086419753085 0.12083333333333333 0.1580246913580247
2 0.7361111111111112 0.671604938271605 0.19166666666666668 0.3308641975308642
2 0.6743055555555556 0.8679012345679012 0.22361111111111112 0.2691358024691358
2 0.32430555555555557 0.8641975308641975 0.1986111111111111 0.2518518518518518
2 0.9493055555555555 0.6888888888888889 0.10138888888888889 0.32098765432098764
2 0.98125 0.145679012345679 0.04027777777777778 0.2123456790123457