1 0.4756944444444444 0.6777777777777778 0.05138888888888889 0.08148148148148149
1 0.5284722222222222 0.6506172839506172 0.04861111111111111 0.07160493827160494
1 0.8569444444444444 0.4580246913580247 0.04722222222222222 0.06666666666666667
1 0.5638888888888889 0.725925925925926 0.06388888888888888 0.11358024691358025
1 0.91875 0.4185185185185185 0.04861111111111111 0.07160493827160494
1 0.38472222222222224 0.6197530864197531 0.044444444444444446 0.06419753086419754
1 0.6770833333333334 0.43333333333333335 0.04027777777777778 0.06172839506172839
1 0.2826388888888889 0.7111111111111111 0.043055555555555555 0.0691358024691358
3 0.22291666666666668 0.8419753086419753 0.06527777777777778 0.09382716049382717
3 0.5555555555555556 0.8691358024691358 0.075 0.11358024691358025
3 0.6527777777777778 0.5679012345679012 0.041666666666666664 0.05925925925925926
3 0.6548611111111111 0.7765432098765432 0.043055555555555555 0.07160493827160494
3 0.7298611111111111 0.6444444444444445 0.04027777777777778 0.0691358024691358