1 0.11171875 0.3976851851851852 0.0828125 0.1111111111111111
1 0.904296875 0.41388888888888886 0.053385416666666664 0.06666666666666667
1 0.27877604166666664 0.24583333333333332 0.045572916666666664 0.05925925925925926
1 0.3380208333333333 0.28125 0.04114583333333333 0.0587962962962963
1 0.20833333333333334 0.21180555555555555 0.042708333333333334 0.06342592592592593
1 0.757421875 0.4111111111111111 0.04088541666666667 0.0712962962962963
1 0.64453125 0.3659722222222222 0.041666666666666664 0.06898148148148148
1 0.7970052083333333 0.43125 0.04453125 0.06712962962962964
1 0.74921875 0.4398148148148148 0.0453125 0.06759259259259259
1 0.8276041666666667 0.29814814814814816 0.044270833333333336 0.05555555555555555
1 0.48528645833333334 0.14282407407407408 0.03046875 0.05138888888888889
1 0.3846354166666667 0.25462962962962965 0.03125 0.04814814814814815
1 0.544921875 0.34467592592592594 0.05234375 0.06342592592592593
1 0.19609375 0.16550925925925927 0.04375 0.04861111111111111
1 0.149609375 0.14560185185185184 0.03411458333333333 0.04953703703703704
1 0.5657552083333334 0.368287037037037 0.04869791666666667 0.06805555555555555
3 0.3458333333333333 0.3398148148148148 0.03333333333333333 0.03611111111111111
3 0.17447916666666666 0.22777777777777777 0.05260416666666667 0.046296296296296294
3 0.6950520833333333 0.3287037037037037 0.03854166666666667 0.04537037037037037
3 0.7638020833333333 0.31666666666666665 0.033854166666666664 0.032407407407407406
1 0.7102864583333334 0.28171296296296294 0.028385416666666666 0.03287037037037037
1 0.797265625 0.2150462962962963 0.028385416666666666 0.03287037037037037
1 0.8165364583333333 0.16597222222222222 0.028385416666666666 0.03287037037037037
1 0.883203125 0.1613425925925926 0.028385416666666666 0.03287037037037037
1 0.744140625 0.14282407407407408 0.028385416666666666 0.03287037037037037
1 0.7001302083333333 0.09560185185185185 0.028385416666666666 0.03287037037037037
1 0.6748697916666667 0.11319444444444444 0.028385416666666666 0.03287037037037037
1 0.6678385416666667 0.14791666666666667 0.028385416666666666 0.03287037037037037
1 0.7774739583333333 0.12939814814814815 0.028385416666666666 0.03287037037037037
1 0.300390625 0.15208333333333332 0.03411458333333333 0.04953703703703704
1 0.36028645833333334 0.1622685185185185 0.03411458333333333 0.04953703703703704