0 0.5673611111111111 0.7160493827160493 0.12916666666666668 0.16296296296296298
0 0.9090277777777778 0.4777777777777778 0.05416666666666667 0.24938271604938272
0 0.8784722222222222 0.2839506172839506 0.05694444444444444 0.17777777777777778
1 0.5819444444444445 0.6234567901234568 0.1 0.15555555555555556
1 0.4465277777777778 0.5987654320987654 0.09861111111111111 0.17037037037037037
1 0.19791666666666666 0.050617283950617285 0.10416666666666667 0.0962962962962963
1 0.3701388888888889 0.4382716049382716 0.12361111111111112 0.19012345679012346
1 0.6791666666666667 0.9382716049382716 0.1361111111111111 0.11851851851851852
1 0.06319444444444444 0.43209876543209874 0.12361111111111112 0.34074074074074073
1 0.3034722222222222 0.044444444444444446 0.09861111111111111 0.08395061728395062
1 0.07847222222222222 0.11728395061728394 0.14583333333333334 0.1654320987654321
1 0.38055555555555554 0.945679012345679 0.125 0.10864197530864197
1 0.21388888888888888 0.26049382716049385 0.11388888888888889 0.2691358024691358
1 0.48680555555555555 0.043209876543209874 0.10416666666666667 0.08148148148148149
1 0.06111111111111111 0.040740740740740744 0.11388888888888889 0.07654320987654321
3 0.24027777777777778 0.5506172839506173 0.08611111111111111 0.16296296296296298
3 0.7055555555555556 0.6345679012345679 0.10833333333333334 0.21728395061728395
3 0.33055555555555555 0.7271604938271605 0.14444444444444443 0.3234567901234568
3 0.14305555555555555 0.6308641975308642 0.1527777777777778 0.25925925925925924
3 0.3368055555555556 0.12222222222222222 0.0875 0.15555555555555556
3 0.7215277777777778 0.8481481481481481 0.09861111111111111 0.16049382716049382
3 0.9458333333333333 0.345679012345679 0.08333333333333333 0.12345679012345678
3 0.4388888888888889 0.1814814814814815 0.10277777777777777 0.14074074074074075
3 0.35555555555555557 0.2654320987654321 0.1388888888888889 0.17530864197530865
3 0.41597222222222224 0.04938271604938271 0.07916666666666666 0.09382716049382717
3 0.8826388888888889 0.7876543209876543 0.09027777777777778 0.17777777777777778
3 0.6944444444444444 0.24444444444444444 0.06666666666666667 0.10864197530864197