0 0.24296875 0.4476851851851852 0.058854166666666666 0.18981481481481483
1 0.43411458333333336 0.8652777777777778 0.043229166666666666 0.0824074074074074
1 0.8880208333333334 0.8324074074074074 0.05 0.07592592592592592
1 0.42109375 0.2671296296296296 0.0578125 0.10833333333333334
1 0.45651041666666664 0.425462962962963 0.044270833333333336 0.08796296296296297
1 0.31744791666666666 0.4388888888888889 0.07239583333333334 0.1259259259259259
1 0.8432291666666667 0.6625 0.03854166666666667 0.058333333333333334
1 0.5075520833333333 0.16064814814814815 0.03177083333333333 0.06759259259259259
1 0.8098958333333334 0.6041666666666666 0.03854166666666667 0.058333333333333334
1 0.7875 0.5726851851851852 0.03854166666666667 0.058333333333333334
1 0.7203125 0.4986111111111111 0.03854166666666667 0.058333333333333334
1 0.7026041666666667 0.42268518518518516 0.03854166666666667 0.058333333333333334
1 0.45286458333333335 0.03425925925925926 0.03177083333333333 0.06666666666666667