0 0.7361111111111112 0.04567901234567901 0.06666666666666667 0.08148148148148149
1 0.33194444444444443 0.06296296296296296 0.07222222222222222 0.12098765432098765
1 0.42777777777777776 0.3802469135802469 0.1 0.21728395061728395
1 0.6506944444444445 0.9308641975308642 0.13194444444444445 0.13333333333333333
1 0.8958333333333334 0.18765432098765433 0.07222222222222222 0.08888888888888889
1 0.6965277777777777 0.5209876543209877 0.16805555555555557 0.30617283950617286
1 0.81875 0.3851851851851852 0.13194444444444445 0.2518518518518518
1 0.6951388888888889 0.21851851851851853 0.1375 0.14074074074074075
1 0.6722222222222223 0.23580246913580247 0.09444444444444444 0.10617283950617284
3 0.3298611111111111 0.3506172839506173 0.09583333333333334 0.18271604938271604
3 0.5479166666666667 0.3308641975308642 0.09583333333333334 0.13333333333333333