1 0.40911458333333334 0.6087962962962963 0.0421875 0.0712962962962963
1 0.8744791666666667 0.2 0.06145833333333333 0.09259259259259259
1 0.5283854166666667 0.9402777777777778 0.0609375 0.10462962962962963
1 0.484375 0.1527777777777778 0.03229166666666667 0.06296296296296296
1 0.5859375 0.9560185185185185 0.06666666666666667 0.08055555555555556
1 0.465625 0.23472222222222222 0.03125 0.058333333333333334
1 0.9588541666666667 0.14074074074074075 0.06770833333333333 0.08888888888888889
1 0.7442708333333333 0.2851851851851852 0.04375 0.06481481481481481
1 0.7158854166666667 0.412962962962963 0.0453125 0.07407407407407407
1 0.5408854166666667 0.5300925925925926 0.03697916666666667 0.06944444444444445
1 0.6713541666666667 0.4166666666666667 0.042708333333333334 0.07407407407407407
1 0.48411458333333335 0.39351851851851855 0.0359375 0.06111111111111111
1 0.46901041666666665 0.3111111111111111 0.0265625 0.053703703703703705
1 0.44479166666666664 0.3101851851851852 0.023958333333333335 0.04814814814814815
1 0.5630208333333333 0.13935185185185187 0.03958333333333333 0.06759259259259259
3 0.76796875 0.8138888888888889 0.0640625 0.08148148148148149
1 0.40546875 0.5162037037037037 0.024479166666666666 0.049074074074074076
1 0.25729166666666664 0.6754629629629629 0.021875 0.032407407407407406
1 0.23229166666666667 0.6995370370370371 0.021875 0.032407407407407406
1 0.21875 0.7606481481481482 0.021875 0.032407407407407406
1 0.19166666666666668 0.749537037037037 0.021875 0.032407407407407406
1 0.19739583333333333 0.6986111111111111 0.021875 0.032407407407407406
1 0.2598958333333333 0.6365740740740741 0.021875 0.032407407407407406
1 0.7416666666666667 0.16296296296296298 0.03229166666666667 0.053703703703703705
1 0.7950520833333333 0.12453703703703704 0.025520833333333333 0.04537037037037037
1 0.76328125 0.1037037037037037 0.025520833333333333 0.046296296296296294
1 0.6502604166666667 0.2125 0.025520833333333333 0.04537037037037037
1 0.6778645833333333 0.19027777777777777 0.025520833333333333 0.04537037037037037
1 0.6372395833333333 0.15601851851851853 0.025520833333333333 0.04537037037037037
1 0.5567708333333333 0.29768518518518516 0.026041666666666668 0.04537037037037037