1 0.7145833333333333 0.8469135802469135 0.08194444444444444 0.14320987654320988
1 0.6111111111111112 0.36419753086419754 0.06111111111111111 0.10617283950617284
1 0.04722222222222222 0.8876543209876543 0.08611111111111111 0.14074074074074075
1 0.42986111111111114 0.6061728395061728 0.08194444444444444 0.1259259259259259
1 0.8604166666666667 0.5802469135802469 0.06527777777777778 0.09876543209876543
1 0.3729166666666667 0.043209876543209874 0.0763888888888889 0.08148148148148149
1 0.9756944444444444 0.5135802469135803 0.04861111111111111 0.13333333333333333
1 0.4152777777777778 0.9061728395061729 0.1111111111111111 0.17777777777777778
1 0.5 0.7234567901234568 0.03888888888888889 0.05925925925925926
1 0.019444444444444445 0.782716049382716 0.03611111111111111 0.10864197530864197
3 0.7194444444444444 0.4765432098765432 0.10555555555555556 0.16790123456790124
3 0.3326388888888889 0.5950617283950618 0.08194444444444444 0.12839506172839507
3 0.6555555555555556 0.20246913580246914 0.08055555555555556 0.11851851851851852
3 0.3819444444444444 0.7333333333333333 0.075 0.11851851851851852
3 0.07847222222222222 0.42098765432098767 0.0875 0.12098765432098765
3 0.44583333333333336 0.08518518518518518 0.07777777777777778 0.11604938271604938
3 0.48125 0.9469135802469136 0.08472222222222223 0.10123456790123457
3 0.4409722222222222 0.4604938271604938 0.059722222222222225 0.09135802469135802
3 0.79375 0.4654320987654321 0.07083333333333333 0.1111111111111111
3 0.30277777777777776 0.15679012345679014 0.075 0.09135802469135802
3 0.6333333333333333 0.908641975308642 0.09166666666666666 0.16296296296296298
3 0.8340277777777778 0.6950617283950618 0.09861111111111111 0.1506172839506173
3 0.9104166666666667 0.05925925925925926 0.08194444444444444 0.1037037037037037
3 0.775 0.8641975308641975 0.07222222222222222 0.19753086419753085
3 0.8090277777777778 0.34444444444444444 0.10694444444444444 0.145679012345679
3 0.8965277777777778 0.5382716049382716 0.0875 0.14814814814814814
3 0.5722222222222222 0.30864197530864196 0.06944444444444445 0.09382716049382717
3 0.9590277777777778 0.13209876543209875 0.06527777777777778 0.08641975308641975