1 0.10052083333333334 0.4023148148148148 0.0671875 0.0787037037037037
1 0.41875 0.33611111111111114 0.04479166666666667 0.06666666666666667
1 0.8666666666666667 0.48680555555555555 0.044270833333333336 0.06527777777777778
1 0.462890625 0.5951388888888889 0.062239583333333334 0.09953703703703703
1 0.33125 0.2826388888888889 0.034375 0.05138888888888889
1 0.6046875 0.2861111111111111 0.03229166666666667 0.05092592592592592
1 0.4513020833333333 0.46597222222222223 0.0515625 0.07268518518518519
1 0.4845052083333333 0.42291666666666666 0.038802083333333334 0.05694444444444444
1 0.6565104166666667 0.3300925925925926 0.03333333333333333 0.04814814814814815
1 0.9376302083333333 0.5210648148148148 0.045572916666666664 0.06342592592592593
1 0.38255208333333335 0.24537037037037038 0.0328125 0.04722222222222222
1 0.6744791666666666 0.45902777777777776 0.05520833333333333 0.07268518518518519
1 0.748828125 0.3761574074074074 0.028385416666666666 0.04212962962962963
3 0.7063802083333334 0.45625 0.040364583333333336 0.05138888888888889
1 0.4454427083333333 0.2465277777777778 0.01953125 0.031018518518518518
1 0.5182291666666666 0.24837962962962962 0.019270833333333334 0.031018518518518518
1 0.5192708333333333 0.2011574074074074 0.019270833333333334 0.031018518518518518
1 0.484375 0.18819444444444444 0.019270833333333334 0.031018518518518518
1 0.43046875 0.17291666666666666 0.019270833333333334 0.031018518518518518
1 0.41328125 0.1960648148148148 0.019270833333333334 0.031018518518518518
1 0.38203125 0.1863425925925926 0.019270833333333334 0.031018518518518518
1 0.33359375 0.16319444444444445 0.019270833333333334 0.031018518518518518
1 0.35859375 0.15486111111111112 0.019270833333333334 0.031018518518518518
1 0.24114583333333334 0.19745370370370371 0.019270833333333334 0.031018518518518518
1 0.20911458333333333 0.18541666666666667 0.019270833333333334 0.031018518518518518
1 0.6895833333333333 0.19328703703703703 0.019270833333333334 0.031018518518518518
1 0.6951822916666667 0.07268518518518519 0.025260416666666667 0.03518518518518519
1 0.7115885416666666 0.017824074074074076 0.025260416666666667 0.034722222222222224
1 0.7748697916666667 0.3849537037037037 0.028385416666666666 0.04212962962962963
1 0.8134114583333333 0.20439814814814813 0.028385416666666666 0.04212962962962963
1 0.8217447916666667 0.08449074074074074 0.028385416666666666 0.04212962962962963
1 0.751953125 0.07800925925925926 0.028385416666666666 0.04212962962962963
1 0.7760416666666666 0.16064814814814815 0.021354166666666667 0.03148148148148148
1 0.7677083333333333 0.18055555555555555 0.021354166666666667 0.03148148148148148
1 0.9774739583333333 0.5354166666666667 0.045572916666666664 0.06342592592592593