0 0.9381944444444444 0.27283950617283953 0.12638888888888888 0.34814814814814815
0 0.79375 0.09135802469135802 0.15694444444444444 0.17777777777777778
0 0.22152777777777777 0.5975308641975309 0.0875 0.23209876543209876
0 0.8951388888888889 0.828395061728395 0.20416666666666666 0.3432098765432099
0 0.19236111111111112 0.35802469135802467 0.11805555555555555 0.11358024691358025
0 0.1076388888888889 0.30246913580246915 0.10138888888888889 0.12098765432098765
0 0.034722222222222224 0.5296296296296297 0.06666666666666667 0.18024691358024691
0 0.36875 0.08024691358024691 0.09027777777777778 0.1259259259259259
1 0.47430555555555554 0.3160493827160494 0.13472222222222222 0.1925925925925926
1 0.20208333333333334 0.2740740740740741 0.10972222222222222 0.14320987654320988
1 0.10694444444444444 0.42592592592592593 0.13055555555555556 0.19012345679012346
1 0.11041666666666666 0.8555555555555555 0.21805555555555556 0.2938271604938272
1 0.40069444444444446 0.2111111111111111 0.10416666666666667 0.15555555555555556
1 0.88125 0.6024691358024692 0.23194444444444445 0.3012345679012346
1 0.4979166666666667 0.11975308641975309 0.16527777777777777 0.21975308641975308
1 0.8763888888888889 0.19382716049382717 0.18333333333333332 0.28888888888888886
1 0.13402777777777777 0.6358024691358025 0.1486111111111111 0.2691358024691358
1 0.7076388888888889 0.837037037037037 0.30694444444444446 0.3160493827160494
1 0.6444444444444445 0.35432098765432096 0.16111111111111112 0.23950617283950618
1 0.6173611111111111 0.23580246913580247 0.12916666666666668 0.19012345679012346
1 0.021527777777777778 0.7012345679012346 0.04027777777777778 0.16296296296296298
1 0.20833333333333334 0.08148148148148149 0.14166666666666666 0.14814814814814814
1 0.06180555555555556 0.1617283950617284 0.10972222222222222 0.16049382716049382
2 0.5423611111111111 0.5061728395061729 0.16527777777777777 0.2123456790123457
2 0.3 0.14320987654320988 0.08055555555555556 0.10864197530864197
2 0.5923611111111111 0.050617283950617285 0.13194444444444445 0.0962962962962963
2 0.19652777777777777 0.9641975308641976 0.12361111111111112 0.07654320987654321